scorer,DLC_resnet50_cb4_networkMar13shuffle1_200000,DLC_resnet50_cb4_networkMar13shuffle1_200000,DLC_resnet50_cb4_networkMar13shuffle1_200000,DLC_resnet50_cb4_networkMar13shuffle1_200000,DLC_resnet50_cb4_networkMar13shuffle1_200000,DLC_resnet50_cb4_networkMar13shuffle1_200000,DLC_resnet50_cb4_networkMar13shuffle1_200000,DLC_resnet50_cb4_networkMar13shuffle1_200000,DLC_resnet50_cb4_networkMar13shuffle1_200000,DLC_resnet50_cb4_networkMar13shuffle1_200000,DLC_resnet50_cb4_networkMar13shuffle1_200000,DLC_resnet50_cb4_networkMar13shuffle1_200000,DLC_resnet50_cb4_networkMar13shuffle1_200000,DLC_resnet50_cb4_networkMar13shuffle1_200000,DLC_resnet50_cb4_networkMar13shuffle1_200000
bodyparts,ASIS,ASIS,ASIS,Hip,Hip,Hip,Knee,Knee,Knee,Ankle,Ankle,Ankle,Toe,Toe,Toe
coords,x,y,likelihood,x,y,likelihood,x,y,likelihood,x,y,likelihood,x,y,likelihood
0,1131.014404296875,331.81549072265625,0.9573242664337158,1010.8306884765625,393.4952087402344,0.9854660630226135,1118.2044677734375,510.614501953125,0.865908145904541,875.9417724609375,462.53448486328125,0.9591406583786011,833.853515625,562.1866455078125,0.8755970597267151
1,1131.010986328125,332.2790222167969,0.9581172466278076,1012.1692504882812,393.39599609375,0.9885495901107788,1120.8885498046875,511.1236877441406,0.8734074234962463,877.134521484375,463.2754211425781,0.9544937610626221,830.6246948242188,562.54052734375,0.8907005190849304
2,1131.141357421875,332.5921325683594,0.9580605626106262,1013.1815795898438,393.60400390625,0.9886860251426697,1121.0477294921875,511.36993408203125,0.8803943395614624,877.1416015625,464.6098937988281,0.9585793614387512,827.2298583984375,561.8634033203125,0.890957236289978
3,1131.34716796875,332.60198974609375,0.9626713395118713,1014.0421142578125,393.6313171386719,0.9880934357643127,1120.970703125,511.4518127441406,0.8739950656890869,878.3323974609375,466.0016784667969,0.9558311700820923,823.0545043945312,562.9334716796875,0.8653762340545654
4,1131.8446044921875,332.45458984375,0.9656270742416382,1014.7723388671875,393.6737060546875,0.9879403114318848,1121.5693359375,511.52679443359375,0.8733687400817871,878.8523559570312,467.9872741699219,0.9673665761947632,820.537353515625,561.6119995117188,0.9253070950508118
5,1131.99853515625,331.6227722167969,0.9638902544975281,1015.2767944335938,393.7806701660156,0.9863437414169312,1121.827392578125,511.5762634277344,0.8879169225692749,880.1234741210938,469.7001953125,0.9576411247253418,818.7244262695312,559.3901977539062,0.9194365739822388
6,1131.8533935546875,330.649169921875,0.9679157733917236,1015.4963989257812,393.93792724609375,0.9849964380264282,1123.0771484375,512.2710571289062,0.887215256690979,879.5331420898438,472.15399169921875,0.9596434831619263,814.9886474609375,562.3671264648438,0.8813832998275757
7,1131.9088134765625,329.7883605957031,0.9619865417480469,1015.669189453125,393.95721435546875,0.9862358570098877,1122.2108154296875,511.1330261230469,0.9018951654434204,879.0388793945312,473.5559387207031,0.9798446893692017,812.437744140625,559.6396484375,0.901714563369751
8,1130.7315673828125,327.9621887207031,0.9696333408355713,1015.73876953125,393.974365234375,0.9851165413856506,1122.891357421875,511.1389465332031,0.9184134006500244,878.8535766601562,474.95989990234375,0.9712022542953491,807.630126953125,560.179931640625,0.9050683975219727
9,1130.1949462890625,326.3854675292969,0.9734548926353455,1015.67626953125,393.9571533203125,0.9854766130447388,1122.360107421875,510.61090087890625,0.9149420261383057,881.6818237304688,474.1180725097656,0.9446342587471008,802.7530517578125,560.2263793945312,0.9425386190414429
10,1129.447509765625,325.1655578613281,0.9790292978286743,1015.43310546875,393.9016418457031,0.9853898286819458,1123.24560546875,510.26416015625,0.9432660341262817,878.8402099609375,475.96295166015625,0.9187434911727905,801.5288696289062,559.2273559570312,0.928848385810852
11,1128.70654296875,323.7130432128906,0.9806582927703857,1015.0453491210938,393.5520324707031,0.9845754504203796,1122.5335693359375,509.3233642578125,0.9429101347923279,878.1199340820312,476.7521057128906,0.9058496952056885,799.1425170898438,560.5347900390625,0.914333701133728
12,1128.515869140625,322.3947448730469,0.979584813117981,1014.972412109375,392.8284912109375,0.9829607009887695,1122.5013427734375,508.6128234863281,0.9407520294189453,878.5169067382812,477.0367431640625,0.8832339644432068,797.3463134765625,560.0402221679688,0.9233098030090332
13,1128.59423828125,321.0282897949219,0.9719874262809753,1014.779296875,392.4775390625,0.9808199405670166,1122.9913330078125,507.58111572265625,0.9291698932647705,877.2064819335938,478.49609375,0.9012835621833801,796.0293579101562,559.4527587890625,0.9328774213790894
14,1128.932373046875,319.3131103515625,0.9637082815170288,1014.7935791015625,391.0965881347656,0.9774156808853149,1123.892333984375,506.5113525390625,0.9420468807220459,877.1519165039062,478.9498596191406,0.9140368700027466,794.2029418945312,558.4385986328125,0.9172330498695374
15,1129.43408203125,318.18170166015625,0.953544020652771,1014.7514038085938,390.26837158203125,0.9795777797698975,1125.1533203125,505.6861877441406,0.9344198703765869,878.546142578125,478.8907775878906,0.9241036176681519,793.8377685546875,557.7230224609375,0.9316875338554382
16,1129.9515380859375,316.98284912109375,0.9568854570388794,1014.7943725585938,389.36724853515625,0.9804471731185913,1126.2276611328125,504.9637451171875,0.9118983149528503,882.24169921875,478.2616882324219,0.9318624138832092,794.3963623046875,557.7615356445312,0.9374027252197266
17,1130.6434326171875,316.0601501464844,0.962273895740509,1014.921142578125,388.697021484375,0.9817768931388855,1130.512939453125,502.852783203125,0.9157243967056274,883.5667724609375,477.7314147949219,0.965949296951294,796.35107421875,556.922607421875,0.9466907978057861
18,1131.3740234375,315.1982727050781,0.9626743793487549,1015.0620727539062,387.880859375,0.9824924468994141,1131.6031494140625,502.27606201171875,0.908197820186615,885.2501831054688,477.4466247558594,0.9765515923500061,797.0570068359375,556.2927856445312,0.9630383253097534
19,1132.2305908203125,314.1270751953125,0.9627035856246948,1015.0580444335938,387.0533447265625,0.9852031469345093,1133.4669189453125,501.8290100097656,0.9084804058074951,885.9140625,476.9375,0.9813405275344849,799.0744018554688,555.6520385742188,0.955119252204895
20,1132.4012451171875,313.2359924316406,0.9640137553215027,1015.2651977539062,386.11517333984375,0.9857935905456543,1133.9224853515625,501.3975830078125,0.906941294670105,887.3618774414062,475.4501037597656,0.9811241626739502,800.2813720703125,556.2330932617188,0.9527543783187866
21,1132.6636962890625,310.995361328125,0.9740539193153381,1016.3856811523438,385.0802917480469,0.9865193367004395,1137.3055419921875,500.9388427734375,0.9299271106719971,888.6586303710938,474.4837341308594,0.972355842590332,801.0086059570312,556.4386596679688,0.9418749809265137
22,1132.8919677734375,309.6453552246094,0.9775881767272949,1016.6195068359375,384.154541015625,0.9869406223297119,1139.25244140625,500.4646911621094,0.9482681751251221,891.3259887695312,474.533935546875,0.9687243700027466,802.5455932617188,557.722412109375,0.9424564242362976
23,1133.5697021484375,308.939697265625,0.9774379730224609,1016.9541015625,383.5984802246094,0.9861947298049927,1140.5145263671875,499.97747802734375,0.9519717693328857,892.2363891601562,473.50067138671875,0.9752135276794434,806.1253662109375,559.3698120117188,0.9357823729515076
24,1133.733642578125,308.1100769042969,0.9748677015304565,1017.5491943359375,382.9669189453125,0.9870156049728394,1141.53515625,499.45098876953125,0.9523361921310425,894.0234375,469.721435546875,0.9713847637176514,812.6434936523438,561.4034423828125,0.9474599361419678
25,1133.783447265625,307.50537109375,0.9784775972366333,1018.0599975585938,382.8540954589844,0.9874289035797119,1142.3218994140625,499.2577209472656,0.9533779621124268,900.6383666992188,465.4836730957031,0.9704940319061279,823.3941650390625,559.6260375976562,0.9094337224960327
26,1133.8502197265625,307.2644348144531,0.9800320863723755,1018.4296875,382.08551025390625,0.9871689081192017,1146.52978515625,498.471923828125,0.9347641468048096,902.9507446289062,461.68109130859375,0.9695069789886475,835.3307495117188,561.1295166015625,0.9473644495010376
27,1133.959716796875,306.4914855957031,0.9790072441101074,1018.9588623046875,381.590576171875,0.9863941073417664,1148.2869873046875,498.34295654296875,0.9330500364303589,909.6698608398438,459.6463928222656,0.9452919363975525,850.5299682617188,560.9533081054688,0.9615325927734375
28,1134.1324462890625,306.0564880371094,0.9809284210205078,1019.054931640625,381.046142578125,0.9844014644622803,1149.436279296875,498.50653076171875,0.9296386241912842,913.8377685546875,455.0406188964844,0.9316129088401794,867.1035766601562,561.265869140625,0.9661067724227905
29,1133.8260498046875,305.62188720703125,0.9812591075897217,1019.1728515625,380.59722900390625,0.9856536388397217,1150.798828125,498.0652770996094,0.9169241786003113,917.528564453125,450.9967346191406,0.959104061126709,884.0962524414062,561.9115600585938,0.9570077657699585
30,1133.7911376953125,304.7985534667969,0.9802062511444092,1019.0658569335938,380.0962829589844,0.98728346824646,1154.524169921875,496.8561096191406,0.9398024082183838,920.073486328125,447.9153747558594,0.9390958547592163,899.6533813476562,561.6627807617188,0.9562849998474121
31,1133.824462890625,304.3460388183594,0.9803093075752258,1018.9577026367188,379.4931640625,0.9871736764907837,1155.5467529296875,498.00665283203125,0.9410839676856995,925.9161376953125,445.94537353515625,0.9527611136436462,913.7557373046875,558.9312133789062,0.9307528734207153
32,1134.0889892578125,303.7618713378906,0.974155068397522,1018.886474609375,379.13372802734375,0.9873617887496948,1156.17529296875,498.4825744628906,0.9517678022384644,928.785888671875,443.52191162109375,0.9686961770057678,928.5646362304688,554.5590209960938,0.898054838180542
33,1134.1964111328125,303.2484436035156,0.9687507152557373,1018.8842163085938,378.6441650390625,0.9861633777618408,1157.3565673828125,498.63336181640625,0.9579595327377319,930.1210327148438,441.75360107421875,0.979691743850708,936.6959838867188,553.8169555664062,0.86165452003479
34,1135.066650390625,302.19281005859375,0.971114993095398,1019.127197265625,378.0475769042969,0.9832961559295654,1157.666748046875,499.2384338378906,0.9603681564331055,932.7402954101562,439.8978271484375,0.9777189493179321,949.594482421875,552.5872802734375,0.9238251447677612
35,1135.34765625,301.8740539550781,0.9735217094421387,1019.3015747070312,377.66851806640625,0.9799211025238037,1158.6195068359375,498.9007568359375,0.9580084085464478,936.8768310546875,440.3414611816406,0.9668189883232117,960.2013549804688,548.1207885742188,0.8426073789596558
36,1135.76025390625,301.3756408691406,0.9766814708709717,1020.1683959960938,376.5410461425781,0.9761226177215576,1159.7010498046875,498.69952392578125,0.9424894452095032,940.480224609375,438.7695617675781,0.9701251983642578,971.7749633789062,546.3515625,0.9022799134254456
37,1135.9693603515625,301.3037414550781,0.9774747490882874,1020.4937133789062,376.4367370605469,0.975976824760437,1162.3585205078125,497.43133544921875,0.9349668622016907,944.133544921875,439.11444091796875,0.9579044580459595,981.309326171875,545.584228515625,0.8376278281211853
38,1136.2125244140625,300.9822998046875,0.9780138731002808,1020.6282348632812,376.4925231933594,0.9752044081687927,1163.2010498046875,497.28485107421875,0.9258760213851929,946.718994140625,440.0373229980469,0.9693791270256042,990.826171875,539.522705078125,0.7999392747879028
39,1136.4942626953125,300.8480224609375,0.9801337718963623,1020.2727661132812,377.0312805175781,0.9729912877082825,1165.0169677734375,497.0754089355469,0.9342694282531738,948.9987182617188,441.5654296875,0.9761320948600769,997.9638671875,540.6307983398438,0.8439127802848816
40,1136.7032470703125,300.6662902832031,0.9803361892700195,1020.4894409179688,377.62237548828125,0.9769893884658813,1165.5987548828125,497.107421875,0.9408773183822632,952.021240234375,444.6678466796875,0.9681345224380493,1005.1187133789062,541.3226928710938,0.8357340097427368
41,1136.82861328125,300.5331726074219,0.9807908535003662,1020.8817749023438,378.4035339355469,0.9798639416694641,1168.3714599609375,495.4527893066406,0.937352180480957,954.6171264648438,448.2530212402344,0.9584681987762451,1011.1411743164062,545.3825073242188,0.8430233001708984
42,1136.843017578125,300.5396423339844,0.9800638556480408,1021.2938232421875,379.4464416503906,0.9821075201034546,1169.522216796875,495.0693054199219,0.9530726671218872,957.7664794921875,452.9335632324219,0.972467303276062,1014.74658203125,545.057373046875,0.8468502163887024
43,1136.7523193359375,300.4283447265625,0.9810758829116821,1021.8156127929688,380.36090087890625,0.9816138744354248,1170.7845458984375,494.7156982421875,0.9670921564102173,960.8562622070312,457.4955139160156,0.9714232683181763,1018.8094482421875,546.8964233398438,0.8411749005317688
44,1136.5604248046875,300.4495544433594,0.9804755449295044,1022.1384887695312,381.4211120605469,0.9800853729248047,1171.80224609375,494.0528564453125,0.9719830751419067,962.861083984375,461.7947692871094,0.9806566834449768,1021.8024291992188,548.4715576171875,0.8663734793663025
45,1136.185546875,300.29644775390625,0.9797346591949463,1022.733154296875,382.5557861328125,0.9831746220588684,1172.83203125,493.7311706542969,0.9757646322250366,965.1155395507812,467.4131164550781,0.9785656332969666,1028.6700439453125,554.96142578125,0.7817507982254028
46,1135.8214111328125,300.7284240722656,0.9766385555267334,1022.9237670898438,383.59088134765625,0.9852075576782227,1173.312255859375,493.3640441894531,0.9789061546325684,965.1465454101562,471.8570251464844,0.9813066720962524,1030.08837890625,556.7625732421875,0.810104489326477
47,1135.1962890625,300.85211181640625,0.9742333292961121,1022.7349243164062,384.49505615234375,0.9869771003723145,1174.090087890625,493.20233154296875,0.9789332151412964,967.531494140625,476.1485290527344,0.9842288494110107,1036.094482421875,561.3123168945312,0.849420964717865
48,1134.2265625,301.5697021484375,0.9748883247375488,1022.194091796875,385.8731689453125,0.9886724948883057,1174.800537109375,493.1798400878906,0.977779746055603,969.1922607421875,481.1618347167969,0.9544994235038757,1038.4288330078125,563.5458374023438,0.8550231456756592
49,1133.42236328125,302.2979431152344,0.9765419363975525,1021.3742065429688,387.6818542480469,0.9881335496902466,1175.2666015625,493.2134094238281,0.9757214784622192,970.0140991210938,485.5831298828125,0.9779562950134277,1038.6209716796875,565.8599853515625,0.80549156665802
50,1132.1329345703125,302.6710205078125,0.9780182838439941,1020.7484130859375,389.4471740722656,0.9867249131202698,1174.740478515625,493.7349853515625,0.9752119779586792,971.1450805664062,490.6276550292969,0.9864053130149841,1042.7518310546875,571.1175537109375,0.8632793426513672
51,1131.3890380859375,303.357177734375,0.9811806678771973,1020.4544067382812,390.7997131347656,0.9832502603530884,1175.1951904296875,493.9957275390625,0.9736354351043701,971.8811645507812,493.796630859375,0.9794101715087891,1043.279541015625,572.8870239257812,0.8910559415817261
52,1130.6834716796875,303.8297424316406,0.9831252098083496,1019.8827514648438,391.9580383300781,0.9802230000495911,1175.333740234375,494.8039855957031,0.9681462049484253,973.3626098632812,497.98687744140625,0.9789806008338928,1042.983642578125,576.10205078125,0.8771402835845947
53,1129.779052734375,304.3192138671875,0.9833948016166687,1019.0718994140625,393.87725830078125,0.9830448627471924,1175.0977783203125,497.68878173828125,0.9662816524505615,975.0787963867188,502.25494384765625,0.9765146970748901,1043.6624755859375,578.8412475585938,0.8544483184814453
54,1129.1387939453125,304.6622009277344,0.9819490909576416,1018.6735229492188,394.7032165527344,0.9855440855026245,1174.3743896484375,498.72113037109375,0.9709208607673645,975.705810546875,505.036376953125,0.9758164882659912,1043.0560302734375,581.5363159179688,0.8841279745101929
55,1127.8568115234375,305.3804016113281,0.9803643226623535,1018.1646118164062,395.7115783691406,0.9837316274642944,1174.1766357421875,499.29498291015625,0.9731894731521606,975.476318359375,505.9789733886719,0.9825636744499207,1041.1072998046875,583.732666015625,0.8663172721862793
56,1125.849853515625,307.6630554199219,0.9862677454948425,1016.7105102539062,396.91021728515625,0.9823065400123596,1173.62646484375,500.4538879394531,0.9768900275230408,974.0875244140625,504.83642578125,0.9827115535736084,1037.8994140625,586.271240234375,0.8690712451934814
57,1124.670654296875,308.92059326171875,0.9921926259994507,1015.1945190429688,397.82244873046875,0.9856608510017395,1172.348876953125,501.91082763671875,0.9820387363433838,970.2039794921875,502.24456787109375,0.984222412109375,1032.979736328125,586.578125,0.9222487211227417
58,1123.4285888671875,310.07147216796875,0.9921365976333618,1013.8094482421875,398.90106201171875,0.983691930770874,1170.1395263671875,503.3133544921875,0.974833607673645,969.4929809570312,500.34454345703125,0.9776408672332764,1026.9256591796875,586.6677856445312,0.9160157442092896
59,1122.1988525390625,311.2375183105469,0.9900897741317749,1012.0382690429688,399.3837890625,0.9847487211227417,1168.1988525390625,503.89971923828125,0.9550020694732666,966.1883544921875,500.7882080078125,0.9797566533088684,1021.6469116210938,587.7035522460938,0.8802987933158875
60,1120.856201171875,311.8238525390625,0.9856641292572021,1009.8161010742188,399.4794006347656,0.9832504391670227,1163.40185546875,505.6004638671875,0.954627275466919,961.09521484375,501.9827880859375,0.9788795709609985,1017.8142700195312,588.4767456054688,0.9143880605697632
61,1119.614501953125,312.02301025390625,0.9760727882385254,1007.3223266601562,399.67242431640625,0.9844246506690979,1160.8409423828125,506.1535339355469,0.9573409557342529,957.8619995117188,502.18218994140625,0.9850467443466187,1010.7006225585938,588.768310546875,0.9170131683349609
62,1117.532958984375,311.663818359375,0.9740738868713379,1005.2901000976562,399.619140625,0.9878184795379639,1159.07470703125,506.8749694824219,0.9735474586486816,952.5970458984375,501.52532958984375,0.9798535108566284,1004.5480346679688,588.5283203125,0.9139113426208496
63,1115.64404296875,311.9488830566406,0.9752859473228455,1003.7870483398438,399.2843933105469,0.9877427816390991,1157.5235595703125,506.83782958984375,0.9792054295539856,950.9437866210938,500.0616149902344,0.9777894020080566,1001.4736328125,588.9154052734375,0.9242538213729858
64,1113.779052734375,311.8796081542969,0.9767787456512451,1001.6968383789062,399.1448669433594,0.984849750995636,1156.99462890625,506.5644836425781,0.9781523942947388,946.1492309570312,499.94915771484375,0.9769675731658936,995.7338256835938,590.2130126953125,0.9308196306228638
65,1110.634521484375,312.6913757324219,0.9774693846702576,999.3567504882812,398.7189636230469,0.9802135825157166,1154.973876953125,506.889892578125,0.9754883646965027,941.382080078125,499.357666015625,0.9853830337524414,988.2504272460938,589.04931640625,0.8894475102424622
66,1108.73876953125,312.2950134277344,0.9861602783203125,996.5697631835938,398.5248107910156,0.9865137338638306,1151.63720703125,506.0973815917969,0.9533932209014893,936.69775390625,498.48126220703125,0.9730244874954224,982.1990356445312,589.0206909179688,0.9318140745162964
67,1106.3048095703125,311.4326171875,0.9896771907806396,992.7890014648438,397.3843078613281,0.9856456518173218,1144.5316162109375,506.4013671875,0.9617516994476318,934.544921875,497.6814270019531,0.9754741191864014,978.8589477539062,590.4077758789062,0.9235529899597168
68,1104.2076416015625,310.5460205078125,0.985622227191925,988.7605590820312,396.05792236328125,0.9826552867889404,1142.0828857421875,505.90142822265625,0.9751818776130676,930.3181762695312,497.8102111816406,0.9735217094421387,972.6427612304688,588.8359985351562,0.8982377052307129
69,1101.1976318359375,309.44171142578125,0.9798297882080078,986.8402099609375,394.59661865234375,0.9842989444732666,1139.6649169921875,504.836669921875,0.9749101400375366,924.6600952148438,497.4448547363281,0.9763984680175781,969.9822387695312,589.1669311523438,0.9141243696212769
70,1098.0665283203125,307.7796325683594,0.9858428239822388,983.4443969726562,392.9060363769531,0.9856899380683899,1136.074462890625,502.79815673828125,0.9450826048851013,921.2421875,496.5975036621094,0.9646536707878113,963.8942260742188,590.090087890625,0.9241584539413452
71,1094.4837646484375,307.3652648925781,0.987258791923523,980.3607177734375,391.0193176269531,0.9852921366691589,1130.3006591796875,502.4628601074219,0.957406759262085,917.8294677734375,494.4354248046875,0.9669422507286072,958.36669921875,588.5368041992188,0.9158651828765869
72,1091.0771484375,307.52337646484375,0.9905837774276733,975.8916015625,390.3538513183594,0.9808088541030884,1125.908935546875,501.6562194824219,0.9775324463844299,914.738525390625,494.3370056152344,0.9707525968551636,954.6660766601562,588.757568359375,0.903880774974823
73,1087.82861328125,307.0616760253906,0.985159158706665,972.4290771484375,390.0283508300781,0.9890251159667969,1122.234375,500.88092041015625,0.9713617563247681,909.1390991210938,493.9628601074219,0.9724880456924438,948.0316162109375,588.2682495117188,0.9310396909713745
74,1083.993896484375,305.93310546875,0.9853721857070923,968.9153442382812,389.526611328125,0.9855534434318542,1117.0367431640625,500.8934020996094,0.9573736786842346,904.9127807617188,494.655517578125,0.9683905839920044,942.3015747070312,588.2142333984375,0.9185563325881958
75,1080.3265380859375,305.4161376953125,0.9839661121368408,965.0497436523438,388.96441650390625,0.9876158237457275,1110.8973388671875,501.3997802734375,0.96966153383255,900.2601318359375,492.98956298828125,0.9802265167236328,938.7218017578125,587.7920532226562,0.8942883014678955
76,1075.782470703125,306.77081298828125,0.9915623068809509,960.22265625,389.17095947265625,0.983001708984375,1108.0921630859375,500.9217834472656,0.9750856757164001,897.2954711914062,492.7799072265625,0.9766873121261597,931.9421997070312,588.2137451171875,0.928959846496582
77,1071.8995361328125,307.2176818847656,0.9847173690795898,955.9369506835938,389.8186950683594,0.9890961647033691,1104.39794921875,501.17919921875,0.9525861740112305,891.3529663085938,493.897216796875,0.9723803997039795,928.600830078125,588.9275512695312,0.9162408113479614
78,1067.37255859375,306.93389892578125,0.9871810674667358,951.6477661132812,389.72296142578125,0.9833675622940063,1098.645751953125,502.4848937988281,0.9583011865615845,886.0048828125,492.9702453613281,0.9805176258087158,922.99560546875,588.558837890625,0.9056555032730103
79,1062.3721923828125,308.2404479980469,0.9883164167404175,948.1163330078125,390.1225891113281,0.9864954948425293,1093.8916015625,503.52850341796875,0.9710991382598877,882.529052734375,492.81964111328125,0.9793351292610168,917.1649780273438,588.2261962890625,0.9261800050735474
80,1058.5404052734375,310.013671875,0.9924381375312805,942.1991577148438,391.0838928222656,0.9829385876655579,1090.234130859375,503.81304931640625,0.9605438113212585,877.2593994140625,493.6695861816406,0.9731203317642212,913.8558959960938,589.40673828125,0.9174792766571045
81,1054.26220703125,310.1885681152344,0.9768821001052856,938.8207397460938,392.09503173828125,0.9823766946792603,1084.0982666015625,505.3890075683594,0.9274832010269165,872.3964233398438,494.05755615234375,0.9704587459564209,908.5805053710938,588.2998046875,0.9133926630020142
82,1050.3258056640625,310.7059020996094,0.9802994728088379,934.170654296875,393.2590026855469,0.9880955219268799,1078.1619873046875,507.0804443359375,0.9701634645462036,867.7825317382812,493.07159423828125,0.9834648370742798,903.089111328125,588.5724487304688,0.9113225936889648
83,1045.1456298828125,312.6722717285156,0.985409140586853,928.9134521484375,394.2225341796875,0.9832332730293274,1076.330322265625,507.07464599609375,0.9751836657524109,862.966064453125,493.27386474609375,0.9741756916046143,899.4835815429688,589.8838500976562,0.9215622544288635
84,1041.462646484375,314.6122741699219,0.9861549139022827,924.0642700195312,395.5506896972656,0.9840452671051025,1072.8616943359375,508.0318298339844,0.9571102857589722,858.8338623046875,493.7943420410156,0.975040078163147,892.5274658203125,588.4450073242188,0.9215960502624512
85,1037.360107421875,315.9265441894531,0.9775139093399048,921.1576538085938,396.1863708496094,0.9825352430343628,1066.352294921875,508.4788513183594,0.9510608911514282,853.5993041992188,493.2379455566406,0.9811229705810547,887.232421875,588.6209106445312,0.9018440246582031
86,1033.11181640625,316.6527099609375,0.9731068015098572,916.95458984375,397.3343200683594,0.9899932146072388,1061.3646240234375,509.5658874511719,0.9727077484130859,849.408447265625,492.6562194824219,0.9813170433044434,884.5484619140625,589.8045654296875,0.9180339574813843
87,1029.62744140625,318.43060302734375,0.9820189476013184,911.0183715820312,398.1966857910156,0.9810274839401245,1057.5924072265625,510.9317321777344,0.956127941608429,844.4632568359375,493.226318359375,0.9808319807052612,877.951416015625,589.0471801757812,0.9192984104156494
88,1024.4072265625,320.05987548828125,0.976929783821106,907.8458862304688,398.24114990234375,0.9886877536773682,1052.626953125,513.0388793945312,0.9277836084365845,839.214599609375,492.11370849609375,0.9798933863639832,871.7672729492188,588.9275512695312,0.8931481838226318
89,1020.1511840820312,320.34619140625,0.9807960391044617,903.9609985351562,398.7545471191406,0.9809850454330444,1045.52734375,514.3589477539062,0.9545670747756958,835.0580444335938,491.71795654296875,0.9892386198043823,867.935302734375,589.0095825195312,0.9249081611633301
90,1015.1171264648438,320.2464294433594,0.9774916768074036,899.2913208007812,400.49761962890625,0.9849410057067871,1042.575927734375,515.513916015625,0.953137993812561,830.6507568359375,492.720458984375,0.9812103509902954,864.8606567382812,589.358642578125,0.9025928378105164
91,1011.3331909179688,322.9283447265625,0.9865293502807617,893.4428100585938,400.54461669921875,0.989996612071991,1038.377685546875,516.8413696289062,0.9411522150039673,825.780029296875,492.863525390625,0.9806663990020752,859.7433471679688,588.9786987304688,0.9148696660995483
92,1006.4902954101562,323.4425964355469,0.9821674823760986,889.8141479492188,401.6716613769531,0.9906595945358276,1034.6580810546875,517.5740966796875,0.9436574578285217,821.5447998046875,491.7196960449219,0.9891806840896606,852.958251953125,588.8175659179688,0.9115832448005676
93,1002.5215454101562,323.9269714355469,0.9844568967819214,885.5745239257812,402.814453125,0.9873507618904114,1030.43603515625,518.4248657226562,0.9682267308235168,816.8593139648438,491.98333740234375,0.9847294092178345,850.1502685546875,589.4815673828125,0.9202004671096802
94,997.700927734375,325.5251770019531,0.9882973432540894,881.57080078125,403.43841552734375,0.982469916343689,1025.8665771484375,518.9185180664062,0.9591243863105774,812.8684692382812,492.42620849609375,0.9856517314910889,844.0374755859375,588.9181518554688,0.9200612306594849
95,993.91943359375,326.6826171875,0.9900964498519897,876.0845336914062,404.81787109375,0.9903237819671631,1022.2493286132812,520.0511474609375,0.9257827997207642,807.0328979492188,491.54730224609375,0.9863868355751038,838.7048950195312,588.7262573242188,0.9146855473518372
96,989.8707885742188,327.0327453613281,0.9763215780258179,872.6668090820312,405.6229248046875,0.9847697019577026,1014.86962890625,522.2786865234375,0.9549731016159058,803.07666015625,491.50140380859375,0.9902181625366211,835.396484375,589.458984375,0.9207861423492432
97,985.1454467773438,329.4560241699219,0.9748563766479492,868.6427001953125,406.2303771972656,0.9880919456481934,1012.289794921875,522.9317016601562,0.9655027985572815,799.0001220703125,492.0582275390625,0.984742283821106,829.8184814453125,589.3585205078125,0.9127986431121826
98,981.4519653320312,330.4087219238281,0.9828707575798035,862.8358764648438,407.6368408203125,0.9791347980499268,1009.1390380859375,523.6380615234375,0.9536200761795044,793.9483032226562,492.22747802734375,0.9827752113342285,823.8020629882812,588.4639282226562,0.9069889783859253
99,977.1231079101562,331.549560546875,0.9856773018836975,858.899169921875,409.278564453125,0.9842211604118347,1002.9889526367188,524.4740600585938,0.9482924342155457,789.7576904296875,490.728759765625,0.9915982484817505,820.06298828125,588.8630981445312,0.9206681847572327
100,973.2459716796875,333.4094543457031,0.9701128005981445,855.370849609375,409.73052978515625,0.9882741570472717,997.7727661132812,525.9786376953125,0.9582080841064453,785.1129150390625,491.01092529296875,0.9867080450057983,814.4957885742188,589.2380981445312,0.9134747385978699
101,968.9158325195312,334.09002685546875,0.96828693151474,850.5278930664062,410.19989013671875,0.9873331785202026,993.3617553710938,526.8428955078125,0.9436812400817871,780.9425659179688,491.51031494140625,0.9878082275390625,810.5709228515625,588.9151000976562,0.8874101638793945
102,964.9891357421875,336.30426025390625,0.9807541370391846,845.4530029296875,411.71697998046875,0.983461320400238,987.9659423828125,528.5675048828125,0.9024645090103149,774.5715942382812,490.8211364746094,0.989458441734314,804.9597778320312,588.712158203125,0.9206515550613403
103,960.5826416015625,337.8985900878906,0.9879641532897949,842.9207153320312,411.58660888671875,0.9870909452438354,981.6936645507812,528.9423828125,0.9302952289581299,771.3131103515625,490.4206848144531,0.9923917055130005,801.62744140625,589.2806396484375,0.9124126434326172
104,956.5938720703125,337.8332214355469,0.9808374643325806,838.7325439453125,412.18255615234375,0.9892624616622925,978.06005859375,529.9808959960938,0.9365737438201904,767.4598999023438,491.8490295410156,0.9846930503845215,796.2365112304688,589.2135009765625,0.917870044708252
105,951.48095703125,337.6243896484375,0.9807245135307312,833.9607543945312,413.05645751953125,0.9866225719451904,973.919677734375,531.2305297851562,0.9317765235900879,763.6526489257812,491.5736389160156,0.9860477447509766,790.7404174804688,588.7989501953125,0.9027607440948486
106,947.62158203125,340.59967041015625,0.989855170249939,829.1123046875,413.0841064453125,0.9815817475318909,970.5217895507812,531.6416625976562,0.9531992673873901,757.8452758789062,490.3634033203125,0.9906095266342163,787.3232421875,589.1009521484375,0.9303014278411865
107,944.0068969726562,340.3143615722656,0.9846028089523315,826.700927734375,412.4475402832031,0.9843759536743164,966.25146484375,531.6121826171875,0.9630591869354248,754.419921875,490.3915100097656,0.9909659624099731,781.9950561523438,588.8807373046875,0.9170725345611572
108,940.0402221679688,340.5018615722656,0.9797722697257996,822.3734130859375,413.2330627441406,0.987472414970398,963.3442993164062,532.2017822265625,0.9656268358230591,750.956298828125,491.09637451171875,0.9871261119842529,775.8988647460938,588.7852172851562,0.8928636312484741
109,935.8785400390625,339.9190979003906,0.9782991409301758,817.5541381835938,413.3714294433594,0.9853979349136353,958.4639282226562,533.0358276367188,0.944455623626709,745.5234375,491.0044860839844,0.984961748123169,772.7866821289062,588.81103515625,0.9107892513275146
110,931.4732666015625,342.1095275878906,0.9869803190231323,813.00244140625,413.06536865234375,0.980843186378479,951.7774047851562,532.980224609375,0.9554729461669922,740.3718872070312,489.8387451171875,0.9930450916290283,768.4963989257812,588.4430541992188,0.902152419090271
111,927.928466796875,341.53143310546875,0.9850067496299744,810.4619140625,412.2231140136719,0.9841121435165405,947.9556884765625,532.6419067382812,0.9595687389373779,737.137939453125,489.859619140625,0.9884437322616577,762.8688354492188,588.7282104492188,0.9309664964675903
112,923.9400024414062,341.4775390625,0.9825140237808228,805.9520263671875,412.5077209472656,0.990201473236084,942.803466796875,533.4815673828125,0.9411777853965759,733.72900390625,490.983642578125,0.9884524345397949,757.5941772460938,588.3485717773438,0.9037616848945618
113,920.2992553710938,340.38006591796875,0.9821592569351196,800.9837036132812,412.5108947753906,0.9842991828918457,939.43017578125,533.3390502929688,0.9397205710411072,728.4239501953125,490.7043762207031,0.9800347089767456,753.9244384765625,588.3016357421875,0.9058017134666443
114,915.5140380859375,341.5357971191406,0.9902722239494324,796.3448486328125,412.0290832519531,0.9841384887695312,933.404052734375,532.8692016601562,0.9646450281143188,724.0321044921875,489.62506103515625,0.9903619289398193,749.4298095703125,588.213134765625,0.9133909940719604
115,911.3134765625,340.88922119140625,0.9835615754127502,794.0451049804688,411.60760498046875,0.9817951321601868,929.2987060546875,532.9199829101562,0.950426459312439,721.2916870117188,489.06964111328125,0.9867916107177734,743.936767578125,588.0677490234375,0.8986793160438538
116,906.828369140625,340.6686706542969,0.9837802052497864,789.3070068359375,411.5442810058594,0.9908403158187866,925.3406982421875,533.1983032226562,0.9358381032943726,717.5772705078125,490.3566589355469,0.9868344068527222,741.0659790039062,588.5261840820312,0.914982259273529
117,902.092041015625,340.63397216796875,0.9800940752029419,784.46630859375,411.7755432128906,0.9810921549797058,919.1629638671875,532.9273681640625,0.9537653923034668,713.0879516601562,489.970458984375,0.9818426370620728,736.6671752929688,587.9569091796875,0.8854224681854248
118,898.810302734375,341.3687438964844,0.9913949966430664,780.0602416992188,411.53399658203125,0.9851327538490295,915.4601440429688,532.7011108398438,0.9596818685531616,707.8516845703125,488.81103515625,0.9915716648101807,731.2828369140625,588.4414672851562,0.9399387240409851
119,894.0176391601562,340.9969482421875,0.9852925539016724,776.6490478515625,411.1428527832031,0.9830599427223206,910.6583862304688,533.0552978515625,0.9316222667694092,705.117431640625,488.5261535644531,0.983393669128418,725.2532958984375,588.0344848632812,0.9140348434448242
120,890.313720703125,340.4323425292969,0.984397292137146,772.3411254882812,411.00830078125,0.9904335737228394,907.2025146484375,532.5813598632812,0.941777229309082,700.9834594726562,489.83807373046875,0.9829760789871216,721.3108520507812,587.652099609375,0.88373863697052
121,885.1436157226562,341.2720031738281,0.9849321842193604,766.7737426757812,411.97503662109375,0.9790676832199097,901.1146850585938,532.3369750976562,0.9648382663726807,694.7158203125,488.4216003417969,0.9828486442565918,716.5723266601562,588.1743774414062,0.9290534853935242
122,881.6483154296875,341.754150390625,0.9896990656852722,763.6196899414062,411.5672302246094,0.9865776300430298,897.76025390625,532.3231811523438,0.9505012035369873,690.777099609375,488.449951171875,0.9891535043716431,711.2278442382812,588.0305786132812,0.9202437400817871
123,877.1597900390625,341.43505859375,0.9857879877090454,760.0507202148438,411.23406982421875,0.987004280090332,893.3968505859375,532.9259033203125,0.9338425397872925,687.87548828125,489.5369873046875,0.9777388572692871,706.7869873046875,587.7125244140625,0.9078718423843384
124,872.8173217773438,340.4974365234375,0.9838408827781677,755.2453002929688,411.4038391113281,0.989609956741333,886.947509765625,532.3988037109375,0.9626501202583313,683.5267944335938,489.6430969238281,0.9829246401786804,701.6319580078125,587.4187622070312,0.8736197352409363
125,868.2456665039062,341.56036376953125,0.9887758493423462,750.3259887695312,412.237548828125,0.9807843565940857,884.0380249023438,532.2006225585938,0.9679830074310303,677.5872802734375,488.8697814941406,0.9869338274002075,698.6372680664062,588.1387329101562,0.9253953099250793
126,864.624755859375,341.48773193359375,0.9880021810531616,747.3973388671875,411.6128845214844,0.9867035150527954,878.758056640625,532.6632080078125,0.9449307322502136,674.6464233398438,488.5224304199219,0.9873080253601074,693.5220336914062,587.8587646484375,0.9140951633453369
127,859.6345825195312,341.1633605957031,0.9859085083007812,743.5186767578125,411.4104309082031,0.9874247312545776,875.6621704101562,531.9803466796875,0.9465445280075073,671.9511108398438,489.62518310546875,0.9771621823310852,689.1289672851562,587.3342895507812,0.8801564574241638
128,855.134765625,340.2737121582031,0.977996826171875,738.4223022460938,411.2088928222656,0.988020658493042,869.5380249023438,531.5098266601562,0.9659374356269836,666.1116943359375,489.3091125488281,0.9808177947998047,684.4400634765625,587.3214111328125,0.9047616124153137
129,851.3456420898438,341.40155029296875,0.9902822971343994,733.7526245117188,411.7732238769531,0.9826194047927856,866.857421875,531.3164672851562,0.9589793682098389,660.9232788085938,488.24444580078125,0.9877909421920776,678.9600219726562,587.2620849609375,0.9247654676437378
130,847.8077392578125,341.0625915527344,0.98369300365448,730.976806640625,411.08038330078125,0.9850000143051147,861.5569458007812,531.375244140625,0.9431594610214233,657.5133666992188,488.0487060546875,0.9829272627830505,674.4757690429688,587.255126953125,0.8993316292762756
131,843.0787963867188,340.8650817871094,0.985784649848938,726.8848876953125,410.6988830566406,0.9900550842285156,858.3424072265625,530.4525146484375,0.9439878463745117,654.5971069335938,489.4229736328125,0.9757013320922852,668.930419921875,586.435546875,0.8954355120658875
132,838.3206787109375,340.42620849609375,0.9795901775360107,721.6836547851562,410.5253601074219,0.9858042597770691,852.3461303710938,530.6401977539062,0.9634686708450317,648.1014404296875,487.6068115234375,0.9744269847869873,663.2750244140625,586.752197265625,0.930806040763855
133,835.0172119140625,341.0140380859375,0.9910480976104736,717.0076904296875,410.59698486328125,0.9832537174224854,849.3292236328125,530.4788818359375,0.9431127905845642,644.3706665039062,487.9443359375,0.986018180847168,660.9801635742188,587.0026245117188,0.9257162809371948
134,830.5540771484375,340.7946472167969,0.9825477600097656,714.6729736328125,410.4456787109375,0.9821367263793945,843.6160888671875,530.2024536132812,0.9314804077148438,641.177734375,487.7085266113281,0.975690484046936,656.4356689453125,587.0296020507812,0.8663570284843445
135,826.2019653320312,340.3768005371094,0.9849451780319214,710.2034301757812,409.8587951660156,0.9894455671310425,837.984619140625,529.8378295898438,0.9566572904586792,637.8683471679688,488.80450439453125,0.9749619960784912,652.3391723632812,587.3432006835938,0.9096171855926514
136,821.312255859375,340.362060546875,0.9837113618850708,705.5031127929688,409.782958984375,0.9840176105499268,835.1386108398438,529.6998291015625,0.95097815990448,631.2401123046875,487.86627197265625,0.980939507484436,646.9164428710938,586.8388061523438,0.933759331703186
137,817.7078857421875,340.6117248535156,0.9892665147781372,700.6510009765625,409.769287109375,0.9812990427017212,829.7523803710938,529.3594970703125,0.9303516745567322,628.1297607421875,487.5399475097656,0.9852089881896973,643.1959838867188,586.8908081054688,0.9130963683128357
138,813.2139892578125,339.7217102050781,0.9855024814605713,698.0768432617188,409.6876525878906,0.979725182056427,823.8357543945312,529.4374389648438,0.934836745262146,624.8418579101562,487.742919921875,0.972292959690094,636.9916381835938,586.5790405273438,0.8710463047027588
139,808.7357788085938,339.298095703125,0.9822793006896973,693.3107299804688,408.651611328125,0.9860538244247437,821.227294921875,528.7990112304688,0.9475231170654297,620.9842529296875,487.9618835449219,0.9755593538284302,633.1113891601562,585.97021484375,0.9253926277160645
140,804.132080078125,339.95404052734375,0.9874593019485474,688.484619140625,409.24102783203125,0.9807440042495728,816.7837524414062,528.9149780273438,0.9214591979980469,614.8958129882812,487.52978515625,0.9799701571464539,628.5006103515625,586.2607421875,0.9242960214614868
141,800.3665161132812,340.0691833496094,0.9865207672119141,684.558349609375,408.1510925292969,0.97998046875,811.1100463867188,528.4227905273438,0.9236708879470825,611.130859375,487.3775329589844,0.9830693006515503,621.7872314453125,586.7575073242188,0.8684312105178833
142,795.3292846679688,339.44866943359375,0.9835498332977295,680.0878295898438,408.5604248046875,0.9791033267974854,805.1513671875,527.5532836914062,0.9502245783805847,607.9567260742188,488.09051513671875,0.9637765884399414,618.9288940429688,587.1494750976562,0.9360471963882446
143,789.9803466796875,340.0018615722656,0.978966474533081,675.9571533203125,408.1869201660156,0.9857796430587769,802.0068969726562,528.76953125,0.9383718371391296,602.8626708984375,487.7414245605469,0.9782588481903076,613.97265625,586.3641357421875,0.9326355457305908
144,786.5458374023438,340.9018249511719,0.9899658560752869,670.1087036132812,409.02392578125,0.9767641425132751,796.1023559570312,528.5501708984375,0.9263120293617249,597.9282836914062,487.69561767578125,0.9804883599281311,610.2354125976562,586.7981567382812,0.8908307552337646
145,781.45751953125,340.917236328125,0.984429657459259,666.7290649414062,409.1456298828125,0.9798790216445923,791.1893920898438,528.9529418945312,0.938642680644989,593.95947265625,487.798095703125,0.9799624681472778,604.2369384765625,586.336669921875,0.887352705001831
146,776.8715209960938,340.761962890625,0.9826327562332153,662.876220703125,408.5977478027344,0.9842963218688965,787.9033813476562,527.452880859375,0.9454683661460876,590.7803344726562,488.6130676269531,0.9663457870483398,599.43115234375,585.4879760742188,0.926027238368988
147,772.4771118164062,340.66845703125,0.9885859489440918,657.8525390625,408.6888122558594,0.9836797714233398,781.7700805664062,528.7114868164062,0.9236009120941162,584.5117797851562,488.50335693359375,0.9736534357070923,597.3615112304688,586.77001953125,0.9382903575897217
148,768.6849365234375,341.1064758300781,0.9913374781608582,653.6017456054688,408.5244445800781,0.9769405126571655,778.6797485351562,528.1897583007812,0.9282959699630737,581.1735229492188,487.49664306640625,0.9814534187316895,589.987548828125,586.783935546875,0.8461053371429443
149,764.3327026367188,340.3878173828125,0.9862582683563232,650.2575073242188,408.25439453125,0.9774460792541504,773.1603393554688,527.2783813476562,0.9564406871795654,578.7279663085938,486.7538146972656,0.9759962558746338,586.7601318359375,586.160888671875,0.914465069770813
150,759.847412109375,339.61981201171875,0.9820846319198608,645.872802734375,407.914306640625,0.9839107990264893,770.2330932617188,527.39306640625,0.9425708055496216,573.8140258789062,486.8532409667969,0.9748491048812866,581.8504638671875,586.04638671875,0.9259690642356873
151,755.7125244140625,340.3817443847656,0.9891631007194519,641.032958984375,408.2340087890625,0.981214165687561,765.1641845703125,527.8900146484375,0.9237110614776611,567.1231689453125,487.4496765136719,0.967746913433075,576.54443359375,586.2196655273438,0.815689206123352
152,752.2100219726562,339.4789733886719,0.9877570867538452,637.3539428710938,407.1083984375,0.9855190515518188,759.4147338867188,526.3651733398438,0.9434634447097778,564.2572631835938,486.8376770019531,0.9839298725128174,570.5839233398438,583.4852905273438,0.8451533317565918
153,747.9042358398438,337.84033203125,0.9841673374176025,633.9490966796875,406.7503967285156,0.985000729560852,756.404541015625,525.9187622070312,0.9634326696395874,561.5969848632812,486.579345703125,0.9753605127334595,566.328857421875,585.8748779296875,0.899449348449707
154,743.3035278320312,337.2139587402344,0.9745949506759644,630.2412109375,405.62518310546875,0.9875633716583252,752.7879638671875,525.9426879882812,0.9462934732437134,557.1175537109375,487.5248718261719,0.969876766204834,562.9949951171875,585.7505493164062,0.8736691474914551
155,739.6605834960938,338.0252990722656,0.9778180122375488,626.3255615234375,405.20684814453125,0.9894230961799622,748.3501586914062,524.68896484375,0.9376147389411926,552.595947265625,486.9996032714844,0.9643648862838745,556.9845581054688,586.286865234375,0.8335808515548706
156,735.8960571289062,336.8363037109375,0.977552056312561,621.5943603515625,404.8093566894531,0.9892706871032715,743.3335571289062,523.9010620117188,0.9545769691467285,551.8287963867188,484.6646423339844,0.9741791486740112,553.4384765625,584.8582153320312,0.9019720554351807
157,731.772705078125,335.2491455078125,0.9667269587516785,618.63818359375,404.2711181640625,0.9908292293548584,740.056640625,523.0225830078125,0.9690773487091064,547.8646850585938,485.5246276855469,0.9790602922439575,549.3560791015625,585.1879272460938,0.9288690686225891
158,727.1281127929688,334.7178955078125,0.9612333178520203,614.4915771484375,403.9071044921875,0.9867079257965088,737.6366577148438,521.6160888671875,0.946353018283844,543.7180786132812,484.93707275390625,0.9699810743331909,541.9882202148438,582.4664916992188,0.8622461557388306
159,723.05126953125,333.72430419921875,0.9785684943199158,611.6400146484375,403.15789794921875,0.9917439222335815,734.40625,520.0038452148438,0.9262076616287231,538.6170043945312,486.12530517578125,0.971760630607605,537.4039916992188,583.381591796875,0.9016797542572021
160,719.2669677734375,332.9679260253906,0.9656450748443604,607.5921630859375,403.0794677734375,0.9880173802375793,730.8345336914062,519.328857421875,0.9309369325637817,535.6251220703125,486.2854919433594,0.9786429405212402,531.9976196289062,581.9288940429688,0.9222985506057739
161,716.2957153320312,333.3265380859375,0.965583086013794,604.4409790039062,401.6653137207031,0.9920070171356201,724.8251953125,519.3418579101562,0.9558384418487549,530.3681030273438,486.63580322265625,0.9801415205001831,527.259765625,583.085693359375,0.8712518215179443
162,712.20556640625,333.1261291503906,0.9620737433433533,601.505126953125,401.7839050292969,0.98929762840271,722.2249145507812,518.6364135742188,0.9630861282348633,528.1044311523438,486.6414794921875,0.9626328945159912,523.5543212890625,582.5987548828125,0.9123324155807495
163,708.033935546875,332.7102355957031,0.9776458740234375,598.40625,401.7916259765625,0.987005889415741,719.7742919921875,518.5843505859375,0.9406546354293823,524.3119506835938,486.6931457519531,0.9743347764015198,519.89111328125,585.9872436523438,0.9285041093826294
164,704.5787963867188,332.10357666015625,0.979191780090332,595.5572509765625,401.7576904296875,0.9892010688781738,715.023193359375,517.77587890625,0.9449040293693542,521.7997436523438,486.5306091308594,0.9697246551513672,515.6409301757812,580.998046875,0.9358727931976318
165,701.0950927734375,332.2318115234375,0.9654108285903931,592.05712890625,401.8069152832031,0.9830034375190735,708.9312744140625,517.76953125,0.9687204957008362,519.3075561523438,486.3265686035156,0.9774104356765747,509.82989501953125,581.521484375,0.9143610000610352
166,697.31787109375,331.09979248046875,0.9645912647247314,589.4542846679688,401.1716613769531,0.987985372543335,705.7298583984375,516.7344970703125,0.9596523642539978,515.0700073242188,487.2239074707031,0.9768489599227905,506.227294921875,581.3809204101562,0.9238027334213257
167,692.9828491210938,331.7463684082031,0.9778150320053101,586.8098754882812,400.7774963378906,0.9894049167633057,700.7102661132812,515.9659423828125,0.9448611736297607,512.5240478515625,486.524658203125,0.9601146578788757,502.222900390625,581.5652465820312,0.9324681758880615
168,689.501220703125,330.9685363769531,0.9817154407501221,584.4364013671875,400.5888366699219,0.978691041469574,695.1824951171875,514.9561767578125,0.9596138596534729,509.07415771484375,486.6963806152344,0.9731380939483643,498.34161376953125,580.7222290039062,0.9273993968963623
169,686.6361694335938,330.6631774902344,0.9682191610336304,581.44775390625,400.36346435546875,0.9824820756912231,692.1803588867188,514.3013916015625,0.9639068245887756,506.45733642578125,486.48883056640625,0.9750183820724487,494.6126403808594,580.6787109375,0.9274240136146545
170,683.0807495117188,330.2132873535156,0.9694555997848511,579.019775390625,400.35931396484375,0.9801479578018188,689.1530151367188,514.0252075195312,0.9385339617729187,505.0325012207031,486.3122253417969,0.9666099548339844,488.48046875,580.4793090820312,0.9599328637123108
171,679.3936767578125,329.9409484863281,0.9661028385162354,576.6495971679688,399.23846435546875,0.9757225513458252,684.2608032226562,512.616455078125,0.9332910776138306,501.7827453613281,486.292724609375,0.9767975211143494,485.2245178222656,580.2368774414062,0.9413368701934814
172,676.0045166015625,329.82470703125,0.9757899641990662,574.0650024414062,398.24310302734375,0.983657717704773,679.2470092773438,510.6814880371094,0.9530935883522034,499.0936584472656,486.2502136230469,0.9635294675827026,481.307861328125,579.2507934570312,0.9075952768325806
173,672.9942016601562,329.2705383300781,0.9672021269798279,571.8152465820312,397.932861328125,0.9845004081726074,676.1121826171875,510.45574951171875,0.9679878950119019,494.6247863769531,486.68157958984375,0.9752883911132812,477.89691162109375,579.2188720703125,0.9216145277023315
174,670.1697998046875,328.452880859375,0.9575963020324707,569.2405395507812,398.055908203125,0.9773088693618774,673.2831420898438,510.4827880859375,0.9579811096191406,491.81158447265625,486.3187255859375,0.9800267219543457,472.10113525390625,578.667236328125,0.9293289184570312
175,667.169921875,327.4570617675781,0.9741553664207458,567.7515869140625,397.6936340332031,0.9784606099128723,668.284423828125,509.5506591796875,0.9427181482315063,489.44866943359375,486.580322265625,0.9809463620185852,468.1797180175781,579.423583984375,0.9354618191719055
176,664.5364379882812,326.7183837890625,0.9812086224555969,565.5819091796875,397.6524658203125,0.9842338562011719,664.545654296875,509.5621337890625,0.9483727216720581,487.6853332519531,485.8508605957031,0.9829380512237549,465.3482360839844,579.36279296875,0.8966904878616333
177,660.8937377929688,327.6591491699219,0.9822066426277161,562.392578125,398.58990478515625,0.9814082384109497,660.913330078125,509.2695007324219,0.9734483957290649,484.4830627441406,485.7973937988281,0.9769148826599121,461.250732421875,578.8423461914062,0.9082120656967163
178,658.4488525390625,328.28692626953125,0.9835467338562012,558.9370727539062,398.10406494140625,0.9787966012954712,658.4478149414062,509.1553955078125,0.9733952283859253,479.7684326171875,486.3975524902344,0.9786353707313538,456.1182556152344,579.41943359375,0.9146164655685425
179,656.1161499023438,327.6997375488281,0.9742445349693298,557.05419921875,397.1814880371094,0.9840879440307617,656.2939453125,508.7229309082031,0.9561728835105896,476.7209167480469,486.6524963378906,0.9815462231636047,451.7725830078125,579.5324096679688,0.918049156665802
180,653.1986083984375,327.8192138671875,0.974952757358551,555.0433959960938,396.8261413574219,0.9718093872070312,651.0046997070312,508.17218017578125,0.9462031126022339,473.8271179199219,486.4181823730469,0.9819755554199219,448.95068359375,578.9215087890625,0.8792539238929749
181,650.3607177734375,327.4482421875,0.9835482835769653,552.6864624023438,396.5887145996094,0.9776676893234253,646.96728515625,507.9543762207031,0.9634256362915039,472.0160217285156,485.596923828125,0.985489010810852,444.52960205078125,579.3760986328125,0.9002361297607422
182,646.60302734375,327.5980529785156,0.9799246788024902,550.3292846679688,396.6134948730469,0.9855077862739563,644.2025146484375,507.35308837890625,0.9755833148956299,468.553955078125,484.3663024902344,0.9807707071304321,438.5798034667969,579.2343139648438,0.9215524196624756
183,643.8809204101562,328.228759765625,0.9883496761322021,546.9720458984375,397.14764404296875,0.9852359294891357,642.6278686523438,506.6599426269531,0.970091700553894,463.8374938964844,485.52093505859375,0.9832465648651123,434.8885498046875,578.8159790039062,0.9137692451477051
184,641.4422607421875,327.5643005371094,0.9848255515098572,542.7415161132812,396.8811950683594,0.973273515701294,640.3584594726562,506.6922607421875,0.9515886306762695,460.7225036621094,486.5031433105469,0.9833440780639648,430.6510009765625,578.9674682617188,0.8840322494506836
185,637.9237060546875,327.77130126953125,0.9720967411994934,540.0740356445312,395.63079833984375,0.9827481508255005,635.4050903320312,506.1327819824219,0.9499326944351196,457.8893127441406,486.9111633300781,0.9790602326393127,426.5555419921875,578.8333740234375,0.905677080154419
186,634.6406860351562,326.6695251464844,0.9850646257400513,537.7096557617188,395.0953063964844,0.9777694940567017,629.592529296875,506.78643798828125,0.9680509567260742,455.56842041015625,485.9659118652344,0.9819793701171875,421.7947998046875,578.8764038085938,0.9198452830314636
187,629.8983154296875,326.7061462402344,0.9865165948867798,534.2811279296875,395.1864318847656,0.9891761541366577,628.1044311523438,506.3328857421875,0.9719928503036499,451.3468322753906,485.5954895019531,0.9809026122093201,419.15203857421875,579.376708984375,0.9018028378486633
188,626.6541748046875,326.49688720703125,0.9915478229522705,529.7256469726562,395.586181640625,0.9830303192138672,625.4099731445312,505.95599365234375,0.9635741114616394,445.7953186035156,486.1845397949219,0.9839072227478027,414.50244140625,579.202880859375,0.8733168840408325
189,623.1517333984375,325.4733581542969,0.9780136346817017,525.2101440429688,395.956787109375,0.9787799119949341,619.9938354492188,505.68902587890625,0.9460951685905457,442.15069580078125,486.1993713378906,0.9808042049407959,410.0259704589844,580.6267700195312,0.8890098929405212
190,617.6620483398438,325.2694396972656,0.9869956970214844,522.416748046875,394.9419860839844,0.978308916091919,613.5020141601562,506.30706787109375,0.9655237197875977,439.11322021484375,484.2452087402344,0.9841725826263428,404.8771667480469,579.1392211914062,0.9189637899398804
191,612.52783203125,326.2347717285156,0.9914426803588867,518.207275390625,395.45196533203125,0.9885658025741577,611.8447265625,505.47833251953125,0.9733800888061523,432.90447998046875,485.2221984863281,0.9821900129318237,401.5240173339844,578.8720703125,0.8793123364448547
192,608.6166381835938,325.329833984375,0.9857610464096069,512.779052734375,396.1470642089844,0.9799076318740845,608.2351684570312,505.3778076171875,0.9565551280975342,428.1900329589844,486.7819519042969,0.9820212125778198,396.26507568359375,578.7738037109375,0.9099750518798828
193,603.5810546875,324.85894775390625,0.9835821390151978,508.0716247558594,395.9599609375,0.9840487241744995,603.5825805664062,504.4943542480469,0.947253942489624,425.0730895996094,486.8094177246094,0.9795613288879395,390.8951416015625,579.2390747070312,0.910936713218689
194,598.0012817382812,325.5837707519531,0.9850914478302002,504.6064758300781,395.82598876953125,0.9829288721084595,596.7269897460938,505.6004333496094,0.9714327454566956,420.9673156738281,485.1965026855469,0.9833927154541016,387.2817687988281,579.0256958007812,0.9092566967010498
195,593.8779296875,325.0754699707031,0.9891207218170166,500.37725830078125,397.2050476074219,0.989922046661377,594.0902099609375,505.1956481933594,0.9659596681594849,415.530517578125,485.4398193359375,0.9825654029846191,382.8221435546875,579.0811157226562,0.8779430389404297
196,588.9421997070312,324.6832580566406,0.9752532243728638,494.3721923828125,397.8801574707031,0.9780473709106445,590.7094116210938,505.37451171875,0.9391931891441345,411.4622802734375,485.6361999511719,0.9849218130111694,379.2637939453125,579.9880981445312,0.9037884473800659
197,583.61572265625,324.5840148925781,0.9831296801567078,490.49530029296875,396.0473937988281,0.979030430316925,581.5524291992188,505.52960205078125,0.966521143913269,409.39422607421875,484.9189758300781,0.9825443625450134,374.219482421875,579.3619995117188,0.9121699333190918
198,578.2389526367188,325.277099609375,0.9915419816970825,485.81561279296875,397.4380798339844,0.9874914884567261,579.7781372070312,505.084716796875,0.9730514287948608,404.82342529296875,483.31024169921875,0.9874767065048218,371.07171630859375,578.6537475585938,0.9032936692237854
199,573.5446166992188,324.85931396484375,0.9798550605773926,480.2807922363281,398.1807861328125,0.9772807955741882,575.3699951171875,505.31298828125,0.9477646350860596,398.4567565917969,484.4002380371094,0.9867342710494995,366.4656066894531,578.4052734375,0.8811478614807129
200,567.7060546875,324.44097900390625,0.9835937023162842,475.6387023925781,397.8658752441406,0.9808070659637451,567.350341796875,505.36962890625,0.9634889364242554,394.97344970703125,485.3561706542969,0.9863107204437256,362.530029296875,579.29638671875,0.8832097053527832
201,562.1951904296875,325.4034729003906,0.9927165508270264,471.1385498046875,397.75,0.9822686314582825,563.8616333007812,505.1448669433594,0.978213369846344,392.62591552734375,483.66796875,0.9792506694793701,357.2161560058594,579.1145629882812,0.9110214710235596
202,557.0824584960938,325.11639404296875,0.9807760715484619,465.9285583496094,398.82147216796875,0.9830167889595032,560.6304931640625,505.1549377441406,0.961139976978302,387.377685546875,483.6034851074219,0.9812420606613159,353.90289306640625,579.4840087890625,0.8758759498596191
203,551.3975830078125,325.1405029296875,0.9816980361938477,460.5413818359375,398.46038818359375,0.9834031462669373,555.2848510742188,504.7901916503906,0.9500877261161804,381.34716796875,483.7818603515625,0.9835711717605591,349.1636657714844,579.0064086914062,0.9063625335693359
204,546.126953125,326.2673645019531,0.9898894429206848,455.6175231933594,398.4479064941406,0.9765037298202515,548.040771484375,505.90631103515625,0.9747036695480347,377.16986083984375,484.379150390625,0.9836248755455017,343.40277099609375,579.5631103515625,0.9087352752685547
205,541.0681762695312,325.86199951171875,0.9683796167373657,451.5038757324219,399.4389343261719,0.9840452671051025,544.7750854492188,505.7720031738281,0.9573929309844971,374.1929931640625,482.2112121582031,0.9811601042747498,339.184326171875,578.6304321289062,0.9100582599639893
206,535.4788818359375,325.8894348144531,0.9798262119293213,445.5310974121094,399.6091613769531,0.98465895652771,537.8794555664062,506.522705078125,0.9472948312759399,367.2619323730469,484.24603271484375,0.9855338335037231,335.1584167480469,579.021728515625,0.8530948758125305
207,530.06201171875,327.1947937011719,0.9900897741317749,439.6830749511719,399.02490234375,0.975062370300293,532.1582641601562,506.8668212890625,0.9738909006118774,362.6127624511719,485.4237976074219,0.983688473701477,331.7508239746094,579.9629516601562,0.8844711184501648
208,524.6119995117188,327.3045349121094,0.978261411190033,435.59381103515625,400.28863525390625,0.9850102066993713,529.6798706054688,506.5636291503906,0.9690603017807007,360.4183654785156,483.4551086425781,0.9779413938522339,326.23248291015625,580.0966186523438,0.9043429493904114
209,518.44873046875,327.13385009765625,0.9787315130233765,430.38372802734375,401.2615966796875,0.981532633304596,522.4804077148438,507.2847900390625,0.9489492177963257,355.4211120605469,483.4039611816406,0.9844682216644287,322.73907470703125,578.611083984375,0.9038666486740112
210,513.9085693359375,328.1429138183594,0.9867465496063232,425.9105224609375,400.88140869140625,0.9773093461990356,517.1376342773438,507.7381286621094,0.9771937727928162,350.0914001464844,484.4862060546875,0.9880778193473816,318.3468322753906,579.4896850585938,0.8798340559005737
211,508.9644470214844,327.9682312011719,0.9682797789573669,420.9162292480469,401.9380187988281,0.985387921333313,514.8763427734375,507.6843566894531,0.9765620827674866,345.7571716308594,485.1393737792969,0.9881080985069275,314.2942199707031,580.343017578125,0.8833072185516357
212,503.4940490722656,329.5010986328125,0.9719855189323425,416.32891845703125,403.28167724609375,0.9819653034210205,507.6572570800781,508.1944274902344,0.943795382976532,342.4044189453125,483.8509216308594,0.9857126474380493,309.38189697265625,580.4090576171875,0.910771369934082
213,498.3323974609375,329.655029296875,0.9780808687210083,411.2586975097656,403.05865478515625,0.9820407629013062,503.0811462402344,508.82574462890625,0.9694695472717285,337.6507263183594,484.9598388671875,0.9782657027244568,306.0807189941406,579.7708740234375,0.8891283273696899
214,494.1738586425781,330.07476806640625,0.9674348831176758,406.0543212890625,403.48419189453125,0.9832039475440979,500.1595764160156,509.0902099609375,0.9778561592102051,332.3220520019531,485.5877685546875,0.9841848611831665,301.36474609375,579.51318359375,0.8958351016044617
215,489.0647277832031,329.8533935546875,0.9739745259284973,402.67193603515625,403.2026062011719,0.9878453016281128,496.49530029296875,509.71771240234375,0.9558092951774597,328.6552734375,485.18621826171875,0.981684148311615,296.92138671875,581.0298461914062,0.8890533447265625
216,484.4527587890625,331.87860107421875,0.978166937828064,397.56781005859375,405.3843688964844,0.9869228601455688,490.1362609863281,509.51971435546875,0.9387794733047485,324.9708251953125,483.24365234375,0.9825655221939087,292.78619384765625,580.3365478515625,0.9205344319343567
217,480.49462890625,330.831787109375,0.9608886241912842,393.5194396972656,404.84686279296875,0.9724146723747253,485.9544372558594,510.1644287109375,0.9756033420562744,319.11712646484375,484.72296142578125,0.9824787974357605,289.0591735839844,579.646240234375,0.8723191022872925
218,476.5257873535156,332.01544189453125,0.9671964645385742,388.90948486328125,405.509765625,0.9851087331771851,483.0651550292969,510.9630126953125,0.9731065034866333,314.0816345214844,485.5074462890625,0.9838895201683044,284.5834045410156,580.0594482421875,0.8852066993713379
219,472.5359802246094,331.358642578125,0.9697252511978149,385.97137451171875,405.7106628417969,0.9804664850234985,477.584228515625,510.7532043457031,0.9429657459259033,312.467529296875,483.37579345703125,0.9838373064994812,279.09710693359375,580.063720703125,0.9063078165054321
220,469.012939453125,332.7904357910156,0.9766292572021484,381.6498107910156,406.58642578125,0.9839649200439453,475.4610900878906,511.4772033691406,0.9444833397865295,308.1548156738281,482.2854309082031,0.9828222393989563,275.9669494628906,579.7068481445312,0.9165083765983582
221,465.40167236328125,331.9621276855469,0.9736119508743286,377.946044921875,406.4896240234375,0.9755527377128601,470.2918701171875,510.9524841308594,0.9681205749511719,304.7782897949219,483.73406982421875,0.9804474115371704,272.595458984375,579.5972290039062,0.8654570579528809
222,462.51898193359375,332.37060546875,0.9330683946609497,374.4045715332031,406.06231689453125,0.9818012714385986,467.71478271484375,511.5721130371094,0.973280668258667,300.71307373046875,484.1872863769531,0.9851386547088623,267.5291748046875,580.2929077148438,0.8863745927810669
223,458.8036193847656,332.3465881347656,0.9757140874862671,370.98394775390625,406.7349853515625,0.9814826250076294,465.1900939941406,511.43011474609375,0.9651353359222412,297.3848571777344,484.8243103027344,0.9799914360046387,263.1542663574219,579.9622802734375,0.9035484790802002
224,455.28814697265625,332.74237060546875,0.974756121635437,367.6824035644531,406.3165283203125,0.9782851934432983,459.2340393066406,510.1867370605469,0.9411022067070007,295.6794128417969,481.189208984375,0.9798337817192078,260.2282409667969,579.455322265625,0.9221097230911255
225,451.75323486328125,332.7062072753906,0.9824256896972656,364.6029357910156,406.16748046875,0.9848938584327698,455.7037658691406,510.7517395019531,0.9533655643463135,291.8658447265625,481.67510986328125,0.9860134124755859,255.43731689453125,579.43212890625,0.8744115829467773
226,448.9369812011719,331.20782470703125,0.9754951000213623,361.5690002441406,404.594970703125,0.9728996753692627,453.7026672363281,510.5517578125,0.974884569644928,286.9783020019531,482.4042663574219,0.9826704859733582,252.4251708984375,578.931640625,0.9083526134490967
227,446.833251953125,331.44659423828125,0.9649459719657898,358.212890625,403.6257629394531,0.9810818433761597,451.9831237792969,510.49249267578125,0.9765331745147705,283.73260498046875,483.2853088378906,0.9847376346588135,248.7258758544922,579.5260620117188,0.8965569734573364
228,443.97894287109375,330.701171875,0.9779836535453796,355.6451416015625,402.04443359375,0.9857329726219177,448.7075500488281,509.7881164550781,0.9688006639480591,280.3784484863281,482.50921630859375,0.9847952723503113,244.88299560546875,579.7570190429688,0.9138748645782471
229,440.9953918457031,329.9671936035156,0.9764165282249451,352.4499816894531,402.6904296875,0.9849350452423096,444.0466613769531,508.724853515625,0.956713080406189,279.14544677734375,479.42425537109375,0.9822925329208374,241.14598083496094,577.9631958007812,0.8904165029525757
230,438.8426208496094,329.8591003417969,0.9733843803405762,349.9095764160156,401.4064636230469,0.9867464303970337,442.7096862792969,507.9278869628906,0.9621261954307556,276.642333984375,478.88568115234375,0.9840720891952515,237.56398010253906,577.7510986328125,0.9154072403907776
231,435.72833251953125,329.218994140625,0.9839979410171509,347.4237365722656,399.42645263671875,0.9839572310447693,438.510498046875,507.1868896484375,0.9653623700141907,270.9158020019531,479.5455627441406,0.9852148294448853,233.22775268554688,577.0693359375,0.8904097080230713
232,434.2174072265625,328.5605773925781,0.9848134517669678,344.4833679199219,397.97137451171875,0.9750823378562927,436.59674072265625,506.4803771972656,0.975651741027832,266.73828125,479.95794677734375,0.9884949922561646,228.90367126464844,576.4494018554688,0.924289345741272
233,432.83392333984375,326.96612548828125,0.9823685884475708,342.3232116699219,397.44091796875,0.9847633838653564,435.3216552734375,505.4934387207031,0.9758282899856567,264.3611145019531,478.0033264160156,0.9866229891777039,226.4103546142578,575.384033203125,0.9005814790725708
234,431.29351806640625,326.3573303222656,0.9631361365318298,339.92449951171875,397.509521484375,0.9879860877990723,434.3260498046875,503.85784912109375,0.9715871810913086,263.18670654296875,476.12945556640625,0.9864659905433655,222.4660186767578,575.7163696289062,0.8881362676620483
235,428.585693359375,324.7222900390625,0.9805145263671875,337.6949157714844,395.9911193847656,0.9874297976493835,432.5790100097656,502.6787109375,0.964771032333374,260.5682373046875,476.4737243652344,0.989488959312439,219.0449981689453,573.5940551757812,0.9204803705215454
236,427.15350341796875,323.5982971191406,0.9862647652626038,336.35284423828125,393.9278259277344,0.9801517724990845,430.0575866699219,501.40203857421875,0.9627115726470947,258.65521240234375,476.3287048339844,0.9884457588195801,214.7145233154297,576.8276977539062,0.8921952843666077
237,425.9535217285156,321.954345703125,0.9709850549697876,334.79278564453125,391.74176025390625,0.9781795740127563,428.5511169433594,499.3763732910156,0.9678473472595215,257.1557312011719,475.1788635253906,0.9846426248550415,211.8748779296875,574.9356079101562,0.9179331660270691
238,424.76470947265625,320.3491516113281,0.9803460240364075,333.9162902832031,390.2959899902344,0.9878069162368774,426.50689697265625,497.3741149902344,0.9587976932525635,254.9464569091797,474.3638000488281,0.9844886064529419,209.1749267578125,574.107666015625,0.866460919380188
239,424.4598693847656,318.5626525878906,0.9772225618362427,333.35888671875,387.7081298828125,0.9835448265075684,422.3751525878906,495.39739990234375,0.9662802815437317,252.74288940429688,474.0904541015625,0.9816453456878662,205.14175415039062,573.24951171875,0.9031037092208862
240,424.2120361328125,317.1075134277344,0.9804706573486328,333.47174072265625,384.7132568359375,0.9827313423156738,421.4771423339844,493.9297790527344,0.979812741279602,249.74563598632812,473.38629150390625,0.9817121028900146,201.96051025390625,573.1905517578125,0.9232714176177979
241,424.248291015625,314.9139404296875,0.9807941913604736,332.6631774902344,382.14361572265625,0.9793599247932434,420.3865966796875,491.77655029296875,0.9817763566970825,248.53607177734375,472.5417175292969,0.9799206256866455,198.2099609375,571.817138671875,0.8996808528900146
242,424.6885070800781,313.28009033203125,0.9844616651535034,331.72625732421875,379.1105041503906,0.9835250377655029,420.63519287109375,489.9365539550781,0.9792525768280029,249.37542724609375,470.1902160644531,0.9781551361083984,197.54837036132812,570.4651489257812,0.9148092269897461
243,425.8943786621094,311.8866882324219,0.9829202890396118,331.8134765625,377.2298889160156,0.9746040105819702,422.0268249511719,488.1379089355469,0.9770233631134033,248.5039825439453,469.145263671875,0.9781196713447571,196.02711486816406,570.0297241210938,0.9136380553245544
244,426.9872741699219,309.8370056152344,0.9840698838233948,332.5649719238281,375.0454406738281,0.9820849895477295,422.0814208984375,486.841796875,0.9779072999954224,248.494873046875,469.108642578125,0.979006290435791,194.7191925048828,569.2399291992188,0.9047568440437317
245,427.76934814453125,308.5410461425781,0.9842233657836914,332.84844970703125,373.3404235839844,0.986129641532898,422.1128845214844,484.78228759765625,0.9696779251098633,248.84548950195312,468.82806396484375,0.9819135665893555,194.172119140625,565.3656616210938,0.8998016119003296
246,428.822998046875,306.832275390625,0.9817894697189331,333.3569030761719,371.4723205566406,0.9873136281967163,421.5665588378906,482.7604675292969,0.9578057527542114,249.28250122070312,468.5220031738281,0.9850499629974365,192.4088897705078,566.9301147460938,0.8597118854522705
247,429.9591369628906,304.88311767578125,0.9726618528366089,334.2394104003906,369.4203796386719,0.9864325523376465,421.1351013183594,481.5037841796875,0.9486978054046631,249.69381713867188,468.1932373046875,0.9835889339447021,191.943115234375,564.4044189453125,0.9181939363479614
248,432.2227783203125,302.92181396484375,0.9721112847328186,335.2707214355469,367.6583251953125,0.9792122840881348,421.0916748046875,479.1289367675781,0.9644913673400879,250.7291717529297,466.66802978515625,0.9855391383171082,191.30548095703125,562.8675537109375,0.9110742211341858
249,433.2253112792969,301.61444091796875,0.9813920855522156,336.4324035644531,365.7664489746094,0.9797478318214417,421.4461364746094,477.8326721191406,0.971258819103241,252.07498168945312,466.241455078125,0.9877256751060486,190.04055786132812,561.2691650390625,0.931347131729126
250,434.9715881347656,300.2557373046875,0.9869093894958496,337.3742980957031,364.21722412109375,0.9856351613998413,422.5943603515625,476.18310546875,0.973684549331665,252.38494873046875,466.5955505371094,0.9887232780456543,189.53988647460938,559.1651611328125,0.9181933403015137
251,436.8812255859375,298.9457092285156,0.986958384513855,338.2787780761719,362.4441833496094,0.9877027869224548,424.0283203125,474.43310546875,0.9682958126068115,254.26055908203125,464.7186279296875,0.9872066974639893,189.11581420898438,557.8583374023438,0.9268319606781006
252,438.5518798828125,298.0906677246094,0.9850318431854248,339.4901123046875,360.50567626953125,0.9832327365875244,426.8972473144531,473.1737060546875,0.9557491540908813,255.8741912841797,463.5272216796875,0.9818042516708374,189.43711853027344,555.20361328125,0.9184280633926392
253,440.3363342285156,296.09228515625,0.9828587770462036,340.6878356933594,358.6241455078125,0.9860658049583435,429.43975830078125,472.1125793457031,0.9478558897972107,258.4026184082031,461.083984375,0.9786147475242615,190.2686004638672,553.3836669921875,0.9382541179656982
254,441.48712158203125,295.69940185546875,0.984489381313324,341.62457275390625,357.11151123046875,0.9882122278213501,432.06414794921875,471.5505676269531,0.9483603239059448,259.4567565917969,460.0281066894531,0.9836327433586121,193.25953674316406,550.2803955078125,0.9085578918457031
255,443.6004638671875,294.280029296875,0.9866732358932495,342.91546630859375,355.9782409667969,0.9865520000457764,433.99462890625,470.8785705566406,0.9710022211074829,260.72845458984375,457.6351623535156,0.9890458583831787,196.8480224609375,547.7410278320312,0.9406207799911499
256,445.4815979003906,293.7488098144531,0.9833420515060425,343.9147644042969,355.4144287109375,0.9793235063552856,435.6580810546875,470.9482421875,0.9793518781661987,264.01141357421875,454.6037902832031,0.9836779832839966,200.6925506591797,546.8746337890625,0.9431455135345459
257,447.779541015625,292.95623779296875,0.9888618588447571,346.0458984375,354.06304931640625,0.9849268198013306,437.782958984375,471.3547668457031,0.9809648990631104,265.75811767578125,448.3871765136719,0.9837989211082458,210.51516723632812,545.5507202148438,0.912973940372467
258,449.62518310546875,292.4754943847656,0.994201123714447,347.1922302246094,353.5403137207031,0.9885730743408203,439.59063720703125,471.2919616699219,0.9738443493843079,266.533447265625,445.3438415527344,0.981023907661438,222.7847900390625,547.2233276367188,0.9157438278198242
259,451.13031005859375,292.03717041015625,0.994323194026947,349.035888671875,353.1694641113281,0.9894058108329773,443.6729431152344,470.222900390625,0.9688138365745544,269.6325988769531,441.6072998046875,0.979759931564331,237.19561767578125,545.7499389648438,0.8297415375709534
260,452.7676086425781,291.7757263183594,0.99281907081604,350.8836669921875,352.84552001953125,0.9848471283912659,444.8785705566406,470.82440185546875,0.957230806350708,273.04620361328125,436.9861755371094,0.9838042259216309,252.7617645263672,546.9154052734375,0.8326917886734009
261,455.7326354980469,290.2346496582031,0.9895132184028625,353.4437255859375,352.7514343261719,0.979783833026886,448.4476623535156,471.3304748535156,0.9375131130218506,278.30072021484375,435.1595458984375,0.9802404046058655,267.0019836425781,542.0296630859375,0.845352053642273
262,457.4029541015625,290.25439453125,0.991097092628479,355.5297546386719,352.6990966796875,0.9860138893127441,450.91802978515625,470.54168701171875,0.9718542098999023,281.7290954589844,433.7553405761719,0.9763680696487427,281.9208679199219,539.1974487304688,0.8300600051879883
263,459.3031311035156,290.0735778808594,0.9912827610969543,357.2434997558594,352.36004638671875,0.9877507090568542,453.30303955078125,470.4300842285156,0.9827154874801636,287.15869140625,432.03509521484375,0.9851473569869995,293.9028625488281,534.0745849609375,0.8264362812042236
264,460.7942199707031,290.0286560058594,0.9884924292564392,358.53887939453125,352.9811096191406,0.9838374853134155,455.5809020996094,470.1918029785156,0.9768522381782532,295.0997314453125,431.8418884277344,0.9797360301017761,307.1291198730469,530.9705810546875,0.7826266288757324
265,462.4671936035156,290.0904541015625,0.9845023155212402,360.734619140625,353.69317626953125,0.9841359853744507,459.17437744140625,469.39556884765625,0.9700289964675903,301.42626953125,432.5257568359375,0.9904817938804626,319.68365478515625,531.7670288085938,0.8049386739730835
266,464.73785400390625,289.6034240722656,0.9871989488601685,362.08001708984375,353.9194030761719,0.9871872067451477,463.90423583984375,469.5240173339844,0.9622275829315186,311.0919189453125,435.21539306640625,0.9866093993186951,332.037841796875,532.1309204101562,0.8518844842910767
267,466.38006591796875,289.75250244140625,0.9915083646774292,363.7478942871094,354.782958984375,0.9898756742477417,466.4507141113281,469.2485046386719,0.9807509779930115,316.44085693359375,439.3616638183594,0.9847036600112915,342.1251525878906,530.8785400390625,0.8621052503585815
268,467.8786315917969,290.2265625,0.9915862083435059,365.6977233886719,356.79693603515625,0.9872454404830933,468.7918701171875,469.63763427734375,0.9861068725585938,325.42242431640625,441.1517639160156,0.9907982349395752,354.10345458984375,531.9009399414062,0.8726915121078491
269,469.77130126953125,289.5978088378906,0.9873043298721313,367.8291931152344,358.0134582519531,0.9808157682418823,471.91754150390625,469.861572265625,0.9709619283676147,332.2976989746094,447.86541748046875,0.9894976019859314,363.46282958984375,533.4276733398438,0.8624417781829834
270,472.5045471191406,290.05987548828125,0.9899048209190369,370.7317810058594,359.4739685058594,0.9769172072410583,477.14697265625,469.892822265625,0.9696556329727173,339.3127136230469,457.5232849121094,0.9936847686767578,372.7964782714844,538.2545166015625,0.8838695883750916
271,474.23760986328125,291.5509338378906,0.9913877248764038,372.89263916015625,361.0317077636719,0.9879943132400513,480.7171630859375,470.8417053222656,0.9744939804077148,345.86126708984375,467.2338562011719,0.9932793378829956,380.4684143066406,542.0064697265625,0.8927819728851318
272,475.87213134765625,292.5426940917969,0.9883538484573364,375.54736328125,363.8164978027344,0.9844021201133728,483.8232421875,472.486572265625,0.9843906164169312,351.86358642578125,474.49456787109375,0.9914801716804504,388.5828552246094,548.3931884765625,0.941443920135498
273,477.3392333984375,294.3802185058594,0.984899640083313,377.691650390625,365.9960021972656,0.9720882773399353,485.83282470703125,474.48150634765625,0.9891588687896729,361.4014892578125,480.7445983886719,0.9882806539535522,400.5733947753906,556.8436889648438,0.8627844452857971
274,479.3400573730469,295.369873046875,0.9738818407058716,379.5213317871094,368.33544921875,0.9803588390350342,488.5673828125,476.1052551269531,0.977645993232727,365.4067077636719,489.182861328125,0.9920081496238708,405.57708740234375,563.6927490234375,0.9339458346366882
275,480.35797119140625,296.77642822265625,0.9762523174285889,380.8218688964844,371.9889221191406,0.980366587638855,491.73883056640625,476.9060363769531,0.9698216915130615,372.34710693359375,495.1049499511719,0.9878156185150146,412.2244873046875,572.6778564453125,0.8900640606880188
276,480.8894958496094,298.5773620605469,0.9825954437255859,382.24658203125,374.7720947265625,0.9644151329994202,496.6513977050781,479.1932678222656,0.9653381109237671,376.9940490722656,503.246826171875,0.9870109558105469,413.74041748046875,578.1290283203125,0.9063165783882141
277,481.7213134765625,300.0496520996094,0.9853775501251221,384.46978759765625,377.58746337890625,0.9689328670501709,498.8330078125,482.5254821777344,0.9776369333267212,379.2867431640625,505.0794677734375,0.9928998947143555,412.0593566894531,578.05224609375,0.9334380030632019
278,482.9312438964844,302.0496520996094,0.9848883152008057,385.09222412109375,378.9836120605469,0.9797344207763672,500.6027526855469,484.65802001953125,0.9850050210952759,379.7436218261719,503.8823547363281,0.990784764289856,410.5445251464844,578.751953125,0.9388741254806519
279,483.3700256347656,304.3387451171875,0.9852260947227478,386.0983581542969,379.8477783203125,0.9865761399269104,502.0043029785156,486.5767822265625,0.9868272542953491,379.1622009277344,502.1391906738281,0.9942704439163208,405.3294982910156,577.341552734375,0.9481620192527771
280,483.9801940917969,305.3565368652344,0.9871344566345215,386.8695068359375,380.8013610839844,0.9875199794769287,501.9366760253906,488.8811340332031,0.9864424467086792,376.1263122558594,501.47174072265625,0.9898157715797424,400.44647216796875,577.686767578125,0.9176625609397888
281,484.2171325683594,306.5721130371094,0.9887568950653076,387.004638671875,380.572509765625,0.9879298806190491,501.5383605957031,490.2313232421875,0.988318681716919,373.2619934082031,499.6390075683594,0.9934406280517578,395.5144958496094,579.0318603515625,0.9465942978858948
282,484.35235595703125,307.0811462402344,0.9888243675231934,386.8896484375,380.08758544921875,0.9882583618164062,502.0543518066406,490.51385498046875,0.9853763580322266,368.9267883300781,499.4856262207031,0.9903842806816101,389.4970397949219,578.6500854492188,0.9588867425918579
283,484.377685546875,306.8614807128906,0.9882030487060547,386.1775817871094,379.47283935546875,0.9867677688598633,501.0842590332031,490.5985107421875,0.9840911626815796,365.37054443359375,497.68609619140625,0.9958313703536987,384.7577209472656,579.7528076171875,0.9080893993377686
284,484.0818176269531,306.0421447753906,0.9859551191329956,385.4427185058594,378.3856506347656,0.9813611507415771,500.58563232421875,489.93255615234375,0.9853237867355347,361.4801025390625,496.3246154785156,0.9932172298431396,379.6423645019531,579.548828125,0.9287387132644653
285,483.64288330078125,304.5160217285156,0.9855037927627563,384.3534851074219,376.7977600097656,0.9676591753959656,499.365234375,489.3980407714844,0.9835184812545776,360.8562316894531,492.2743835449219,0.9903085231781006,375.2710266113281,580.258056640625,0.9343346357345581
286,483.5818176269531,301.96173095703125,0.9823565483093262,382.6776123046875,373.75213623046875,0.977776050567627,497.5638427734375,488.55596923828125,0.9759352207183838,357.4364318847656,490.3954162597656,0.9951750040054321,371.5140686035156,579.2266845703125,0.9401239156723022
287,482.4521179199219,300.22491455078125,0.9838799238204956,382.0990905761719,371.29901123046875,0.9816536903381348,496.0255432128906,486.1221923828125,0.9655976295471191,354.3600158691406,488.89434814453125,0.9922323226928711,366.6548767089844,578.605712890625,0.9118707180023193
288,482.1621398925781,298.1910705566406,0.9815525412559509,381.4452819824219,368.73089599609375,0.9844657182693481,493.951171875,484.4969482421875,0.9620352387428284,353.7929992675781,486.87945556640625,0.9849680662155151,364.41900634765625,578.072265625,0.9283901453018188
289,481.48895263671875,296.37054443359375,0.9805126190185547,381.1887512207031,366.9024353027344,0.9824966788291931,491.7972717285156,482.7172546386719,0.9609800577163696,350.0171203613281,486.2315673828125,0.9903931021690369,358.34832763671875,577.2132568359375,0.9416273236274719
290,480.866943359375,294.7658386230469,0.9836304187774658,379.8316955566406,365.4306945800781,0.9838528633117676,490.349609375,480.9770202636719,0.9573127031326294,347.2979431152344,483.19140625,0.993757963180542,355.0586853027344,576.8709716796875,0.9303669929504395
291,480.7000427246094,294.1324157714844,0.9858381748199463,379.7373962402344,364.43505859375,0.987392783164978,487.07220458984375,479.38330078125,0.963801383972168,346.7723388671875,481.8686828613281,0.9932273626327515,351.0325622558594,576.648193359375,0.896292507648468
292,480.5801696777344,293.3475036621094,0.9819895625114441,379.712646484375,363.6968994140625,0.9872435331344604,486.3744201660156,478.99755859375,0.9712512493133545,344.5194396972656,478.8069763183594,0.9853973984718323,348.279296875,573.7372436523438,0.9358431100845337
293,480.65673828125,292.85943603515625,0.9860193729400635,379.71710205078125,363.01983642578125,0.9874892234802246,485.75469970703125,478.6450500488281,0.9742613434791565,344.20794677734375,476.0160217285156,0.9818783402442932,343.19024658203125,574.4356079101562,0.9418798685073853
294,480.5765380859375,292.7944641113281,0.9854987859725952,379.92388916015625,362.76568603515625,0.9853219985961914,485.25396728515625,478.3497314453125,0.9777395129203796,344.3171081542969,474.2784118652344,0.9865687489509583,340.2352294921875,573.9847412109375,0.91789710521698
295,480.5770263671875,292.7438659667969,0.9859079122543335,380.35821533203125,362.6629943847656,0.9830478429794312,484.939697265625,478.3172302246094,0.9796473383903503,343.110107421875,473.73040771484375,0.9909570813179016,338.02606201171875,573.6063842773438,0.9143218994140625
296,480.63629150390625,292.7755126953125,0.9858530163764954,380.91973876953125,362.50872802734375,0.9801326990127563,485.02783203125,478.1470642089844,0.9795379638671875,341.3076171875,473.1319274902344,0.9931279420852661,334.96612548828125,573.20703125,0.8990049958229065
297,480.6279296875,293.0167541503906,0.9839909076690674,381.96051025390625,362.8005065917969,0.9747825264930725,484.70745849609375,477.9330749511719,0.9803091287612915,339.7560729980469,472.5805969238281,0.9928378462791443,332.4925537109375,573.2229614257812,0.9180562496185303
298,480.7386474609375,293.0016174316406,0.9847539663314819,383.9844970703125,362.4015197753906,0.9729577898979187,485.06549072265625,477.6656188964844,0.9793351292610168,338.45037841796875,471.896240234375,0.9895846843719482,328.0063781738281,572.3710327148438,0.931999921798706
299,480.7464904785156,293.1164245605469,0.9829133152961731,385.114990234375,362.0527038574219,0.9776421785354614,485.2906188964844,477.4803161621094,0.9773228764533997,337.1189270019531,471.4067687988281,0.9855971336364746,324.9047546386719,572.0663452148438,0.9279487133026123
300,480.9290466308594,293.5868225097656,0.9856038093566895,386.1839904785156,361.8355712890625,0.9807065725326538,485.2673645019531,476.94842529296875,0.9770029187202454,336.3448181152344,471.7737731933594,0.9845056533813477,322.5096130371094,570.8262329101562,0.9097782373428345
301,481.2899475097656,293.5286865234375,0.9852092266082764,387.8096008300781,361.38360595703125,0.9840831756591797,485.6551208496094,476.4664611816406,0.975174069404602,335.0783996582031,471.1382141113281,0.9854661226272583,319.6031188964844,571.6358032226562,0.893649697303772
302,481.9461975097656,294.0832824707031,0.984538197517395,389.0744934082031,361.1651916503906,0.985123872756958,486.4569396972656,475.986083984375,0.9705238342285156,334.6481628417969,469.6149597167969,0.9876621961593628,317.25433349609375,571.4024047851562,0.9212840795516968
303,482.50567626953125,294.6591491699219,0.986117959022522,390.9183654785156,361.2502746582031,0.9792402982711792,487.031494140625,475.74658203125,0.9701458215713501,333.9836730957031,468.5735168457031,0.9921809434890747,313.0132141113281,570.7546997070312,0.9292488694190979
304,483.26080322265625,295.12664794921875,0.9888834953308105,392.6300048828125,361.4670715332031,0.9699923992156982,487.5020751953125,475.5024719238281,0.9645613431930542,334.04254150390625,467.1933288574219,0.9927512407302856,309.85699462890625,570.2836303710938,0.9186924695968628
305,484.1780090332031,295.8578186035156,0.9853264093399048,394.66009521484375,362.0276794433594,0.979778528213501,487.841064453125,475.2994384765625,0.9598205089569092,333.71234130859375,466.24493408203125,0.9928826093673706,307.2963562011719,570.9580078125,0.9133346676826477
306,485.2257385253906,296.75372314453125,0.9775301814079285,395.99456787109375,361.86334228515625,0.9753857254981995,489.8565368652344,475.4494934082031,0.9484851360321045,333.05718994140625,466.6459655761719,0.9918744564056396,304.8631286621094,570.81201171875,0.8847802877426147
307,486.9378356933594,297.24383544921875,0.9692320227622986,397.22869873046875,362.8994445800781,0.9784766435623169,490.32354736328125,475.5458679199219,0.9497854709625244,333.43768310546875,466.20416259765625,0.9904482364654541,302.1472473144531,570.5458984375,0.8765957951545715
308,488.44073486328125,296.822998046875,0.9730820655822754,398.8038024902344,363.94482421875,0.9648411273956299,490.3744812011719,476.1107177734375,0.9527676105499268,333.2930603027344,465.5439758300781,0.9856187105178833,297.94940185546875,570.5850219726562,0.9143658876419067
309,489.9479675292969,297.4748840332031,0.9748624563217163,401.1944274902344,363.1622619628906,0.9806839227676392,490.4736633300781,476.3824768066406,0.954076886177063,332.8507385253906,465.2411193847656,0.9828078746795654,293.9861755371094,569.7434692382812,0.8825974464416504
310,492.3446960449219,298.92254638671875,0.9708768725395203,402.5885009765625,363.1227722167969,0.9871199131011963,490.9546203613281,477.08642578125,0.9461743831634521,332.8797607421875,463.6118469238281,0.9772891998291016,291.3288879394531,569.7344970703125,0.883416473865509
311,494.4175720214844,300.1582946777344,0.9627491235733032,404.3788146972656,362.9496765136719,0.9870741367340088,490.945068359375,477.65692138671875,0.9454677104949951,332.80828857421875,463.5205383300781,0.9669497609138489,287.9588928222656,567.1280517578125,0.8212974071502686
312,496.2447509765625,301.6718444824219,0.9658550024032593,405.63104248046875,363.6124572753906,0.983642578125,491.0381774902344,478.2243957519531,0.9435065984725952,332.3045959472656,463.1359558105469,0.9577900171279907,285.32366943359375,566.132080078125,0.8621401190757751
313,497.7601013183594,302.8828430175781,0.9748761653900146,406.6969299316406,364.0104675292969,0.9802165031433105,491.4422607421875,479.0605773925781,0.9353057742118835,332.6764831542969,463.5203552246094,0.9509150981903076,282.3041076660156,566.8082275390625,0.8674255013465881
314,499.1359558105469,305.5661926269531,0.9817708730697632,408.32159423828125,364.36199951171875,0.9674267768859863,492.8984069824219,480.5835876464844,0.9298722743988037,333.76385498046875,463.25457763671875,0.941855788230896,278.9884948730469,566.2063598632812,0.8755506873130798
315,500.4055480957031,307.6480407714844,0.9831523895263672,409.8735656738281,365.0817565917969,0.9692715406417847,495.670166015625,483.4049987792969,0.9377622604370117,334.7428894042969,463.4717712402344,0.9269019365310669,277.2884521484375,564.550048828125,0.9054339528083801
316,502.33453369140625,309.34942626953125,0.9783792495727539,410.6704406738281,366.19635009765625,0.9759988784790039,495.8525390625,484.6085205078125,0.9504526853561401,334.1199645996094,464.7511291503906,0.9456409811973572,273.7382507324219,564.1471557617188,0.8864225149154663
317,505.4578552246094,310.4799499511719,0.9780076742172241,411.9703674316406,367.82928466796875,0.98253333568573,495.3139953613281,486.3239440917969,0.9387450218200684,335.4335632324219,463.143310546875,0.91234290599823,271.1023254394531,565.493896484375,0.9078320860862732
318,507.5238342285156,311.92828369140625,0.9682458639144897,413.2372131347656,369.80419921875,0.9865906238555908,494.6236572265625,486.9274597167969,0.9309555292129517,335.02496337890625,461.5179443359375,0.9144787192344666,269.0658874511719,565.6544189453125,0.8872696757316589
319,509.931396484375,312.7855224609375,0.9702198505401611,414.3114318847656,371.06146240234375,0.9850670695304871,496.00799560546875,489.51678466796875,0.9133861064910889,335.8228759765625,464.3320617675781,0.9039717316627502,265.3518981933594,563.1612548828125,0.9276032447814941
320,511.3231201171875,313.57586669921875,0.9606119394302368,414.9648742675781,373.02947998046875,0.9854276180267334,497.51031494140625,490.7117004394531,0.9503540992736816,335.9912109375,461.5451965332031,0.9021698236465454,262.7106018066406,564.4351196289062,0.929905116558075
321,512.1641845703125,315.01409912109375,0.9725937843322754,415.2518310546875,374.2767333984375,0.9804648160934448,498.0769958496094,491.8968811035156,0.9656897783279419,335.45440673828125,464.9520263671875,0.9035118818283081,260.6789855957031,562.9461059570312,0.9382628202438354
322,512.863037109375,315.5055847167969,0.9785870313644409,415.662841796875,375.00115966796875,0.9734857082366943,499.1353759765625,492.53192138671875,0.9669402837753296,334.7371826171875,464.96185302734375,0.911178469657898,258.84246826171875,561.5513916015625,0.9380909204483032
323,513.6290893554688,316.1938171386719,0.9799453020095825,416.9990234375,374.3910827636719,0.9737524390220642,500.0179748535156,493.3237609863281,0.9678328037261963,333.2677917480469,466.9229736328125,0.9446495771408081,257.08465576171875,562.4218139648438,0.9421198964118958
324,514.5966796875,316.4602355957031,0.9831726551055908,417.4575500488281,375.0749816894531,0.9705740809440613,500.8670349121094,493.8658752441406,0.966649055480957,332.0379333496094,466.3198547363281,0.9009090662002563,253.63632202148438,562.9138793945312,0.9542975425720215
325,516.0825805664062,316.2597961425781,0.9827513694763184,417.6151428222656,375.0746154785156,0.9735956192016602,501.96356201171875,493.81500244140625,0.9669175148010254,329.53271484375,468.911376953125,0.885100245475769,251.0858917236328,562.6614990234375,0.9653168320655823
326,517.3529663085938,316.19873046875,0.9835597276687622,417.8198547363281,375.300537109375,0.9740003347396851,502.608642578125,493.5279846191406,0.9652035236358643,328.54095458984375,467.67047119140625,0.9105626344680786,249.88279724121094,561.8245239257812,0.9560571908950806
327,518.373046875,315.5694580078125,0.9808734655380249,417.9692077636719,375.03570556640625,0.9769716262817383,503.42352294921875,493.3184814453125,0.9604562520980835,327.5565185546875,468.676025390625,0.9113667607307434,247.3475341796875,562.1636962890625,0.932178795337677
328,519.2764282226562,314.8695983886719,0.9760440587997437,418.471923828125,374.533447265625,0.9812725782394409,504.6503601074219,492.96466064453125,0.9502201080322266,326.6855773925781,469.53607177734375,0.9083320498466492,247.895751953125,561.3147583007812,0.9459012746810913
329,519.8695068359375,313.39959716796875,0.9753748178482056,419.3040771484375,373.3940124511719,0.9853647947311401,506.5761413574219,492.5662841796875,0.9471345543861389,327.6662902832031,470.0193786621094,0.9016401171684265,247.9414520263672,561.06884765625,0.9482724666595459
330,520.6770629882812,312.8046569824219,0.9777733087539673,419.79559326171875,372.4677734375,0.9848477840423584,507.6875305175781,491.692626953125,0.9364135265350342,327.42828369140625,469.7685241699219,0.9240594506263733,249.56712341308594,560.1200561523438,0.95185387134552
331,521.7916870117188,312.4292907714844,0.9817902445793152,420.5466613769531,371.4346008300781,0.9857348203659058,512.067138671875,491.9414367675781,0.9376097917556763,328.5108947753906,469.4212341308594,0.9501290321350098,248.72853088378906,559.7263793945312,0.8865429162979126
332,523.417724609375,311.22662353515625,0.981635570526123,420.97650146484375,370.9462585449219,0.9848265647888184,513.221923828125,489.9775390625,0.9543743133544922,330.62725830078125,468.3658447265625,0.965438961982727,247.57765197753906,558.912109375,0.916989803314209
333,524.9027709960938,310.2315979003906,0.9775937795639038,421.6266174316406,370.3509826660156,0.9851779937744141,515.729736328125,489.5575256347656,0.9699236154556274,330.25616455078125,469.4458923339844,0.9747614860534668,247.60336303710938,558.2205200195312,0.851465106010437
334,527.3125610351562,309.0484924316406,0.9788165092468262,422.29949951171875,370.3014831542969,0.983497679233551,518.4237060546875,488.8486633300781,0.9554340839385986,329.06201171875,470.64569091796875,0.9652785062789917,247.35137939453125,558.7091064453125,0.8529645204544067
335,528.6118774414062,307.6971435546875,0.9858897924423218,423.12152099609375,369.7333984375,0.9815561771392822,520.3135986328125,488.5269470214844,0.9333528280258179,328.1444396972656,470.0673522949219,0.9769942760467529,247.9629364013672,558.6805419921875,0.9104605913162231
336,529.753173828125,306.3565979003906,0.9883617758750916,425.2823181152344,369.30926513671875,0.978898823261261,523.8079833984375,486.60223388671875,0.9477831125259399,327.5483703613281,469.88055419921875,0.9775286316871643,250.85809326171875,559.8635864257812,0.9484165906906128
337,531.20849609375,304.8341979980469,0.9879047274589539,425.9967956542969,368.7044677734375,0.9813352823257446,525.2587890625,486.26068115234375,0.9520413875579834,327.5312194824219,470.114501953125,0.9811645746231079,254.59353637695312,559.9033813476562,0.9630926251411438
338,533.5775146484375,302.595947265625,0.9845002889633179,427.28704833984375,367.4024963378906,0.9860396981239319,528.6344604492188,486.1863708496094,0.9606081247329712,329.2562255859375,469.74578857421875,0.9793902635574341,258.9389953613281,562.67333984375,0.9425545930862427
339,534.6498413085938,301.3481140136719,0.9822348356246948,428.21392822265625,365.6597595214844,0.9859549403190613,532.0386962890625,485.4366149902344,0.9767686128616333,331.16546630859375,468.88043212890625,0.9878977537155151,262.52197265625,564.2847900390625,0.9078257083892822
340,535.8876953125,299.73541259765625,0.9751733541488647,428.6522216796875,365.1568298339844,0.9852471947669983,533.6351318359375,484.0550842285156,0.9729123115539551,334.1137390136719,466.19207763671875,0.9876981973648071,272.1214904785156,565.0670166015625,0.9551013708114624
341,537.6119384765625,297.524169921875,0.9760131239891052,429.6355285644531,364.492431640625,0.9843651056289673,534.5440673828125,482.9764404296875,0.9647400379180908,339.7665710449219,462.06982421875,0.9849411249160767,279.8180236816406,568.0720825195312,0.8838333487510681
342,539.728271484375,296.1612548828125,0.9790162444114685,431.0955505371094,363.5613708496094,0.9782099723815918,537.547119140625,480.9308166503906,0.9605096578598022,342.1484069824219,459.1051025390625,0.9908446669578552,292.5617370605469,563.9575805664062,0.9111962914466858
343,541.7859497070312,295.1537170410156,0.9804139137268066,432.7013854980469,361.88616943359375,0.983012855052948,539.718017578125,480.5106201171875,0.9556223154067993,345.65179443359375,458.08282470703125,0.9854148626327515,303.3003234863281,565.3718872070312,0.8960452079772949
344,544.2843627929688,294.0450439453125,0.9858047962188721,433.8661193847656,361.0805358886719,0.9830176830291748,541.9951782226562,479.48846435546875,0.937940239906311,348.9912414550781,455.5883483886719,0.9777764081954956,316.86077880859375,566.2163696289062,0.8485791087150574
345,545.9563598632812,293.1598205566406,0.9911123514175415,436.3948974609375,359.34881591796875,0.9823038578033447,546.0350952148438,478.0782775878906,0.9531590342521667,351.3149719238281,452.5204162597656,0.973962664604187,327.6694641113281,565.7281494140625,0.8184542655944824
346,547.9063720703125,291.6861267089844,0.9912539124488831,438.3666076660156,358.2587890625,0.9835939407348633,548.6264038085938,477.16949462890625,0.9641250371932983,357.6829833984375,451.0281677246094,0.9718443155288696,342.3341369628906,564.3236083984375,0.8262747526168823
347,550.0164794921875,289.5740051269531,0.981377124786377,440.8666687011719,357.474365234375,0.9801061749458313,550.23193359375,476.3181457519531,0.9685520529747009,360.7818298339844,450.1683044433594,0.9718644618988037,355.77789306640625,557.8234252929688,0.8454376459121704
348,554.1751098632812,287.9153747558594,0.9868584871292114,442.0000305175781,356.40997314453125,0.9868800640106201,554.6444702148438,474.9422912597656,0.9548957347869873,363.8437194824219,450.0657958984375,0.9832823276519775,368.29443359375,556.344482421875,0.7763761878013611
349,556.7424926757812,287.1294250488281,0.982733964920044,444.1760559082031,355.751708984375,0.9888046979904175,560.322998046875,474.2358703613281,0.9581222534179688,372.93670654296875,448.52996826171875,0.9786156415939331,379.2503356933594,554.3399047851562,0.8432822227478027
350,559.9788208007812,285.30938720703125,0.9714709520339966,447.1120300292969,354.9123840332031,0.98509281873703,563.8138427734375,473.3182067871094,0.9796939492225647,376.9164733886719,448.9701843261719,0.9709349870681763,389.7134094238281,549.6348266601562,0.8417730331420898
351,562.398681640625,284.880615234375,0.9852697253227234,450.76123046875,353.91552734375,0.9852093458175659,566.1915283203125,471.6258239746094,0.9770333766937256,383.1151428222656,448.3594055175781,0.9795094728469849,401.71502685546875,547.4948120117188,0.8029913306236267
352,566.3226318359375,283.8143005371094,0.9857519268989563,453.7295227050781,353.6590881347656,0.9861000776290894,571.8381958007812,470.0273132324219,0.9596074223518372,391.61590576171875,448.8267517089844,0.9690636396408081,412.42340087890625,545.913330078125,0.8795833587646484
353,568.9525756835938,282.23590087890625,0.979527473449707,456.68731689453125,352.9787292480469,0.9827098846435547,577.3026733398438,468.3614196777344,0.9692615270614624,396.5057067871094,450.868408203125,0.9820078611373901,422.9272155761719,546.265869140625,0.88071608543396
354,572.9143676757812,281.85369873046875,0.9774563312530518,459.1077880859375,353.2628479003906,0.9888463020324707,580.5050659179688,468.2952880859375,0.9810042977333069,406.0916748046875,452.5429992675781,0.9804840087890625,435.63262939453125,546.0714111328125,0.8875652551651001
355,576.4216918945312,280.9447021484375,0.9754775762557983,462.5790710449219,353.1501159667969,0.9859665632247925,583.5333251953125,467.2455139160156,0.9650537371635437,410.1777648925781,456.4130859375,0.9790300130844116,444.6790466308594,545.943603515625,0.868049144744873
356,578.9771118164062,280.8590393066406,0.986598014831543,465.78118896484375,354.26702880859375,0.9844433069229126,590.1805419921875,465.4853820800781,0.9599908590316772,417.41827392578125,458.772216796875,0.9842587113380432,452.9634094238281,546.5574951171875,0.8533735275268555
357,581.9603271484375,280.87701416015625,0.9851487278938293,469.29803466796875,355.2820129394531,0.9879797697067261,596.771240234375,466.0384521484375,0.972350001335144,425.25787353515625,462.16387939453125,0.9767991304397583,464.7991027832031,549.0961303710938,0.7833026647567749
358,585.2744140625,280.0877380371094,0.9823181629180908,471.77813720703125,356.44488525390625,0.9814077019691467,602.8482055664062,464.2704772949219,0.9541690349578857,433.54998779296875,468.1588439941406,0.9812332987785339,473.63787841796875,553.9778442382812,0.8747004270553589
359,588.9976196289062,280.9057312011719,0.9773665070533752,475.283935546875,358.97235107421875,0.9820868372917175,608.7739868164062,465.6089782714844,0.9607849717140198,440.0260314941406,473.6273498535156,0.9876456260681152,482.86328125,557.8604125976562,0.8549535870552063
360,592.015869140625,281.4984436035156,0.9741063117980957,477.09185791015625,361.1673278808594,0.9771051406860352,613.599609375,466.3966064453125,0.975223183631897,446.477294921875,483.31158447265625,0.9884932637214661,491.0295715332031,563.921142578125,0.797749400138855
361,594.5919189453125,283.25970458984375,0.9866769313812256,480.6438903808594,363.5148010253906,0.9837824702262878,618.6204223632812,465.67608642578125,0.9689496755599976,454.19683837890625,487.5034484863281,0.9873281717300415,499.4647521972656,570.1817626953125,0.879045844078064
362,597.6399536132812,285.24896240234375,0.9872629642486572,484.4200134277344,366.58343505859375,0.9873446226119995,624.9285888671875,468.53546142578125,0.9736168384552002,459.676513671875,496.89581298828125,0.9880002737045288,503.6249694824219,576.5079956054688,0.9041446447372437
363,599.5087280273438,287.8316955566406,0.9805967807769775,486.54656982421875,369.3344421386719,0.9845017790794373,629.7928466796875,471.3408508300781,0.9809523820877075,467.6842346191406,502.6378173828125,0.9842545986175537,513.22314453125,587.7432250976562,0.838681697845459
364,601.2855834960938,290.80169677734375,0.9883104562759399,489.84967041015625,374.81170654296875,0.9799375534057617,631.7566528320312,475.72406005859375,0.9773827195167542,472.3236999511719,508.55828857421875,0.9864839315414429,515.7536010742188,594.3292846679688,0.9058753252029419
365,603.0828247070312,294.3699951171875,0.9849313497543335,491.3322448730469,379.5304870605469,0.9880594611167908,637.1709594726562,479.3387145996094,0.9552416801452637,477.9737243652344,513.2055053710938,0.9843713045120239,515.5426635742188,595.4694213867188,0.9281982779502869
366,604.925537109375,298.65850830078125,0.9817724227905273,493.745849609375,384.103515625,0.986993670463562,641.9332885742188,484.9789733886719,0.9804750084877014,479.5593566894531,514.3071899414062,0.9860353469848633,513.4818725585938,596.3987426757812,0.9206540584564209
367,606.1353149414062,304.8459777832031,0.9859565496444702,495.6145935058594,390.9131774902344,0.9727333784103394,644.4205932617188,490.25982666015625,0.9888906478881836,479.4700622558594,512.9854736328125,0.9860439300537109,509.9227600097656,595.9268798828125,0.8927690982818604
368,607.9158325195312,309.269775390625,0.9897032976150513,497.2769470214844,395.8860778808594,0.984646201133728,646.108154296875,494.6443176269531,0.9750142097473145,478.09808349609375,512.10498046875,0.9863466024398804,506.9924621582031,596.8964233398438,0.9466222524642944
369,609.3733520507812,315.33642578125,0.9838679432868958,499.26470947265625,400.3287048339844,0.9827532768249512,650.2346801757812,501.56439208984375,0.9686642289161682,474.38629150390625,512.89453125,0.9834363460540771,500.75396728515625,597.9995727539062,0.9381135702133179
370,611.3925170898438,321.0082092285156,0.9865970611572266,500.00299072265625,404.90576171875,0.9876745939254761,648.2127075195312,507.1966857910156,0.9583572149276733,470.9344482421875,511.9243469238281,0.9810469746589661,494.0042724609375,598.8789672851562,0.8685083389282227
371,611.803466796875,325.6431884765625,0.9937419891357422,500.0096130371094,409.1872253417969,0.9841163158416748,650.91650390625,511.76513671875,0.9330552816390991,467.78839111328125,511.5541076660156,0.9765605926513672,490.74285888671875,601.9473876953125,0.9235590696334839
372,612.5958251953125,329.3720703125,0.9865835905075073,500.8294982910156,412.1136169433594,0.9897115230560303,652.239990234375,514.6982421875,0.9600269794464111,463.06842041015625,512.9188842773438,0.9827441573143005,485.8037414550781,602.3853149414062,0.9121640920639038
373,614.5643920898438,333.17364501953125,0.9834978580474854,501.091064453125,413.9745178222656,0.9867687225341797,652.938232421875,518.1369018554688,0.9624434113502502,458.8874206542969,512.8509521484375,0.9754132032394409,481.8628234863281,602.7749633789062,0.8638519048690796
374,615.0401000976562,335.2820739746094,0.981037437915802,500.8830871582031,415.15155029296875,0.9829466342926025,652.2423706054688,520.38623046875,0.9555231332778931,456.14166259765625,511.7841796875,0.9690372943878174,475.91571044921875,602.2825317382812,0.8946762084960938
375,613.838623046875,337.39691162109375,0.9830722212791443,500.126708984375,415.28863525390625,0.9825609922409058,647.4703979492188,523.0568237304688,0.954747200012207,453.2748718261719,510.469482421875,0.979448139667511,469.9719543457031,602.5199584960938,0.9064968824386597
376,613.4405517578125,338.792236328125,0.9869141578674316,499.0080871582031,414.779296875,0.9840230941772461,645.318603515625,524.53857421875,0.9640257954597473,450.3233642578125,509.3025207519531,0.9782218933105469,466.7702941894531,602.3934326171875,0.8591282367706299
377,612.8761596679688,339.37994384765625,0.9872027635574341,497.41552734375,414.1459045410156,0.9853672385215759,642.8872680664062,525.3594970703125,0.9647393226623535,445.8330993652344,509.47601318359375,0.9811312556266785,460.2229919433594,599.6781616210938,0.8770209550857544
378,612.399169921875,340.0058288574219,0.9888850450515747,494.8086853027344,413.19781494140625,0.9809167385101318,641.8388671875,525.7882080078125,0.9549124836921692,442.6007385253906,509.55084228515625,0.9766549468040466,457.5088195800781,602.5840454101562,0.9131606817245483
379,611.9620361328125,340.23760986328125,0.9891057014465332,493.6182861328125,412.16827392578125,0.9829793572425842,636.997314453125,525.1231079101562,0.9350566864013672,440.4808654785156,507.7832946777344,0.9776313304901123,451.0419616699219,599.2589111328125,0.9038395881652832
380,611.43017578125,340.296142578125,0.989593505859375,492.7968444824219,411.4614562988281,0.9854024648666382,634.5421752929688,524.7590942382812,0.9292272329330444,437.50457763671875,505.7674865722656,0.987488329410553,446.9569396972656,602.0932006835938,0.8319052457809448
381,610.9147338867188,340.5604553222656,0.9897467494010925,492.3370056152344,410.63885498046875,0.9809861779212952,631.345947265625,524.8267211914062,0.9339046478271484,434.6744384765625,505.1731872558594,0.9818809628486633,442.4507141113281,598.6571044921875,0.8865088224411011
382,610.5935668945312,339.97015380859375,0.9880050420761108,491.86328125,409.81964111328125,0.9767840504646301,627.9802856445312,524.3102416992188,0.9578871130943298,432.3982849121094,504.9183349609375,0.9671446084976196,436.6924743652344,598.47412109375,0.9192555546760559
383,610.1975708007812,339.55718994140625,0.9875331521034241,491.262939453125,409.0939025878906,0.9724724888801575,627.2754516601562,523.6985473632812,0.9484621286392212,431.768798828125,502.3383483886719,0.9656738042831421,433.47100830078125,597.9699096679688,0.8850432634353638
384,610.1281127929688,339.521484375,0.985114336013794,491.0393981933594,407.41748046875,0.976871907711029,626.5327758789062,523.218017578125,0.9374741315841675,429.4225158691406,500.20343017578125,0.9796990156173706,428.9359436035156,597.5869750976562,0.8798168897628784
385,610.1055908203125,339.57806396484375,0.9870495796203613,490.67431640625,406.2185363769531,0.9811214208602905,625.7857666015625,522.5950927734375,0.9166219234466553,427.84844970703125,499.21441650390625,0.978140115737915,425.40948486328125,597.0294189453125,0.8925508260726929
386,610.3734741210938,339.17926025390625,0.9849824905395508,490.69329833984375,405.3334655761719,0.9851706027984619,625.0164794921875,521.9846801757812,0.9128831624984741,426.5292663574219,497.46221923828125,0.9767611026763916,421.5933837890625,595.143310546875,0.9417496919631958
387,610.69140625,338.8727722167969,0.9847463369369507,490.7730407714844,404.4608459472656,0.9866473078727722,621.4415893554688,521.1583862304688,0.8929846286773682,424.6936950683594,499.1168518066406,0.9600479602813721,418.5282897949219,594.2603759765625,0.9259974956512451
388,610.9327392578125,338.4040832519531,0.9838955402374268,491.28070068359375,403.8949890136719,0.9882011413574219,624.1726684570312,521.3463745117188,0.8934577703475952,423.451171875,498.384521484375,0.965316653251648,414.9745178222656,594.0403442382812,0.9137102365493774
389,611.1416625976562,337.6529541015625,0.9808669090270996,491.8315734863281,403.4353942871094,0.9888440370559692,622.4873657226562,519.5107421875,0.8971721529960632,421.97186279296875,497.5232238769531,0.9749155044555664,412.87506103515625,593.6282958984375,0.9196972250938416
390,611.5794067382812,337.52984619140625,0.9770057201385498,492.5660705566406,402.73114013671875,0.98984295129776,622.23486328125,518.9638671875,0.9120261073112488,419.9486999511719,496.3023376464844,0.9806495308876038,408.4925231933594,594.0880126953125,0.9157074689865112
391,612.1087646484375,336.709716796875,0.9726828336715698,493.1729431152344,402.05419921875,0.9884697198867798,622.631103515625,518.4334716796875,0.9043636322021484,419.0894470214844,494.4566650390625,0.9790855646133423,405.1257629394531,592.8103637695312,0.9138227701187134
392,612.8071899414062,336.4981994628906,0.9671012163162231,494.3643798828125,401.1844482421875,0.985349178314209,624.58056640625,518.0324096679688,0.9071090221405029,418.304443359375,492.5563659667969,0.9733331799507141,401.1987609863281,592.5562133789062,0.8798220157623291
393,614.5191040039062,335.56671142578125,0.9671280980110168,495.3525695800781,400.12420654296875,0.9817368984222412,625.6759643554688,517.2968139648438,0.926749050617218,417.7249755859375,491.431396484375,0.9779833555221558,398.6912536621094,593.2152099609375,0.8948889970779419
394,615.490234375,335.83441162109375,0.9682676792144775,495.923095703125,399.1241149902344,0.9791530966758728,626.0012817382812,516.6685180664062,0.9282350540161133,418.0751953125,490.30230712890625,0.9832690954208374,396.49560546875,592.2994995117188,0.9087209701538086
395,617.07421875,334.9925231933594,0.9670356512069702,498.12957763671875,398.75189208984375,0.9854434132575989,626.1635131835938,515.7788696289062,0.9249430894851685,418.3921813964844,489.75640869140625,0.983720064163208,394.17987060546875,589.63525390625,0.9166288375854492
396,618.6434936523438,334.56207275390625,0.9710620641708374,500.1114807128906,397.6053466796875,0.9892364740371704,625.841796875,514.7205810546875,0.9186229705810547,418.6156005859375,489.2911376953125,0.9827849864959717,390.8150329589844,589.7794799804688,0.9171413779258728
397,620.3775634765625,334.3258361816406,0.9617420434951782,502.5141296386719,396.55059814453125,0.988782525062561,626.9300537109375,514.243896484375,0.9221853017807007,418.40167236328125,489.1806335449219,0.9791657328605652,388.1343994140625,590.028076171875,0.888124942779541
398,621.6640625,332.8601379394531,0.9631255865097046,504.20928955078125,395.6661682128906,0.9869298338890076,626.4989013671875,513.363037109375,0.9295637607574463,418.1346130371094,488.8486022949219,0.9768458604812622,386.0083312988281,589.1716918945312,0.8769629001617432
399,623.6492309570312,332.58624267578125,0.9692211747169495,505.83868408203125,395.124755859375,0.9789419174194336,626.261962890625,511.320556640625,0.9339849948883057,418.2920227050781,488.0513916015625,0.9731982946395874,381.8336181640625,589.4782104492188,0.8920251131057739
400,625.1834106445312,332.6298828125,0.9772785902023315,506.9199523925781,394.50128173828125,0.9829668998718262,625.8925170898438,510.55780029296875,0.9466792941093445,417.98663330078125,487.86407470703125,0.9767132997512817,378.2508239746094,588.9718627929688,0.9256930947303772
401,626.6867065429688,332.55181884765625,0.9734607338905334,507.96124267578125,394.1614990234375,0.9835405945777893,626.9669189453125,509.9600830078125,0.9512944221496582,417.8146057128906,488.1568603515625,0.9700829982757568,373.8740539550781,589.9508056640625,0.9004589915275574
402,627.7344360351562,332.1214599609375,0.9760071039199829,508.8786315917969,393.6329345703125,0.9806516170501709,627.3327026367188,509.2733459472656,0.9600467085838318,416.979736328125,487.5462646484375,0.9651765823364258,370.3021240234375,589.1492309570312,0.882728099822998
403,629.0487670898438,332.48089599609375,0.9726276993751526,510.39984130859375,393.4783630371094,0.9747580885887146,627.43994140625,508.8323974609375,0.9550828337669373,416.07501220703125,487.4483947753906,0.9694214463233948,366.44781494140625,587.9317626953125,0.8604671359062195
404,630.3441162109375,332.5096435546875,0.9614775776863098,512.7606811523438,392.9974365234375,0.9791963696479797,628.0296630859375,508.6434020996094,0.951526403427124,415.05230712890625,487.68115234375,0.9723300933837891,362.3418884277344,587.5200805664062,0.9008477926254272
405,631.2506713867188,332.4045715332031,0.949186384677887,515.183837890625,392.1397399902344,0.97819584608078,628.5158081054688,508.2488098144531,0.9476726651191711,414.7892761230469,487.726318359375,0.9720926880836487,358.5194091796875,588.6900634765625,0.9159954786300659
406,633.1616821289062,331.5966491699219,0.9403416514396667,516.6072387695312,391.7330017089844,0.9778865575790405,628.6959228515625,508.2081298828125,0.9438521862030029,414.7394104003906,488.1065673828125,0.9698184728622437,356.0760192871094,585.9584350585938,0.9283531904220581
407,634.0414428710938,332.23907470703125,0.9575470685958862,517.821533203125,391.6204833984375,0.9719692468643188,628.6893310546875,507.9897766113281,0.9459808468818665,414.5818176269531,488.4151611328125,0.9709978103637695,352.233642578125,586.6454467773438,0.87598717212677
408,635.21630859375,333.1972351074219,0.9581046104431152,519.31591796875,391.9566955566406,0.9708252549171448,628.940185546875,508.0532531738281,0.9421511292457581,413.7537841796875,490.0056457519531,0.9775028228759766,349.428466796875,586.7040405273438,0.8750766515731812
409,636.5517578125,333.2467956542969,0.9578697085380554,520.4503784179688,392.5740661621094,0.9668680429458618,628.3277587890625,507.7605895996094,0.936983585357666,414.0857238769531,490.4512634277344,0.9765669703483582,345.0810852050781,585.9944458007812,0.9003453254699707
410,637.43310546875,333.92095947265625,0.9622821807861328,521.925537109375,392.9924621582031,0.9701257944107056,628.7904663085938,507.7830505371094,0.9495857954025269,413.8763122558594,490.94232177734375,0.9716696739196777,342.49285888671875,584.7886962890625,0.9281073808670044
411,638.5365600585938,334.871337890625,0.9605703949928284,522.9376220703125,393.1963195800781,0.9732149839401245,628.9711303710938,507.84820556640625,0.9521186947822571,414.0370178222656,491.5391845703125,0.9700181484222412,342.0835876464844,582.7049560546875,0.9305720329284668
412,639.7041015625,334.4515380859375,0.9658728837966919,523.7474365234375,393.5074462890625,0.9751793146133423,629.8193359375,508.2391052246094,0.9519373178482056,414.85675048828125,491.6891174316406,0.9739637970924377,340.108642578125,581.3741455078125,0.9447683095932007
413,640.8291015625,334.6458435058594,0.9771829843521118,524.4865112304688,394.24017333984375,0.9759625196456909,629.96142578125,508.7743225097656,0.9484931230545044,414.9754333496094,492.1216735839844,0.9670438766479492,338.4136962890625,581.3880004882812,0.9225075244903564
414,641.93896484375,334.97808837890625,0.9768489599227905,525.5576782226562,395.1177062988281,0.9734400510787964,630.2449340820312,509.28216552734375,0.9550831317901611,413.1640930175781,493.737548828125,0.9740892648696899,335.63909912109375,581.78759765625,0.9197808504104614
415,642.7198486328125,334.6408996582031,0.9792630076408386,526.7570190429688,395.7945251464844,0.9683918952941895,631.2329711914062,509.1205139160156,0.9496104717254639,411.6210632324219,495.6675109863281,0.984032392501831,334.406494140625,581.5123901367188,0.9454076290130615
416,643.1759033203125,334.5475769042969,0.9787901639938354,528.1122436523438,395.36114501953125,0.9694952964782715,632.13037109375,509.1927795410156,0.9482747316360474,411.35687255859375,496.4998474121094,0.9830917119979858,333.1661071777344,580.8634033203125,0.9571540355682373
417,643.4432983398438,333.920654296875,0.9801690578460693,528.5059204101562,395.5300598144531,0.9704718589782715,632.53466796875,509.0382385253906,0.9414393901824951,411.0586242675781,496.7230224609375,0.9758758544921875,331.6848449707031,580.2821655273438,0.9568523168563843
418,643.8422241210938,333.036376953125,0.9824438095092773,528.775390625,395.41357421875,0.9731606245040894,634.7796020507812,508.54864501953125,0.9386250376701355,410.87652587890625,497.12860107421875,0.9754950404167175,330.7481689453125,580.070556640625,0.958693265914917
419,643.9456787109375,332.0602722167969,0.9827373027801514,528.8942260742188,395.2660827636719,0.9731963276863098,634.5895385742188,507.8677673339844,0.9379109144210815,411.24383544921875,496.70947265625,0.9752036333084106,331.2969665527344,578.9370727539062,0.962885856628418
420,644.3299560546875,330.88824462890625,0.9806342124938965,529.1790771484375,394.5667724609375,0.9744715690612793,635.5926513671875,507.28729248046875,0.9078105688095093,411.74920654296875,496.324462890625,0.9787988662719727,331.1539611816406,577.6694946289062,0.9635276794433594
421,644.4551391601562,330.0979919433594,0.9810008406639099,529.3386840820312,394.06365966796875,0.971389889717102,636.2247314453125,506.57183837890625,0.8948465585708618,412.49603271484375,496.0751037597656,0.9759927988052368,331.9356384277344,577.474609375,0.9543706178665161
422,644.5191650390625,327.91619873046875,0.9831147193908691,529.6467895507812,393.1894226074219,0.971998929977417,640.2028198242188,506.21234130859375,0.9196479320526123,413.2813720703125,495.9535217285156,0.978954017162323,331.4502868652344,577.574462890625,0.9580355882644653
423,645.328125,326.2308654785156,0.9837095737457275,530.7225952148438,391.8988952636719,0.9703667163848877,640.6492309570312,505.14898681640625,0.9179753065109253,414.3553161621094,494.9508361816406,0.97748202085495,331.44586181640625,577.4119873046875,0.9570971727371216
424,646.004150390625,325.07489013671875,0.9778664708137512,531.2383422851562,390.2685546875,0.9799907207489014,641.6340942382812,502.9987487792969,0.9465454816818237,415.313232421875,494.71783447265625,0.9812934398651123,331.6766357421875,576.7438354492188,0.9492244124412537
425,647.5521240234375,323.441650390625,0.9789353609085083,531.6522827148438,389.03155517578125,0.9827624559402466,642.8560791015625,502.3996887207031,0.9578810930252075,415.24066162109375,494.56524658203125,0.9855231046676636,331.2539978027344,576.0494384765625,0.9435857534408569
426,648.4899291992188,322.4605407714844,0.9799427390098572,532.4871215820312,387.7425231933594,0.9838900566101074,644.0352783203125,501.3172912597656,0.9581174254417419,414.7644958496094,494.25140380859375,0.9792057871818542,330.7162780761719,575.16455078125,0.9364972710609436
427,649.8399047851562,320.8601379394531,0.9797766208648682,533.0965576171875,386.8976135253906,0.9843742847442627,644.8829345703125,500.4501647949219,0.9584299325942993,413.0796813964844,494.26251220703125,0.9782452583312988,330.835693359375,575.0022583007812,0.9267545938491821
428,651.2007446289062,319.4159240722656,0.9777815937995911,533.832763671875,386.4276123046875,0.9833877682685852,645.2156372070312,499.3203430175781,0.9595394730567932,412.5613708496094,493.3553466796875,0.9745827913284302,330.6668395996094,575.458740234375,0.9115668535232544
429,652.4277954101562,318.89410400390625,0.972057580947876,534.3553466796875,386.3707580566406,0.9806320667266846,646.3306274414062,498.787353515625,0.9497538805007935,413.1554870605469,492.21600341796875,0.9784384965896606,332.7287902832031,575.8279418945312,0.9162214994430542
430,653.7567138671875,317.37237548828125,0.9686031937599182,536.4676513671875,386.06494140625,0.9768532514572144,651.0443725585938,498.5162658691406,0.9407724738121033,414.5736999511719,490.95947265625,0.9758248329162598,336.414306640625,575.5546264648438,0.9261627197265625
431,654.816650390625,316.1144714355469,0.9678421020507812,537.3282470703125,385.7539978027344,0.9832864999771118,652.1818237304688,498.1802062988281,0.9446589946746826,418.68487548828125,488.7704772949219,0.9782530069351196,339.5602111816406,574.5114135742188,0.9254556894302368
432,655.7291870117188,315.2544860839844,0.977763295173645,537.93505859375,385.18896484375,0.9866136312484741,654.007080078125,497.5299987792969,0.9421157836914062,423.00830078125,486.10198974609375,0.9701887965202332,345.81207275390625,574.03857421875,0.9044892191886902
433,656.4401245117188,314.6554870605469,0.9786900281906128,538.7521362304688,384.8392639160156,0.9895981550216675,659.0105590820312,498.53521728515625,0.9491651058197021,426.10772705078125,483.66802978515625,0.9698342084884644,352.34625244140625,578.7511596679688,0.9421898126602173
434,657.2227783203125,314.2002258300781,0.9785839319229126,539.7706298828125,384.3470153808594,0.9908621311187744,660.73974609375,498.2226257324219,0.9521656632423401,430.1003112792969,480.64044189453125,0.9727984666824341,360.6868591308594,578.19580078125,0.9235451221466064
435,657.7105712890625,312.9648132324219,0.9782714247703552,540.8214721679688,384.43011474609375,0.9905602931976318,662.7907104492188,498.07061767578125,0.9363116025924683,436.51611328125,476.88812255859375,0.9862741231918335,371.80224609375,577.8870849609375,0.9199362397193909
436,658.4746704101562,312.5398254394531,0.9817943572998047,542.0509643554688,384.5350341796875,0.9884045720100403,667.6165771484375,497.53424072265625,0.935725212097168,440.2725830078125,473.74700927734375,0.967736542224884,385.5539245605469,577.2362060546875,0.9275715351104736
437,659.1031494140625,311.7083435058594,0.9844813346862793,543.026123046875,384.6134948730469,0.9839171171188354,669.6416015625,498.0609130859375,0.9426077008247375,446.3598327636719,470.52105712890625,0.9703673124313354,400.5946350097656,578.762939453125,0.8978241682052612
438,660.2739868164062,311.2635803222656,0.9868102073669434,544.1555786132812,384.7535400390625,0.9789584875106812,673.8277587890625,498.090576171875,0.9429393410682678,452.453857421875,467.74212646484375,0.9576832056045532,414.6670227050781,579.3120727539062,0.8894155025482178
439,660.6179809570312,310.7110290527344,0.986862063407898,545.8958740234375,384.83050537109375,0.9818052053451538,675.42724609375,498.0213317871094,0.9533966779708862,456.13037109375,465.3299255371094,0.9593180418014526,429.642578125,573.103759765625,0.8257770538330078
440,661.5686645507812,310.370849609375,0.9856138825416565,547.0750732421875,384.78570556640625,0.9858669638633728,677.1742553710938,497.5875244140625,0.9595358967781067,459.1300048828125,464.47906494140625,0.9672369956970215,442.93145751953125,573.2760620117188,0.8108656406402588
441,663.7378540039062,308.60101318359375,0.9827507734298706,548.2116088867188,384.5445251464844,0.985559344291687,679.0421142578125,497.53009033203125,0.9477064609527588,463.09954833984375,464.5503845214844,0.9582254886627197,453.9045104980469,573.9033813476562,0.8742966651916504
442,664.3530883789062,307.95556640625,0.9869397878646851,549.2680053710938,384.3412780761719,0.9850298166275024,684.08837890625,496.43426513671875,0.9454842805862427,470.2467346191406,464.3675537109375,0.9496632814407349,465.58880615234375,571.2780151367188,0.8241947293281555
443,665.1019897460938,307.6501770019531,0.9878981113433838,550.3320922851562,384.0226745605469,0.9819749593734741,686.5011596679688,495.8812561035156,0.9461512565612793,471.160888671875,463.0502014160156,0.9463931918144226,475.9156799316406,572.5213012695312,0.8392118215560913
444,666.1799926757812,306.9095458984375,0.987073540687561,551.205322265625,383.69287109375,0.9782357215881348,689.5734252929688,494.50201416015625,0.9681718349456787,474.7174987792969,464.7125244140625,0.9630248546600342,487.85662841796875,570.8092651367188,0.8507390022277832
445,667.2813720703125,306.2248229980469,0.9849711656570435,553.2039794921875,383.2086486816406,0.9832174777984619,691.4845581054688,493.46966552734375,0.9774771928787231,478.2431335449219,464.2385559082031,0.9417203664779663,498.25146484375,570.0419921875,0.8415237665176392
446,668.4135131835938,306.1806945800781,0.9854156970977783,554.3214111328125,382.864990234375,0.985420823097229,693.0563354492188,493.0323181152344,0.9799954295158386,484.7181396484375,463.4325256347656,0.9528604745864868,505.6289978027344,570.3408203125,0.8026430606842041
447,669.6568603515625,305.3871154785156,0.9841826558113098,555.5126342773438,382.3352966308594,0.9843394756317139,693.7431030273438,492.59423828125,0.9812631607055664,487.1772766113281,464.5072326660156,0.9561801552772522,514.2415771484375,563.88525390625,0.7876337766647339
448,670.6549682617188,305.20111083984375,0.9826725125312805,556.4904174804688,381.84222412109375,0.9831246137619019,694.8189697265625,492.2944030761719,0.9738548994064331,489.87774658203125,465.2663269042969,0.9604529738426208,522.7680053710938,562.96826171875,0.8189253211021423
449,672.553955078125,304.92486572265625,0.9839272499084473,557.6087646484375,381.8871154785156,0.9822821617126465,698.1739501953125,491.2132568359375,0.9587830901145935,493.50152587890625,465.231689453125,0.9701122045516968,529.8392333984375,561.9816284179688,0.7875891923904419
450,674.8773193359375,303.5145263671875,0.982848048210144,559.0540161132812,381.7876281738281,0.9826511144638062,700.856201171875,490.23895263671875,0.9563809633255005,499.0456237792969,466.2137451171875,0.9591509103775024,534.1262817382812,560.1484985351562,0.8387165069580078
451,676.325439453125,302.31689453125,0.984997034072876,560.7957153320312,381.80224609375,0.9840177297592163,705.7064208984375,490.260986328125,0.9732270240783691,502.6078796386719,467.2933654785156,0.9625773429870605,542.3277587890625,560.5115356445312,0.8188067674636841
452,678.65087890625,301.4992370605469,0.9807323217391968,563.2295532226562,381.2960205078125,0.9895617961883545,707.4552001953125,489.5307312011719,0.9791600704193115,504.8663635253906,468.99713134765625,0.9632420539855957,547.6594848632812,560.064453125,0.8691767454147339
453,680.0507202148438,300.8840026855469,0.9755966663360596,566.1334838867188,380.6817626953125,0.9896837472915649,708.9159545898438,489.01055908203125,0.9768515825271606,507.9158935546875,470.9136962890625,0.975831925868988,550.593017578125,560.3126831054688,0.8145372867584229
454,682.1455688476562,300.51702880859375,0.9755229949951172,568.29345703125,380.21429443359375,0.9849315881729126,710.6642456054688,487.6788635253906,0.976691722869873,512.07958984375,473.7037353515625,0.9780391454696655,557.7642211914062,560.5113525390625,0.8696776628494263
455,684.614501953125,299.4501647949219,0.9781985878944397,570.5575561523438,379.78955078125,0.982183575630188,712.380859375,486.649169921875,0.9678876399993896,515.5482177734375,474.47576904296875,0.9840370416641235,562.9899291992188,561.9569091796875,0.8866323232650757
456,686.5349731445312,298.5753479003906,0.9721810817718506,571.731201171875,379.5554504394531,0.9861642122268677,717.3621215820312,484.9056091308594,0.9694799780845642,519.0723876953125,476.9042053222656,0.9714486002922058,567.2410888671875,560.33447265625,0.8101537227630615
457,688.88623046875,298.19940185546875,0.9825270175933838,573.8077392578125,379.9169616699219,0.9822784662246704,721.0842895507812,483.9380798339844,0.9689573049545288,522.6357421875,478.4955139160156,0.9727602005004883,577.4013061523438,561.3339233398438,0.8467644453048706
458,691.4639892578125,298.10760498046875,0.9847090840339661,576.6656494140625,379.8624267578125,0.9863072037696838,723.2573852539062,484.2087097167969,0.9817554354667664,526.0245971679688,478.8583984375,0.9729918837547302,580.453125,560.64599609375,0.8951796889305115
459,693.681884765625,297.8331298828125,0.9813135862350464,578.956787109375,379.9698791503906,0.9891961812973022,725.453857421875,483.0740051269531,0.9819416403770447,532.4044799804688,479.76373291015625,0.9702169895172119,583.3880615234375,560.141357421875,0.8448290824890137
460,694.4553833007812,297.06842041015625,0.9778786897659302,581.9071044921875,379.7132263183594,0.990815281867981,727.6314697265625,482.1125793457031,0.9700554609298706,536.41845703125,482.2842712402344,0.9705280065536499,592.5904541015625,563.1549682617188,0.7821400165557861
461,697.0435791015625,296.0061340332031,0.9722359776496887,584.2560424804688,379.907470703125,0.9866498112678528,732.13623046875,480.4166259765625,0.9699465036392212,541.4656372070312,486.1970520019531,0.9845665693283081,596.8759765625,565.5620727539062,0.8695460557937622
462,698.1099853515625,295.9964599609375,0.978335440158844,586.3141479492188,380.2960510253906,0.9814442992210388,734.5139770507812,480.4225158691406,0.9649518132209778,544.5376586914062,489.41815185546875,0.9870895147323608,599.8003540039062,570.3994140625,0.8357374668121338
463,699.55322265625,295.98883056640625,0.9810484647750854,587.4979858398438,380.8216857910156,0.9841994047164917,737.8058471679688,479.1468811035156,0.9739400148391724,550.8873291015625,491.6192932128906,0.9816315174102783,604.6884765625,573.2445068359375,0.8668856620788574
464,701.6694946289062,297.02081298828125,0.9773223400115967,589.119140625,381.87615966796875,0.9850243330001831,740.2661743164062,481.6468811035156,0.9781428575515747,555.2355346679688,499.1925964355469,0.9848849773406982,609.965576171875,579.0001220703125,0.8685925602912903
465,702.7724609375,298.008056640625,0.9772236347198486,590.7036743164062,383.6822204589844,0.9851884841918945,741.1140747070312,482.8924560546875,0.9830110669136047,560.4948120117188,504.6800842285156,0.972453236579895,612.605712890625,586.1263427734375,0.8457971811294556
466,704.0390014648438,299.7764587402344,0.9812947511672974,592.024169921875,385.77215576171875,0.9809445738792419,741.7464599609375,484.0945739746094,0.9817546606063843,564.3118896484375,505.4395751953125,0.9902193546295166,612.78076171875,589.1524047851562,0.9036067724227905
467,705.450439453125,302.1548767089844,0.9836288690567017,593.9810180664062,389.0079345703125,0.9770378470420837,743.5213623046875,486.1711120605469,0.9796128869056702,566.3486328125,505.47259521484375,0.9883835911750793,610.8212890625,590.666748046875,0.9151247143745422
468,706.3572387695312,305.1130676269531,0.9870791435241699,594.3251342773438,391.761474609375,0.9761474132537842,744.434814453125,488.399658203125,0.9690685868263245,565.84326171875,504.3827209472656,0.9873830080032349,606.2620849609375,589.7105712890625,0.9058532118797302
469,706.340576171875,307.959716796875,0.9929157495498657,594.0020751953125,394.7157287597656,0.9859352111816406,744.5966796875,491.1710205078125,0.9556872844696045,563.6969604492188,504.2116394042969,0.9872750043869019,599.0665283203125,589.26513671875,0.8999379873275757
470,706.7547607421875,310.71685791015625,0.9929176568984985,595.22900390625,397.6098937988281,0.9894530773162842,747.1323852539062,492.95404052734375,0.9560768604278564,560.0997924804688,506.34332275390625,0.9762306213378906,596.2882080078125,591.0869140625,0.9244706630706787
471,707.5732421875,314.770263671875,0.9891707897186279,595.506591796875,399.8077697753906,0.9858861565589905,747.2409057617188,498.4144287109375,0.9563932418823242,556.5108032226562,506.0307922363281,0.9864158034324646,592.9297485351562,592.7219848632812,0.8964130878448486
472,708.8021850585938,317.9408874511719,0.988166093826294,595.53271484375,402.16339111328125,0.9872760772705078,747.4776611328125,502.20867919921875,0.9561142921447754,552.2666625976562,505.4249572753906,0.9820767045021057,586.5787963867188,593.4262084960938,0.9017404317855835
473,707.9985961914062,320.8045349121094,0.9850566387176514,595.3305053710938,404.41064453125,0.9872629642486572,742.4171752929688,506.40972900390625,0.9593385457992554,547.897705078125,505.1874084472656,0.987271785736084,580.0486450195312,592.7078857421875,0.9087105989456177
474,707.59375,323.11785888671875,0.9916930198669434,594.59375,405.5305480957031,0.9840590953826904,741.8564453125,508.3519592285156,0.9674679636955261,544.5151977539062,506.3370666503906,0.9717144966125488,573.8264770507812,592.5091552734375,0.9059461355209351
475,707.139404296875,325.065185546875,0.9936347007751465,592.512451171875,406.44281005859375,0.977297842502594,741.5612182617188,509.90850830078125,0.9662313461303711,541.5147094726562,505.6904296875,0.9827934503555298,571.6705932617188,592.8903198242188,0.930201530456543
476,706.693359375,326.2219543457031,0.9928998947143555,591.1879272460938,406.5666809082031,0.9820966720581055,739.3785400390625,510.66937255859375,0.9557331204414368,537.3571166992188,505.46923828125,0.9741364121437073,565.6868896484375,592.65869140625,0.9191298484802246
477,705.8951416015625,327.87823486328125,0.9894832372665405,589.8343505859375,406.2445068359375,0.9834671020507812,739.1351928710938,513.0137939453125,0.9291982054710388,533.3829345703125,503.8272399902344,0.9781858921051025,561.3599853515625,593.224365234375,0.866209864616394
478,705.3355712890625,328.6843566894531,0.9830750823020935,588.58447265625,405.74774169921875,0.9874788522720337,734.486572265625,513.939697265625,0.9133782386779785,530.5596923828125,503.11572265625,0.9704846739768982,556.2020874023438,592.9852294921875,0.9193270206451416
479,704.8670043945312,329.44573974609375,0.9772836565971375,587.4669189453125,404.8526306152344,0.9890538454055786,732.5718383789062,515.264892578125,0.9305611848831177,526.9970092773438,503.0395202636719,0.9745579957962036,550.7445068359375,592.3359375,0.9047752618789673
480,704.0206909179688,328.7919616699219,0.9766336679458618,586.2110595703125,403.6131591796875,0.9885046482086182,730.6507568359375,515.1708984375,0.9466749429702759,524.2002563476562,501.5103759765625,0.9772340059280396,548.19140625,592.4212646484375,0.8972749710083008
481,703.705078125,328.7165832519531,0.9761952757835388,585.2423706054688,402.34014892578125,0.9859405755996704,726.9152221679688,515.1934204101562,0.9485661387443542,521.533935546875,500.4146728515625,0.9695911407470703,540.6207275390625,590.7054443359375,0.8903924822807312
482,703.107421875,328.41864013671875,0.9749304056167603,583.4088745117188,400.6080627441406,0.9820444583892822,724.644775390625,514.3589477539062,0.9503541588783264,520.9937133789062,498.72552490234375,0.9618078470230103,535.6514892578125,589.9711303710938,0.8990654945373535
483,701.8261108398438,328.08209228515625,0.9758205413818359,582.5538330078125,399.49127197265625,0.9816983342170715,722.1561279296875,514.0325927734375,0.9345990419387817,517.8861083984375,497.49066162109375,0.9715844392776489,532.2249755859375,590.859375,0.9094551801681519
484,701.40380859375,327.6520690917969,0.9770827293395996,582.2064819335938,398.3116455078125,0.9853602051734924,720.6494140625,513.6023559570312,0.919700026512146,515.4374389648438,495.8255310058594,0.9693769216537476,529.034423828125,590.9409790039062,0.9360216856002808
485,701.1373291015625,327.44012451171875,0.9774124026298523,581.1607055664062,397.8426208496094,0.9870737791061401,716.564208984375,512.561279296875,0.9135234355926514,513.8152465820312,493.3868103027344,0.9678763151168823,524.7022705078125,589.9068603515625,0.9418830871582031
486,700.5730590820312,327.1966552734375,0.9821730852127075,580.2764892578125,397.1856689453125,0.9889187812805176,715.1114501953125,511.9941101074219,0.8907142877578735,511.3294982910156,492.9014892578125,0.9671952724456787,521.7791748046875,590.0499877929688,0.9218456745147705
487,700.0222778320312,327.0177917480469,0.9821904897689819,579.229736328125,396.5563049316406,0.9888767004013062,710.9578857421875,510.47393798828125,0.9149405360221863,509.93670654296875,492.40777587890625,0.9655240774154663,517.1771240234375,588.9443969726562,0.9312556982040405
488,699.8805541992188,326.81536865234375,0.982366681098938,578.6276245117188,395.9197692871094,0.9890724420547485,710.1058349609375,510.1444396972656,0.9282090663909912,507.927734375,492.093994140625,0.9718484878540039,513.3206176757812,590.0656127929688,0.9074713587760925
489,699.6586303710938,326.6544494628906,0.9834946393966675,578.259033203125,395.18951416015625,0.9885543584823608,709.22216796875,510.130126953125,0.9383299350738525,507.1809387207031,490.7270812988281,0.9775556921958923,508.1346740722656,588.7685546875,0.9422483444213867
490,699.7186279296875,326.5964050292969,0.9815101623535156,578.0416870117188,394.64825439453125,0.9886230230331421,708.2966918945312,509.75347900390625,0.9452935457229614,503.9276428222656,489.0576477050781,0.975690484046936,504.83251953125,588.0855102539062,0.9177933931350708
491,699.9412231445312,326.4031677246094,0.983447790145874,578.1524658203125,394.234130859375,0.9871693849563599,707.6090698242188,509.5040588378906,0.9471891522407532,503.94097900390625,486.77130126953125,0.9592042565345764,501.2396240234375,587.458251953125,0.908777117729187
492,700.156494140625,326.364501953125,0.983166515827179,578.421142578125,393.5197448730469,0.9860800504684448,707.4795532226562,508.98968505859375,0.9556126594543457,502.9488525390625,486.25469970703125,0.9742342829704285,494.7407531738281,586.23193359375,0.8641008138656616
493,700.2012329101562,325.9175109863281,0.9838806390762329,578.8177490234375,392.8490295410156,0.9842677116394043,706.3129272460938,508.6877136230469,0.9464417695999146,501.709228515625,485.746337890625,0.9688044786453247,492.7780456542969,587.2938232421875,0.9314906001091003
494,700.412109375,325.5859680175781,0.9827719926834106,578.906005859375,392.42108154296875,0.9823558330535889,706.8157958984375,507.8611755371094,0.9395132064819336,500.9267578125,484.68157958984375,0.9679723978042603,488.507568359375,586.36572265625,0.9304046630859375
495,700.755615234375,325.2430725097656,0.9825413227081299,579.831787109375,391.08953857421875,0.9804603457450867,706.4464721679688,507.01617431640625,0.9215939044952393,499.8040771484375,484.0982360839844,0.9546389579772949,486.28472900390625,585.6929931640625,0.9220740795135498
496,701.028564453125,325.2635498046875,0.9803812503814697,580.16357421875,390.1369934082031,0.9830306172370911,706.8335571289062,506.8973693847656,0.922437310218811,496.1007995605469,483.6972961425781,0.9668103456497192,481.7761535644531,582.7216796875,0.9060423374176025
497,701.6705322265625,324.9735412597656,0.9811810255050659,580.7066040039062,389.51934814453125,0.9852822422981262,706.739501953125,506.5098571777344,0.910312294960022,494.4678955078125,482.9026794433594,0.9769791960716248,479.003662109375,582.7620239257812,0.8849623203277588
498,702.4688110351562,324.9833068847656,0.9803929328918457,581.2498168945312,388.5390625,0.9869505763053894,707.3096313476562,506.1035461425781,0.9001014232635498,493.3991394042969,481.97735595703125,0.983108639717102,476.0574645996094,582.3079833984375,0.916676938533783
499,703.745849609375,324.6968078613281,0.9836161136627197,581.5244750976562,387.95819091796875,0.9873397350311279,707.3632202148438,505.8565673828125,0.8994908928871155,492.0343017578125,481.279296875,0.9851940870285034,471.5799865722656,581.66015625,0.914563000202179
500,704.5753784179688,324.6927185058594,0.9876283407211304,582.386474609375,387.4693603515625,0.9837205410003662,706.7720947265625,505.3389892578125,0.8786959648132324,491.2842102050781,480.51397705078125,0.9851391315460205,468.2171325683594,581.2249755859375,0.9003063440322876
501,705.403564453125,324.6308898925781,0.9894015789031982,583.1296997070312,386.7745361328125,0.9791905879974365,707.2119140625,505.075927734375,0.8827492594718933,490.2790832519531,479.1977233886719,0.9838679432868958,465.414306640625,580.1602172851562,0.8868629932403564
502,706.0925903320312,325.22320556640625,0.9899814128875732,585.1719360351562,386.4189758300781,0.9831878542900085,707.24560546875,503.3267517089844,0.8905488848686218,489.9677429199219,478.8194274902344,0.9796565771102905,463.64190673828125,580.6117553710938,0.8937827944755554
503,706.8535766601562,325.40594482421875,0.9902513027191162,585.961669921875,385.98260498046875,0.9863553047180176,707.1436157226562,503.1309814453125,0.9033845663070679,489.52923583984375,478.5637512207031,0.9793609380722046,460.3750305175781,579.8179321289062,0.936194896697998
504,707.2900390625,325.70391845703125,0.9885714054107666,587.3209838867188,386.3560485839844,0.9852265119552612,706.7750854492188,503.050048828125,0.9001148343086243,489.5545959472656,478.4511413574219,0.9749660491943359,456.6525573730469,580.37548828125,0.9270419478416443
505,707.9246215820312,326.14166259765625,0.9861024618148804,588.3995971679688,386.55926513671875,0.9871227145195007,706.376220703125,502.8728332519531,0.8948912620544434,489.77996826171875,477.10858154296875,0.9756940603256226,452.74981689453125,579.5059204101562,0.9166936278343201
506,708.8408813476562,326.5057067871094,0.9842922687530518,589.4630126953125,386.75,0.9864287376403809,706.467529296875,502.95916748046875,0.9014822244644165,489.1449279785156,477.8355712890625,0.9715606570243835,449.74072265625,577.6632080078125,0.8889849185943604
507,709.9585571289062,326.8160705566406,0.9777708053588867,590.6956787109375,387.4477233886719,0.9835193157196045,706.5474853515625,503.23895263671875,0.8882565498352051,489.5460205078125,476.69366455078125,0.9702224731445312,446.6226806640625,578.3342895507812,0.8742879033088684
508,712.3287963867188,327.5107116699219,0.9722908735275269,591.7931518554688,388.1333923339844,0.9831746816635132,706.8327026367188,503.3482360839844,0.8934121131896973,489.1401062011719,476.697021484375,0.9655312299728394,442.3669128417969,577.82373046875,0.8910965919494629
509,714.0086059570312,328.5578918457031,0.9676109552383423,594.28759765625,387.9287109375,0.9845290780067444,707.134765625,504.8628234863281,0.9017728567123413,488.7598571777344,477.8716125488281,0.9650233387947083,437.88970947265625,577.4592895507812,0.9153035879135132
510,715.8650512695312,330.4154052734375,0.9657005071640015,595.8449096679688,388.2164306640625,0.9833931922912598,707.31396484375,505.4682312011719,0.9165847897529602,487.9230651855469,478.3009948730469,0.9712874889373779,433.5195617675781,577.6341552734375,0.8767176270484924
511,716.962646484375,331.74420166015625,0.9672038555145264,597.0577392578125,388.6946716308594,0.9847730398178101,706.8265991210938,505.8053283691406,0.9122037887573242,488.38385009765625,478.0873107910156,0.9640480279922485,430.11651611328125,577.7019653320312,0.8583046197891235
512,717.9127197265625,332.9645080566406,0.966399073600769,598.2271118164062,389.4755554199219,0.9839426875114441,706.3141479492188,506.2798156738281,0.9073373079299927,488.373779296875,478.2878112792969,0.968153715133667,428.34576416015625,577.0970458984375,0.8407166004180908
513,719.1063232421875,333.2729187011719,0.9555164575576782,599.64990234375,389.92059326171875,0.9757533073425293,706.6675415039062,506.64166259765625,0.9322096109390259,488.6613464355469,478.705810546875,0.9673993587493896,423.034423828125,575.94140625,0.9036455154418945
514,719.8319702148438,334.7186279296875,0.955640435218811,601.1954345703125,391.670654296875,0.9724838733673096,706.5066528320312,506.95526123046875,0.9358242750167847,489.0973205566406,478.9798278808594,0.9620486497879028,421.3237609863281,574.8250122070312,0.931337833404541
515,721.07080078125,336.1760559082031,0.9592300057411194,602.3673706054688,392.2996826171875,0.9758517146110535,707.3425903320312,507.62451171875,0.9470813274383545,489.12646484375,480.7286376953125,0.9719080924987793,419.3330993652344,573.9380493164062,0.9417496919631958
516,721.6707153320312,337.80078125,0.9694058299064636,603.2994995117188,393.34173583984375,0.974416971206665,707.1879272460938,507.7593688964844,0.9548428654670715,490.4273986816406,480.599365234375,0.9682145118713379,417.411865234375,572.4634399414062,0.9281643629074097
517,722.84033203125,339.6728515625,0.9700071215629578,604.3414916992188,393.5466613769531,0.9744774103164673,707.9693603515625,508.330810546875,0.9644346237182617,490.5608825683594,481.933837890625,0.9730467796325684,415.6275329589844,571.6153564453125,0.9205189943313599
518,724.0857543945312,340.9595031738281,0.9713424444198608,606.0618896484375,394.42144775390625,0.9781211018562317,707.9000854492188,508.9696960449219,0.9650616645812988,491.9479064941406,481.970703125,0.9653878808021545,414.8829345703125,572.494384765625,0.904153048992157
519,725.254638671875,341.541015625,0.9736166000366211,607.8856811523438,394.8115539550781,0.9764911532402039,709.7431640625,509.5561828613281,0.9625532031059265,491.44671630859375,484.1010437011719,0.9661173820495605,412.47900390625,571.3436889648438,0.9231749773025513
520,727.1839599609375,340.582275390625,0.9569419026374817,609.70703125,395.3170166015625,0.9821230173110962,712.1563110351562,509.7497253417969,0.9378697872161865,491.5715637207031,485.3141174316406,0.9575945138931274,409.2089538574219,571.72509765625,0.9209802150726318
521,728.3167724609375,340.3824462890625,0.9696546196937561,611.4108276367188,396.0277099609375,0.9865504503250122,714.8516235351562,509.6793212890625,0.9251745343208313,491.3337707519531,487.60107421875,0.949555516242981,407.4723205566406,570.7159423828125,0.9488862156867981
522,729.9320068359375,339.84576416015625,0.9736268520355225,612.6514892578125,396.2348327636719,0.9876205921173096,715.646484375,509.7813720703125,0.9219279289245605,491.40252685546875,488.7900390625,0.9412741661071777,405.8249206542969,569.9072265625,0.9586663842201233
523,731.706787109375,338.7467346191406,0.9731670618057251,613.774169921875,395.63885498046875,0.9882032871246338,716.6443481445312,509.9037170410156,0.9199250936508179,491.245849609375,489.4158630371094,0.952844500541687,405.9750671386719,568.5369262695312,0.9542405605316162
524,732.4354858398438,337.2693786621094,0.970199704170227,614.43310546875,395.296142578125,0.9876350164413452,716.9852905273438,509.4814758300781,0.9320265650749207,491.96051025390625,489.35284423828125,0.954439640045166,405.589599609375,568.5529174804688,0.9614790678024292
525,733.1516723632812,335.8435974121094,0.9626173377037048,615.0069580078125,394.82275390625,0.9879142642021179,720.5372314453125,509.7998352050781,0.9310581684112549,492.6553649902344,489.55609130859375,0.9609469175338745,407.89520263671875,567.366943359375,0.9406773447990417
526,733.1749877929688,334.2628173828125,0.9595664739608765,615.3418579101562,393.8633728027344,0.9862462282180786,721.1233520507812,508.39617919921875,0.9288620352745056,493.727294921875,488.9701232910156,0.9609177112579346,408.1712646484375,567.6806030273438,0.9289034605026245
527,733.76953125,332.4847717285156,0.9582717418670654,615.6126098632812,392.6982116699219,0.9822099208831787,722.7213745117188,507.4482727050781,0.9282206296920776,494.3419189453125,488.211181640625,0.9615668058395386,410.2098083496094,566.5964965820312,0.9173020124435425
528,734.4473876953125,330.0361633300781,0.9574555158615112,615.5970458984375,391.5317077636719,0.9724634885787964,723.996826171875,505.681396484375,0.9271353483200073,494.6622314453125,487.0528869628906,0.949997067451477,410.71099853515625,565.4553833007812,0.9460389614105225
529,735.4603881835938,326.5450134277344,0.9540621042251587,616.58984375,389.91033935546875,0.9788190722465515,726.5090942382812,503.20196533203125,0.9379348754882812,496.3741149902344,484.74658203125,0.9591062068939209,411.1093444824219,564.1793823242188,0.9524266123771667
530,735.6515502929688,324.4465637207031,0.9685609340667725,616.9006958007812,388.4751892089844,0.9823672771453857,728.047607421875,502.2618713378906,0.92250657081604,500.5672912597656,483.1850891113281,0.9578371047973633,410.0236511230469,565.0956420898438,0.9382385015487671
531,736.2401123046875,322.21484375,0.966984212398529,617.5377807617188,386.47760009765625,0.9859009981155396,727.7437133789062,500.3857116699219,0.9274122714996338,500.48681640625,482.6462707519531,0.9615637063980103,410.26043701171875,564.5285034179688,0.9465560913085938
532,737.1608276367188,319.5033264160156,0.9703466892242432,618.2705688476562,384.8505859375,0.9875313639640808,727.7398071289062,498.7884216308594,0.9251050353050232,501.3013916015625,480.66375732421875,0.9658232927322388,412.1835021972656,563.9484252929688,0.9451087713241577
533,737.6829223632812,317.3865051269531,0.9768036603927612,619.5003051757812,383.49481201171875,0.9879583120346069,731.7073364257812,497.0298767089844,0.9179951548576355,501.41082763671875,480.00390625,0.9684253931045532,416.80194091796875,561.5728149414062,0.9294546842575073
534,738.4297485351562,315.6837463378906,0.9808634519577026,620.7440185546875,382.2912292480469,0.9846824407577515,733.8099975585938,495.9880065917969,0.9104055762290955,503.06622314453125,478.6329650878906,0.9768738150596619,419.1975402832031,561.080810546875,0.8872848749160767
535,739.6637573242188,313.5668029785156,0.9776409864425659,621.5748291015625,381.8332214355469,0.9828376770019531,739.4191284179688,494.51318359375,0.9372367858886719,504.5984802246094,477.1676025390625,0.9745149612426758,424.0126953125,561.0916748046875,0.9052482843399048
536,740.3861694335938,311.4455261230469,0.9856886863708496,622.2301635742188,381.39697265625,0.9842921495437622,740.478515625,493.56414794921875,0.9505410194396973,508.6658630371094,476.88165283203125,0.9692874550819397,430.74273681640625,563.064453125,0.9449418783187866
537,741.5634765625,309.9153137207031,0.9845016002655029,623.0814208984375,380.6409912109375,0.9829998016357422,743.3274536132812,492.0420227050781,0.9416786432266235,512.8896484375,475.25634765625,0.9687604904174805,436.5944519042969,564.2529296875,0.9005451202392578
538,743.80859375,307.8581237792969,0.9834979772567749,625.1166381835938,378.8160095214844,0.9870241284370422,747.4910888671875,490.78521728515625,0.9344745874404907,517.2192993164062,472.4228210449219,0.967518150806427,445.1305236816406,564.8411865234375,0.9510801434516907
539,745.3692626953125,306.1574401855469,0.9812307953834534,626.7612915039062,378.00628662109375,0.9903919696807861,752.5736083984375,490.3155212402344,0.929703950881958,523.9141845703125,467.5318603515625,0.9789130687713623,455.3857421875,564.4710693359375,0.9070004224777222
540,746.7913208007812,305.0426940917969,0.9827046394348145,629.2294921875,377.3123779296875,0.9903597235679626,755.0191650390625,489.3499755859375,0.9535799026489258,529.872314453125,462.5109558105469,0.9510939121246338,468.2172546386719,564.1251220703125,0.9460249543190002
541,748.2328491210938,304.2723083496094,0.9807109832763672,630.9899291992188,376.9535827636719,0.9857667684555054,757.5875854492188,487.9812316894531,0.9623252153396606,532.175537109375,459.68206787109375,0.9824821949005127,483.58172607421875,563.7883911132812,0.9248048663139343
542,749.2783203125,303.1758728027344,0.9673681855201721,632.3380126953125,376.24163818359375,0.9787944555282593,759.5904541015625,487.79437255859375,0.9404679536819458,535.5458984375,457.1715393066406,0.9556800127029419,498.1293640136719,563.6702270507812,0.9148236513137817
543,750.69287109375,300.978271484375,0.9670308828353882,634.545654296875,375.769775390625,0.980262279510498,765.0752563476562,486.5910339355469,0.9331952333450317,541.938232421875,454.753662109375,0.9586656093597412,512.9833374023438,563.625,0.8952681422233582
544,751.9715576171875,299.8515930175781,0.9741612672805786,636.5255737304688,374.3863830566406,0.9850969314575195,767.1533813476562,486.1078186035156,0.9363970160484314,548.6836547851562,452.869140625,0.9488369226455688,527.23388671875,564.05859375,0.8497541546821594
545,753.6242065429688,298.9401550292969,0.9818127155303955,638.044677734375,373.9925231933594,0.9855402112007141,771.0300903320312,484.4190368652344,0.9619820713996887,551.6876220703125,451.6669616699219,0.9496371746063232,541.4883422851562,563.1768798828125,0.8580132722854614
546,755.2618408203125,297.5875244140625,0.9807246923446655,639.888671875,373.404052734375,0.9850192070007324,773.2510986328125,483.747802734375,0.972099781036377,555.6832275390625,450.8428649902344,0.9672443270683289,553.3116455078125,559.267822265625,0.8802896738052368
547,756.495849609375,295.6863098144531,0.9865817427635193,642.9391479492188,372.32763671875,0.9909793138504028,774.8021850585938,483.619873046875,0.9589807987213135,563.4376220703125,450.9560546875,0.9413861036300659,563.9281005859375,560.1263427734375,0.8850888013839722
548,757.8603515625,294.0056457519531,0.9872701168060303,645.047607421875,371.5655822753906,0.9904749393463135,781.359619140625,481.7037353515625,0.952444851398468,566.753173828125,451.08184814453125,0.9629807472229004,577.0284423828125,557.739990234375,0.8255445957183838
549,760.9967651367188,291.6036376953125,0.984825611114502,646.35302734375,370.9328918457031,0.9882779121398926,785.9266357421875,478.87628173828125,0.9659717082977295,571.146240234375,451.4026184082031,0.9643403887748718,590.2610473632812,557.1168212890625,0.8144311308860779
550,762.9310302734375,290.9910888671875,0.9878901243209839,649.1513671875,369.5966491699219,0.9882152080535889,789.0464477539062,477.5578308105469,0.97725909948349,576.4429321289062,451.3973083496094,0.9388003349304199,602.1438598632812,556.3438110351562,0.8337342739105225
551,764.9593505859375,289.95697021484375,0.9876044392585754,651.2904052734375,368.3952941894531,0.9891767501831055,790.6724243164062,476.6217346191406,0.9762666821479797,582.87109375,451.11566162109375,0.9608891010284424,613.4154052734375,554.9027709960938,0.8762857913970947
552,766.7806396484375,289.3786315917969,0.9806749820709229,653.6141967773438,367.5119323730469,0.9881418347358704,795.6253662109375,474.6054992675781,0.9464744925498962,587.8705444335938,451.2234191894531,0.9725725650787354,623.0767211914062,551.3849487304688,0.8301064372062683
553,769.2630615234375,288.57464599609375,0.9833048582077026,656.4011840820312,367.4006652832031,0.9783763885498047,801.6412963867188,474.01763916015625,0.9692798256874084,594.8319702148438,451.6455993652344,0.9567043781280518,630.5437622070312,546.7721557617188,0.8827667832374573
554,771.65185546875,286.10498046875,0.9861314296722412,659.2153930664062,367.2096252441406,0.9876663684844971,804.0697021484375,472.7955017089844,0.9765426516532898,599.5665283203125,452.46728515625,0.9663156270980835,641.98779296875,544.6603393554688,0.8874872922897339
555,774.0321655273438,284.1801452636719,0.9839959144592285,662.1248779296875,366.97650146484375,0.9851763248443604,805.8629150390625,471.14849853515625,0.9797013998031616,604.56884765625,455.2255859375,0.9775232076644897,646.9766235351562,544.3668212890625,0.8376303315162659
556,776.1114501953125,283.5329284667969,0.9773740768432617,665.1078491210938,365.23919677734375,0.9814528822898865,810.8237915039062,468.34771728515625,0.9713610410690308,610.5813598632812,457.54736328125,0.9823455810546875,659.92138671875,547.7269897460938,0.893608570098877
557,778.6317749023438,282.5719909667969,0.9834550619125366,667.7510986328125,365.1124572753906,0.9827687740325928,814.5422973632812,466.6126403808594,0.9634957909584045,616.64794921875,460.8211669921875,0.975736141204834,669.0928344726562,546.8495483398438,0.8540469408035278
558,782.0736083984375,280.6539306640625,0.974788248538971,670.2916870117188,365.77044677734375,0.9831840395927429,819.4055786132812,463.07000732421875,0.9755407571792603,622.6381225585938,463.7369079589844,0.9702310562133789,676.6958618164062,547.7112426757812,0.8989131450653076
559,784.3260498046875,279.5531311035156,0.9839555025100708,673.801513671875,366.11932373046875,0.9870173931121826,821.7430419921875,461.76904296875,0.9829949140548706,632.0115356445312,467.1832275390625,0.9726133942604065,685.4649047851562,547.3938598632812,0.8661907911300659
560,786.65673828125,279.27508544921875,0.991794228553772,677.5907592773438,366.0931701660156,0.9876783490180969,826.716796875,460.41265869140625,0.9703524112701416,635.6959228515625,470.9490051269531,0.979856014251709,692.42919921875,549.301025390625,0.8859062790870667
561,789.2800903320312,278.76318359375,0.9909576177597046,680.9844970703125,365.54376220703125,0.9797549843788147,833.7852783203125,459.6662292480469,0.9808060526847839,641.342529296875,473.00054931640625,0.9909542798995972,700.0694580078125,550.4407958984375,0.8696532249450684
562,793.446533203125,278.12469482421875,0.9889650344848633,683.47900390625,366.2782287597656,0.9863135814666748,836.2468872070312,459.2020263671875,0.9869403839111328,649.3076171875,476.8240661621094,0.9814004898071289,708.1360473632812,554.9016723632812,0.8078783750534058
563,796.078125,278.1243591308594,0.9870022535324097,686.5977172851562,367.1204528808594,0.9857827425003052,838.86962890625,459.86248779296875,0.9858353137969971,656.09375,481.2437438964844,0.9756710529327393,711.6663208007812,557.004150390625,0.8387657999992371
564,799.6353149414062,279.052978515625,0.9789960384368896,689.6497802734375,369.2102966308594,0.9801956415176392,842.9083862304688,459.3923034667969,0.970533013343811,664.338623046875,485.4402160644531,0.9807231426239014,721.9494018554688,564.0719604492188,0.8618059158325195
565,801.7467041015625,281.2945251464844,0.9844639301300049,691.74560546875,371.4617919921875,0.9864665865898132,848.4774169921875,461.36016845703125,0.9756170511245728,670.3389282226562,490.7801208496094,0.9789401292800903,725.7373657226562,571.1646118164062,0.8711423873901367
566,804.9896850585938,283.0623779296875,0.9842790365219116,694.1092529296875,373.7930603027344,0.9846067428588867,850.953857421875,462.8980712890625,0.9838935732841492,675.001708984375,493.46881103515625,0.981412410736084,726.8316040039062,577.1876220703125,0.8826055526733398
567,807.280029296875,286.1070556640625,0.9812108278274536,697.748046875,377.2008361816406,0.9808193445205688,853.1542358398438,468.3566589355469,0.9846910238265991,679.4383544921875,496.3096618652344,0.9786494374275208,724.9442749023438,579.3738403320312,0.9300141334533691
568,809.59326171875,288.55279541015625,0.9849316477775574,699.2301635742188,380.4093933105469,0.983715295791626,855.122314453125,472.1070251464844,0.9823446273803711,680.735595703125,495.4613952636719,0.9767094850540161,722.3515014648438,579.9891357421875,0.9179517030715942
569,811.6013793945312,292.0550231933594,0.984709620475769,701.2737426757812,384.11810302734375,0.9872616529464722,856.7186279296875,475.6550598144531,0.961905837059021,680.5260009765625,494.05780029296875,0.9709137678146362,717.6754760742188,579.6290893554688,0.8977062702178955
570,813.6121215820312,297.9244689941406,0.9800412654876709,702.2249755859375,388.60638427734375,0.9838094711303711,860.421142578125,480.5860595703125,0.9647446870803833,678.4779663085938,494.8254089355469,0.9787302017211914,715.8396606445312,581.1137084960938,0.9326287508010864
571,815.620361328125,302.0538024902344,0.9789425134658813,703.4324340820312,393.2464599609375,0.9689087867736816,861.9065551757812,486.34521484375,0.9607702493667603,674.9647216796875,495.4952392578125,0.9806855916976929,709.8651733398438,582.3718872070312,0.9397001266479492
572,816.86962890625,307.2959289550781,0.9887304306030273,705.0173950195312,397.5638732910156,0.9853770732879639,864.7251586914062,490.9848327636719,0.95292067527771,670.4868774414062,496.2247009277344,0.979705274105072,705.0692138671875,582.681884765625,0.8963748812675476
573,817.8004760742188,311.4845886230469,0.9905219078063965,706.5707397460938,400.51751708984375,0.9814423322677612,864.232666015625,494.60430908203125,0.9503111839294434,666.78076171875,496.2465515136719,0.9777401685714722,701.0598754882812,583.455078125,0.9132471084594727
574,819.3464965820312,315.3887023925781,0.9849165678024292,707.0128784179688,403.5853576660156,0.9859493970870972,864.0297241210938,499.6288146972656,0.9427634477615356,663.6668090820312,495.7884216308594,0.9768758416175842,693.05810546875,583.148193359375,0.9439336061477661
575,820.581787109375,319.0675964355469,0.9841854572296143,706.6609497070312,405.658203125,0.9823439121246338,864.6516723632812,503.016357421875,0.951510488986969,659.5247802734375,495.4982604980469,0.9818885326385498,689.783203125,585.7448120117188,0.8885756731033325
576,819.6671752929688,322.6858215332031,0.9845237731933594,705.754638671875,407.09918212890625,0.9737052321434021,858.7984619140625,506.7972412109375,0.9445151090621948,654.7183227539062,496.091552734375,0.9826371669769287,685.3345947265625,585.8165893554688,0.898228645324707
577,819.4884643554688,325.2530517578125,0.986268162727356,703.7050170898438,408.09320068359375,0.9699811935424805,857.8767700195312,508.5139465332031,0.9520925879478455,651.20458984375,495.0572509765625,0.9765676856040955,678.5338134765625,585.9497680664062,0.9278957843780518
578,819.0509643554688,326.8049011230469,0.9862844347953796,701.5851440429688,409.02288818359375,0.974030613899231,855.1632690429688,510.3880920410156,0.9391320943832397,647.8579711914062,494.0540466308594,0.9710185527801514,675.4370727539062,586.2991943359375,0.9106075167655945
579,818.6093139648438,327.84234619140625,0.9849685430526733,700.5280151367188,408.8919372558594,0.9766848087310791,853.6715698242188,512.8568725585938,0.9373857975006104,645.1170654296875,493.7518310546875,0.9820870161056519,669.41748046875,585.6109008789062,0.8769324421882629
580,818.1329956054688,328.7357177734375,0.9823465347290039,700.0077514648438,407.89886474609375,0.9791200160980225,851.076416015625,513.5718383789062,0.9410759210586548,641.9636840820312,493.00164794921875,0.9840231537818909,667.2352294921875,586.2930908203125,0.8988621234893799
581,817.5394897460938,328.8634338378906,0.9794088006019592,699.0604248046875,407.1274108886719,0.9820398092269897,848.8518676757812,514.1680297851562,0.919452428817749,638.6948852539062,492.5076904296875,0.9766764044761658,661.0006103515625,586.3494262695312,0.9119485020637512
582,817.2293701171875,329.655517578125,0.9753047227859497,697.6006469726562,406.1611022949219,0.982668399810791,844.834228515625,514.3412475585938,0.9245357513427734,636.0892944335938,491.72515869140625,0.9821906685829163,654.0617065429688,583.6862182617188,0.8733489513397217
583,816.7949829101562,328.6152038574219,0.9738004207611084,695.532958984375,404.6421813964844,0.9797046184539795,839.3377685546875,514.1348876953125,0.9156999588012695,631.8370361328125,490.5236511230469,0.9828402996063232,651.1488037109375,583.838134765625,0.9000028371810913
584,816.0853881835938,328.3703308105469,0.9734572172164917,694.4346313476562,403.7512512207031,0.9840558767318726,837.5116577148438,513.64111328125,0.9398592710494995,629.600341796875,489.2196350097656,0.9896843433380127,646.5938720703125,585.821533203125,0.9324585199356079
585,814.7276000976562,328.04730224609375,0.9692043662071228,693.6582641601562,402.9982604980469,0.9859340190887451,836.9607543945312,513.3368530273438,0.9319641590118408,627.7141723632812,487.54364013671875,0.9845126867294312,641.634033203125,582.9780883789062,0.906395435333252
586,814.4063110351562,327.52886962890625,0.9717532992362976,693.3004150390625,401.9598388671875,0.9866315126419067,835.16015625,513.6083984375,0.9227728843688965,625.7305297851562,487.1365051269531,0.9656215906143188,636.9132690429688,583.034912109375,0.9002813100814819
587,814.3009643554688,327.0941162109375,0.9729375839233398,693.1603393554688,400.6946716308594,0.9835698008537292,833.7425537109375,513.5494995117188,0.9164513349533081,624.2801513671875,485.71246337890625,0.9576824903488159,632.9599609375,582.0335693359375,0.9492700099945068
588,814.2522583007812,326.96258544921875,0.9727108478546143,692.9556884765625,399.5752258300781,0.9804395437240601,833.0615234375,513.2244873046875,0.9047771692276001,622.9886474609375,485.1435852050781,0.9598597884178162,629.0507202148438,581.8289794921875,0.9458490610122681
589,814.164794921875,326.68084716796875,0.9729993939399719,693.1024169921875,398.3856201171875,0.9840757846832275,832.8275756835938,512.8232421875,0.873234748840332,619.9376831054688,483.96630859375,0.9777196645736694,624.4376831054688,580.4602661132812,0.922206699848175
590,814.3313598632812,326.382080078125,0.9714377522468567,693.0343627929688,397.30517578125,0.987869143486023,829.0140991210938,509.7132568359375,0.8839168548583984,618.8432006835938,481.5455627441406,0.9703363180160522,621.4187622070312,580.7909545898438,0.937895655632019
591,814.353759765625,325.7452087402344,0.9745737910270691,692.8719482421875,396.284912109375,0.9890109300613403,828.5225830078125,509.104248046875,0.9008413553237915,616.9188232421875,481.6747741699219,0.9594736099243164,617.3346557617188,580.5480346679688,0.930387556552887
592,815.7892456054688,325.4281921386719,0.9769365787506104,692.749755859375,395.38800048828125,0.9905354976654053,828.462158203125,508.6147155761719,0.9281836748123169,615.8646240234375,480.6781005859375,0.9593460559844971,613.39697265625,579.3713989257812,0.9547488689422607
593,816.3985595703125,325.3048095703125,0.9803754091262817,692.9522705078125,394.4731140136719,0.9900404214859009,827.5996704101562,507.9370422363281,0.9226354360580444,614.4137573242188,479.28509521484375,0.9627442359924316,608.585205078125,577.9908447265625,0.9256910085678101
594,816.9019165039062,324.7874755859375,0.9792191386222839,693.4011840820312,393.51837158203125,0.9887827038764954,827.80224609375,507.4619445800781,0.9237107038497925,612.5671997070312,477.00836181640625,0.9767284393310547,604.72216796875,577.3956298828125,0.964565634727478
595,817.3312377929688,324.81268310546875,0.9803253412246704,693.9755859375,392.49554443359375,0.9845072627067566,828.1615600585938,507.03717041015625,0.9239233732223511,610.6812744140625,476.2942199707031,0.9799783229827881,601.826904296875,577.7025756835938,0.9555352926254272
596,818.2625122070312,324.673583984375,0.9831486344337463,694.6146850585938,391.2420349121094,0.9807488322257996,828.6138916015625,506.7174072265625,0.9052197933197021,609.9197387695312,475.6300048828125,0.9771769642829895,598.0554809570312,575.9035034179688,0.9526093006134033
597,818.7471923828125,324.39422607421875,0.9828574061393738,695.327880859375,390.3709411621094,0.9785304069519043,828.5184936523438,506.2826232910156,0.8892815113067627,607.193359375,475.5171203613281,0.9716976284980774,595.9869995117188,574.8312377929688,0.9303929805755615
598,819.660400390625,323.78802490234375,0.9778198003768921,696.9081420898438,389.8965148925781,0.9798984527587891,828.7844848632812,506.0049743652344,0.8773486018180847,606.5762329101562,475.2011413574219,0.9706263542175293,593.1138916015625,573.8646240234375,0.9243026375770569
599,820.4078979492188,323.06842041015625,0.9702304601669312,697.6863403320312,389.15789794921875,0.9858441352844238,829.2977294921875,505.4530944824219,0.8712278604507446,606.2332153320312,475.19512939453125,0.9677543640136719,590.3223266601562,573.5958251953125,0.9369596242904663
600,821.5735473632812,322.58203125,0.9553465843200684,698.9588623046875,388.5184631347656,0.9894053936004639,833.1763916015625,505.51251220703125,0.8820842504501343,606.1571655273438,474.84100341796875,0.9667515754699707,587.1217041015625,572.6886596679688,0.9408754706382751
601,823.4750366210938,322.26678466796875,0.9627753496170044,700.23974609375,388.0272216796875,0.98902428150177,833.3619384765625,503.5546875,0.8936612010002136,606.20751953125,474.5642395019531,0.9629154205322266,583.5448608398438,572.0153198242188,0.9526438117027283
602,825.503662109375,323.2434387207031,0.9675719738006592,701.7992553710938,387.3100280761719,0.9853790402412415,833.2489013671875,503.1859130859375,0.8867051601409912,605.8098754882812,474.5027160644531,0.955187201499939,579.1588745117188,570.9500122070312,0.9338669776916504
603,826.79638671875,323.4072265625,0.9624501466751099,703.0772705078125,387.0966491699219,0.9832941293716431,833.4924926757812,503.2586669921875,0.9022692441940308,605.5831909179688,474.0779724121094,0.957518458366394,576.322509765625,569.7088623046875,0.8722696900367737
604,828.3375244140625,324.3510437011719,0.9713891744613647,705.5579833984375,386.99884033203125,0.980130672454834,833.3909301757812,503.3332824707031,0.9022696018218994,606.1615600585938,473.6632080078125,0.9504649639129639,573.78662109375,570.9613647460938,0.8849390745162964
605,831.3216552734375,325.38970947265625,0.9700795412063599,707.4367065429688,387.39892578125,0.9850996732711792,833.1375122070312,503.41473388671875,0.8963778614997864,605.9100952148438,473.6834716796875,0.9464457035064697,570.3717041015625,570.7294921875,0.9276976585388184
606,833.1408081054688,325.8028869628906,0.9781295657157898,709.1542358398438,386.98358154296875,0.9857087731361389,833.2337036132812,503.56671142578125,0.8934506177902222,606.1749267578125,473.357421875,0.9417003989219666,565.7409057617188,569.9680786132812,0.9359148740768433
607,834.5044555664062,326.8589172363281,0.978397786617279,710.7239990234375,387.35943603515625,0.9814572334289551,833.149658203125,505.6199645996094,0.89240562915802,605.8928833007812,473.2519226074219,0.948432445526123,562.1735229492188,569.7654418945312,0.9141534566879272
608,835.7916870117188,328.1236267089844,0.9745733141899109,713.1536254882812,387.8680725097656,0.9800162315368652,832.4413452148438,506.0616760253906,0.8640272617340088,605.7421875,473.6797790527344,0.9489091634750366,560.8814697265625,569.7239990234375,0.8736778497695923
609,838.028564453125,330.22406005859375,0.9641790390014648,714.44921875,388.5819091796875,0.984441876411438,832.2427368164062,506.33380126953125,0.8762985467910767,606.8327026367188,473.3310241699219,0.9491826295852661,558.1781005859375,566.9645385742188,0.8805153369903564
610,839.6377563476562,332.1329040527344,0.9547975063323975,716.353515625,389.4413757324219,0.9860199689865112,830.0048217773438,506.5695495605469,0.8967534303665161,610.5637817382812,471.9126281738281,0.939274251461029,555.21240234375,566.6860961914062,0.8913783431053162
611,842.0307006835938,334.53424072265625,0.9309215545654297,717.8723754882812,390.486083984375,0.9803630113601685,829.8471069335938,506.96319580078125,0.9035577178001404,611.9143676757812,472.0926818847656,0.9362203478813171,551.02880859375,569.029052734375,0.9167269468307495
612,844.0836791992188,335.15277099609375,0.9432557225227356,721.2796020507812,390.9392395019531,0.9709607362747192,828.8850708007812,507.5573425292969,0.9339898228645325,613.494140625,471.98553466796875,0.9064739942550659,550.2857666015625,568.4138793945312,0.9264909029006958
613,845.3594970703125,335.9095458984375,0.9474764466285706,722.5645751953125,392.35406494140625,0.9776051044464111,829.6270141601562,507.9208679199219,0.9271869659423828,614.80419921875,472.80633544921875,0.9011164903640747,549.0615234375,565.8627319335938,0.9381517171859741
614,847.37646484375,337.6476135253906,0.9634068012237549,724.7533569335938,392.25592041015625,0.9811283349990845,833.4139404296875,509.0496826171875,0.937759518623352,615.1304321289062,474.22821044921875,0.8983868360519409,545.8052978515625,566.7269897460938,0.9150177240371704
615,848.9816284179688,338.76434326171875,0.9785071015357971,727.0401000976562,393.099853515625,0.9803286790847778,832.3624267578125,508.9703674316406,0.9169831275939941,618.1809692382812,474.88043212890625,0.892231822013855,543.19482421875,567.0353393554688,0.9140267372131348
616,850.3234252929688,339.4993591308594,0.9750003814697266,729.9263916015625,393.5539855957031,0.9749311804771423,833.6715698242188,509.7562561035156,0.9383538961410522,618.7002563476562,475.53948974609375,0.888413667678833,540.9032592773438,566.9984130859375,0.9145891666412354
617,852.0648193359375,340.2583923339844,0.9669691324234009,731.0897216796875,393.87359619140625,0.977847695350647,834.77880859375,510.26861572265625,0.9371770620346069,619.6098022460938,475.6883850097656,0.8614912629127502,540.119873046875,566.6978149414062,0.9208081960678101
618,853.851318359375,340.2943420410156,0.9523141980171204,732.5459594726562,394.0228271484375,0.9765893220901489,836.19482421875,510.5435791015625,0.9339612722396851,620.6412353515625,476.2401123046875,0.8725064992904663,537.6572875976562,564.9613037109375,0.9208146929740906
619,856.0967407226562,339.7049560546875,0.9636216163635254,735.8827514648438,394.30731201171875,0.9705615639686584,838.2742309570312,510.9320983886719,0.9048928022384644,620.505859375,478.4896545410156,0.873779833316803,535.023681640625,564.2981567382812,0.9560242295265198
620,858.6064453125,339.806640625,0.9777294397354126,737.9998168945312,394.4931335449219,0.9793387651443481,840.5416259765625,511.45703125,0.8629423379898071,619.8321533203125,480.5529479980469,0.8878024816513062,534.0438842773438,563.2314453125,0.9648520946502686
621,860.87109375,339.7101745605469,0.9756583571434021,740.268310546875,395.1271667480469,0.9868391752243042,845.6666870117188,512.7489624023438,0.8682032823562622,617.9268188476562,483.4637756347656,0.9262701272964478,532.6172485351562,563.2198486328125,0.9610844850540161
622,863.2640380859375,338.50897216796875,0.9737077951431274,742.1879272460938,395.031005859375,0.987980842590332,849.9332275390625,514.3484497070312,0.8943012952804565,616.4248657226562,486.95458984375,0.9153828024864197,532.7420654296875,561.8904418945312,0.9599122405052185
623,864.4091796875,337.9245910644531,0.9779998064041138,743.6078491210938,395.45196533203125,0.9850527048110962,851.0112915039062,514.2546997070312,0.9009374380111694,616.6238403320312,487.88336181640625,0.924835205078125,533.7371826171875,560.3682250976562,0.952041506767273
624,865.43115234375,336.80126953125,0.9747275114059448,744.9795532226562,395.37799072265625,0.9794929027557373,852.8955688476562,513.8359985351562,0.9158688187599182,618.5037231445312,487.82275390625,0.8963755369186401,533.9683227539062,560.0247192382812,0.9532259702682495
625,866.2099609375,334.80853271484375,0.9808389544487,746.3968505859375,395.1788024902344,0.9773562550544739,853.6493530273438,513.3787231445312,0.9074121713638306,619.297119140625,487.9202880859375,0.9000126123428345,533.70703125,560.136474609375,0.9560387134552002
626,866.6728515625,333.9525146484375,0.9793817400932312,746.8187866210938,394.53564453125,0.9810422658920288,853.7203979492188,510.84619140625,0.9264410734176636,618.8892822265625,487.875732421875,0.9049296975135803,532.5751953125,560.434814453125,0.9465073347091675
627,867.0779418945312,332.283203125,0.9801548719406128,747.006103515625,394.0104675292969,0.9814052581787109,854.9173583984375,509.66510009765625,0.9248450994491577,620.6201171875,484.9570617675781,0.8954359292984009,533.8243408203125,559.6754150390625,0.9493794441223145
628,868.3779296875,329.9965515136719,0.9746066927909851,747.3724975585938,393.2203369140625,0.9764575958251953,855.5861206054688,508.5019226074219,0.9336931109428406,621.3567504882812,484.002197265625,0.9130795001983643,533.4722290039062,559.960205078125,0.9502014517784119
629,868.5213623046875,327.33209228515625,0.9746695160865784,748.3230590820312,391.1268005371094,0.9840844869613647,859.1864013671875,507.3146667480469,0.9272220134735107,620.9358520507812,484.55731201171875,0.9230149984359741,532.9987182617188,561.9154663085938,0.9515854716300964
630,869.4710083007812,325.8211669921875,0.9746026992797852,749.3802490234375,389.8351745605469,0.9871467351913452,860.5897827148438,505.79095458984375,0.9024541974067688,620.4944458007812,484.4415588378906,0.939162015914917,533.5169067382812,563.864013671875,0.9345378279685974
631,870.2786865234375,323.7022399902344,0.9678559303283691,750.3474731445312,389.0659484863281,0.9879640340805054,866.02294921875,504.82635498046875,0.9269887208938599,620.4979858398438,483.76336669921875,0.9347001314163208,532.8264770507812,566.2783203125,0.9273201823234558
632,873.7526245117188,321.01922607421875,0.9701601266860962,752.1459350585938,388.6610107421875,0.9846063852310181,868.0530395507812,502.782470703125,0.958710789680481,621.81884765625,483.07794189453125,0.9344204664230347,533.8109741210938,567.9962768554688,0.9484277963638306
633,875.8427734375,318.5138854980469,0.9616036415100098,754.4006958007812,387.5980529785156,0.9858319759368896,870.5404052734375,502.10662841796875,0.9512594938278198,624.7156982421875,483.1504211425781,0.9308366775512695,542.712646484375,568.3786010742188,0.9358491897583008
634,877.5011596679688,318.09027099609375,0.9624391794204712,755.9133911132812,386.7691650390625,0.989945113658905,872.060791015625,500.8540954589844,0.9277689456939697,629.8676147460938,482.0736083984375,0.9601294994354248,546.831787109375,569.4942016601562,0.9446181058883667
635,879.0465698242188,316.0047912597656,0.9645754098892212,757.1423950195312,385.8971252441406,0.9890625476837158,876.115478515625,500.10760498046875,0.9139193296432495,633.1669311523438,480.7727355957031,0.9632998704910278,554.6357421875,570.4295654296875,0.9239656925201416
636,880.4619750976562,314.6336975097656,0.9748063087463379,758.50439453125,384.8133239746094,0.9885571002960205,880.7518920898438,499.23956298828125,0.9088644981384277,638.6992797851562,480.4888916015625,0.9529744982719421,561.5079956054688,571.6539916992188,0.9509766697883606
637,881.9487915039062,312.7469482421875,0.9813480377197266,760.8153686523438,383.79315185546875,0.9865726232528687,884.1337890625,498.93304443359375,0.9491252899169922,645.4154663085938,477.8197937011719,0.9700698256492615,573.16357421875,572.5209350585938,0.9244818687438965
638,883.0955200195312,311.4642639160156,0.9885607957839966,762.79931640625,383.17242431640625,0.989723265171051,886.2511596679688,498.4021911621094,0.9476187229156494,653.1892700195312,475.7042541503906,0.9677797555923462,585.1121215820312,571.2801513671875,0.899505615234375
639,883.9603881835938,310.0638427734375,0.9902973175048828,764.4500122070312,383.0469055175781,0.9895623922348022,891.4974975585938,497.7464599609375,0.9269508719444275,658.515380859375,471.92120361328125,0.9555491209030151,598.311279296875,570.60791015625,0.9359427094459534
640,884.9644165039062,309.0697937011719,0.99034583568573,766.0870971679688,382.5806579589844,0.9858111143112183,894.3375244140625,497.2126770019531,0.924176812171936,667.0609741210938,468.30218505859375,0.9668443202972412,612.3624267578125,570.5203247070312,0.9509565234184265
641,888.04638671875,307.2238464355469,0.9830769300460815,767.6679077148438,382.6764221191406,0.9835079312324524,898.867919921875,495.34326171875,0.9392353296279907,675.2344970703125,465.2071533203125,0.9181827902793884,628.791259765625,569.4247436523438,0.9534533023834229
642,889.4692993164062,306.3116760253906,0.9849497079849243,769.5155639648438,382.36529541015625,0.9858026504516602,901.8905029296875,494.4837646484375,0.956106424331665,677.27685546875,462.2099609375,0.950343668460846,643.5951538085938,571.3734130859375,0.9592986106872559
643,891.1756591796875,305.46759033203125,0.9847717881202698,771.6235961914062,381.94561767578125,0.9883512854576111,905.3623657226562,494.1551513671875,0.9476159811019897,680.2833862304688,461.1092834472656,0.9309977293014526,659.8203125,571.6480102539062,0.9290159940719604
644,892.5012817382812,305.02679443359375,0.9847050309181213,773.8661499023438,381.29833984375,0.9886745810508728,909.0045776367188,493.74713134765625,0.953879714012146,686.2630615234375,460.8299255371094,0.9566353559494019,674.071044921875,566.2586669921875,0.9304599761962891
645,893.9277954101562,304.5718078613281,0.9788196086883545,775.4898071289062,380.44134521484375,0.9888854026794434,913.6470336914062,493.26202392578125,0.963465690612793,691.293212890625,458.6288146972656,0.972663164138794,686.9832763671875,565.7457275390625,0.851141095161438
646,896.1243286132812,303.28509521484375,0.9771133661270142,777.12060546875,379.5859069824219,0.9848048686981201,916.0890502929688,492.2785339355469,0.9748902320861816,696.310302734375,458.8756103515625,0.9631807208061218,699.4144897460938,565.1536865234375,0.8746356964111328
647,897.4053955078125,302.30755615234375,0.9816145896911621,778.7238159179688,379.3790588378906,0.9839493036270142,917.8997802734375,492.04638671875,0.9734187126159668,700.9088745117188,458.0400695800781,0.9689434766769409,710.269775390625,563.839599609375,0.9244686365127563
648,899.4046630859375,301.22418212890625,0.9849230051040649,779.6642456054688,379.0543212890625,0.9847429990768433,919.83154296875,491.29693603515625,0.9546683430671692,704.6577758789062,454.8698425292969,0.9474400281906128,723.384033203125,557.1611938476562,0.9036111235618591
649,901.3837890625,300.2026672363281,0.9808830618858337,781.5568237304688,378.7438049316406,0.9832503795623779,928.2486572265625,490.3517761230469,0.9460314512252808,708.30908203125,452.3243408203125,0.9645373821258545,734.2758178710938,555.2880249023438,0.8190462589263916
650,902.7421875,299.09173583984375,0.976913571357727,784.060302734375,377.6903076171875,0.9794219732284546,930.6868286132812,489.3453369140625,0.9738629460334778,711.443359375,450.2667236328125,0.9671655893325806,746.5360107421875,555.4338989257812,0.8845157027244568
651,905.19189453125,297.6515197753906,0.9738280177116394,786.0388793945312,377.1390686035156,0.9836159944534302,932.8080444335938,488.74102783203125,0.9702337980270386,716.06982421875,447.9913330078125,0.9644870758056641,754.140625,549.099365234375,0.8508257865905762
652,907.46630859375,295.2964172363281,0.9829540252685547,788.5949096679688,375.9491271972656,0.9847912788391113,934.7574462890625,487.7675476074219,0.9700184464454651,721.88671875,446.81646728515625,0.9680281281471252,763.3753662109375,547.0558471679688,0.8530158400535583
653,909.8242797851562,293.6883239746094,0.9802239537239075,791.363525390625,375.06414794921875,0.9802044630050659,938.8603515625,485.9460144042969,0.9627407789230347,725.70361328125,446.23724365234375,0.9750812649726868,771.2830200195312,544.9715576171875,0.8315573334693909
654,912.5176391601562,292.3592529296875,0.9896542429924011,794.5919799804688,374.6369323730469,0.9820412397384644,942.1903076171875,484.2700500488281,0.9596995711326599,729.972412109375,447.5003662109375,0.9671462178230286,778.9592895507812,543.9952392578125,0.8672580122947693
655,915.2362670898438,291.0835266113281,0.9893962740898132,797.2791748046875,373.3209533691406,0.9857292175292969,947.1918334960938,482.4304504394531,0.9672719240188599,735.4639892578125,450.4419250488281,0.9702333211898804,786.239013671875,544.8308715820312,0.8735350966453552
656,917.9559936523438,288.9294738769531,0.9778723120689392,801.4777221679688,372.3074951171875,0.9789531230926514,949.4925537109375,478.487060546875,0.9746288061141968,740.6004028320312,452.8523864746094,0.9777050614356995,790.9339599609375,541.9426879882812,0.8972725868225098
657,921.68798828125,287.1820983886719,0.9810503721237183,804.5270385742188,372.27630615234375,0.9872090816497803,954.9524536132812,476.4396667480469,0.9618924260139465,746.0545654296875,455.8984069824219,0.9774051904678345,801.5297241210938,544.036376953125,0.8894106149673462
658,925.2035522460938,286.1075134277344,0.9781853556632996,808.7000122070312,372.6148376464844,0.9828205108642578,962.9783935546875,474.8324279785156,0.9800193309783936,752.6057739257812,458.3501281738281,0.9751752614974976,807.6483764648438,546.05126953125,0.8956071734428406
659,928.1919555664062,284.0297546386719,0.9818612337112427,812.0696411132812,371.6678161621094,0.989753782749176,965.7266235351562,473.64544677734375,0.981945812702179,759.0322875976562,462.2878723144531,0.9696276783943176,816.7003784179688,547.968017578125,0.8651383519172668
660,932.2562866210938,283.46875,0.9879586696624756,815.9856567382812,371.8835754394531,0.9833290576934814,971.0933227539062,470.98907470703125,0.9696285724639893,764.6358032226562,468.2469787597656,0.9824678301811218,825.17919921875,550.3937377929688,0.89813232421875
661,935.4998168945312,283.06292724609375,0.9825571775436401,820.2252197265625,371.81988525390625,0.9848936796188354,975.2173461914062,470.281982421875,0.9665261507034302,771.9973754882812,471.7733154296875,0.9867575168609619,835.17822265625,555.0177001953125,0.8343155384063721
662,938.5498046875,282.228271484375,0.9847766160964966,823.0933227539062,373.1253967285156,0.9822485446929932,980.6077270507812,469.8036193847656,0.9839598536491394,779.9874877929688,477.0619812011719,0.9848730564117432,840.0167236328125,556.22021484375,0.8564973473548889
663,943.2304077148438,282.17120361328125,0.9761227369308472,827.006103515625,374.0692443847656,0.9856941103935242,986.1774291992188,467.8376770019531,0.9743516445159912,787.817626953125,482.1478576660156,0.983916163444519,850.6119384765625,561.6990966796875,0.8929734230041504
664,946.3778686523438,283.1130676269531,0.9878726005554199,830.14111328125,375.5420837402344,0.9765368700027466,990.3195190429688,468.85107421875,0.9691097736358643,795.5819702148438,488.78155517578125,0.9740105867385864,855.0195922851562,566.0457153320312,0.8558493852615356
665,950.699951171875,284.8336486816406,0.9834327697753906,833.4803466796875,377.64556884765625,0.9765173196792603,995.0519409179688,470.4739685058594,0.9793561697006226,801.8406982421875,492.20794677734375,0.985480785369873,861.7160034179688,576.765380859375,0.8102171421051025
666,953.584228515625,286.77825927734375,0.9746381044387817,837.8958129882812,380.0369873046875,0.9892120957374573,998.1752319335938,473.2899169921875,0.983752965927124,808.9380493164062,498.2189636230469,0.9710272550582886,867.17822265625,585.6981811523438,0.8855071663856506
667,956.3860473632812,289.187744140625,0.9857268333435059,841.28515625,383.24761962890625,0.9828832149505615,1000.1744995117188,475.584716796875,0.9726656675338745,812.116455078125,501.2283020019531,0.9816148281097412,865.926513671875,587.0543823242188,0.9030112028121948
668,959.3284912109375,292.8424377441406,0.9823449850082397,843.4942016601562,387.0240783691406,0.9900351762771606,1003.3762817382812,477.99554443359375,0.9659221172332764,814.4193725585938,500.8630676269531,0.9831721186637878,861.071533203125,586.599365234375,0.9207779169082642
669,961.5333251953125,297.7571105957031,0.986735463142395,845.31591796875,391.25634765625,0.9795197248458862,1007.0647583007812,484.2273254394531,0.964940071105957,813.7678833007812,498.53082275390625,0.9842623472213745,854.639892578125,586.5994873046875,0.9342131614685059
670,965.2032470703125,302.0845947265625,0.9854260087013245,846.67333984375,395.9322814941406,0.9762516021728516,1010.765625,489.507568359375,0.9754939079284668,811.1710205078125,497.4041748046875,0.9727287292480469,850.1861572265625,586.8844604492188,0.9278433918952942
671,965.7109985351562,307.1440734863281,0.9854319095611572,849.6577758789062,398.9244689941406,0.9847315549850464,1010.1961059570312,493.83355712890625,0.9657062292098999,808.3217163085938,496.2399597167969,0.9592635631561279,844.6226196289062,588.0899047851562,0.936187744140625
672,966.5817260742188,311.3399963378906,0.984066903591156,851.1466674804688,402.8453674316406,0.9866896867752075,1009.89111328125,500.17535400390625,0.9664644598960876,803.7014770507812,496.45953369140625,0.9803169965744019,838.2144775390625,588.01708984375,0.9349055290222168
673,969.7048950195312,316.87677001953125,0.9773735404014587,851.9285278320312,405.866455078125,0.9856920838356018,1011.5584716796875,505.2015380859375,0.9653809070587158,799.01904296875,498.1102294921875,0.9780958890914917,834.9511108398438,588.9882202148438,0.9277544021606445
674,970.604248046875,319.78900146484375,0.9798495173454285,850.6848754882812,408.84832763671875,0.9803593754768372,1010.1725463867188,508.36737060546875,0.9547756910324097,795.9102172851562,498.0533447265625,0.9813812971115112,829.1021118164062,588.751953125,0.9307687878608704
675,970.5855712890625,323.22344970703125,0.9794746041297913,850.31640625,410.2536926269531,0.9870128035545349,1009.6526489257812,510.7769775390625,0.9300184845924377,792.6940307617188,496.8686218261719,0.9701496362686157,825.4215087890625,588.5897827148438,0.9157278537750244
676,970.3102416992188,325.7356872558594,0.9777791500091553,849.5014038085938,411.6588134765625,0.9868392944335938,1009.04345703125,514.3276977539062,0.899867057800293,789.255126953125,496.42999267578125,0.9823925495147705,820.336669921875,589.219482421875,0.9129024744033813
677,970.2981567382812,328.3607177734375,0.9760450124740601,848.4430541992188,412.2187194824219,0.9822534322738647,937.2178955078125,555.0435180664062,0.9563553333282471,784.5523681640625,496.5011901855469,0.9753097295761108,817.2810668945312,589.9988403320312,0.914120078086853
678,970.7793579101562,331.3126525878906,0.9775066375732422,846.340087890625,412.1599426269531,0.9793940186500549,932.30615234375,555.6419067382812,0.9530817270278931,781.6272583007812,495.0187683105469,0.979793906211853,809.9502563476562,588.5663452148438,0.9344598054885864
679,970.5971069335938,332.46209716796875,0.9761673212051392,845.0379638671875,411.68011474609375,0.9826632142066956,1003.5750122070312,519.4766845703125,0.934563398361206,777.9539794921875,493.755859375,0.9814377427101135,803.9888305664062,588.2833251953125,0.9237711429595947
680,969.8561401367188,332.5378112792969,0.9750608801841736,843.7870483398438,410.7111511230469,0.9851232767105103,997.4627685546875,520.4039306640625,0.9368280172348022,774.7977294921875,492.83648681640625,0.9829111099243164,797.6929321289062,588.3753662109375,0.924864649772644
681,969.1815185546875,332.2871398925781,0.973021388053894,842.9834594726562,409.73370361328125,0.9841219186782837,994.6328735351562,520.4775390625,0.9349908828735352,770.6072387695312,492.527099609375,0.9877181649208069,793.9380493164062,588.2020263671875,0.934083104133606
682,968.3797607421875,332.0624084472656,0.972536563873291,841.75341796875,408.7337341308594,0.9804203510284424,989.8614501953125,519.5672607421875,0.9086356163024902,767.0078125,491.91778564453125,0.9798988103866577,789.2802124023438,588.1854858398438,0.9253345131874084
683,967.6690673828125,332.8708801269531,0.9746789336204529,841.0830688476562,407.14166259765625,0.978462815284729,988.5513916015625,519.31689453125,0.9170186519622803,765.887451171875,491.8304443359375,0.9747540950775146,785.743408203125,587.9844970703125,0.9033970236778259
684,966.9435424804688,332.11700439453125,0.9766664505004883,838.9302978515625,405.1736145019531,0.9845807552337646,987.442626953125,518.580078125,0.9244250655174255,763.2063598632812,491.3016052246094,0.9729502201080322,780.6188354492188,587.5613403320312,0.9166617393493652
685,965.9957275390625,331.6632080078125,0.9789685606956482,837.8685302734375,404.1112365722656,0.9884178638458252,982.2962036132812,518.0450439453125,0.9185481071472168,760.4679565429688,488.99420166015625,0.9753672480583191,777.4710083007812,587.4702758789062,0.9265605211257935
686,965.3807373046875,331.2499694824219,0.9803467392921448,837.2966918945312,403.2357177734375,0.9878690242767334,980.6995239257812,517.119384765625,0.9367340207099915,758.8760375976562,487.8001708984375,0.9749966263771057,772.2479248046875,586.8687133789062,0.9270144701004028
687,964.9038696289062,330.3327331542969,0.9802756309509277,836.5991821289062,401.9478759765625,0.9874626398086548,979.8756103515625,516.8303833007812,0.9200903177261353,756.3063354492188,487.2377624511719,0.9639784097671509,765.2847900390625,586.6927490234375,0.9090653657913208
688,963.784912109375,328.7217712402344,0.9792605638504028,835.9178466796875,400.7080078125,0.9840479493141174,977.8375244140625,515.822265625,0.9220461845397949,757.6483154296875,484.3383483886719,0.9486557841300964,762.433837890625,585.7214965820312,0.9344026446342468
689,963.44384765625,328.2469177246094,0.9800081253051758,835.2736206054688,399.3137512207031,0.9795899391174316,974.0146484375,514.6858520507812,0.8890164494514465,754.8065185546875,482.19024658203125,0.9564024209976196,758.6482543945312,585.833251953125,0.9362586736679077
690,963.0692749023438,328.1415100097656,0.9789329171180725,834.1390380859375,398.22784423828125,0.9819416999816895,972.0693359375,513.709228515625,0.8667541742324829,753.6094970703125,481.21234130859375,0.9468996524810791,751.5193481445312,583.176513671875,0.889444887638092
691,962.7849731445312,327.839111328125,0.9793388843536377,833.1529541015625,397.4520568847656,0.9821162223815918,971.4644775390625,513.3798828125,0.8743821382522583,748.5841064453125,481.2501525878906,0.9480060935020447,747.6481323242188,582.4718627929688,0.9116840362548828
692,962.3981323242188,327.54443359375,0.9813425540924072,832.322509765625,396.4745178222656,0.980797290802002,970.3829345703125,513.1649780273438,0.8540663719177246,746.6328735351562,480.5495910644531,0.9310896992683411,744.9755249023438,582.7523803710938,0.9314496517181396
693,962.2432250976562,327.3616027832031,0.9828603267669678,831.7054443359375,395.7220458984375,0.9783135652542114,966.92529296875,512.9724731445312,0.8546433448791504,744.1838989257812,479.951171875,0.9366037845611572,740.9456787109375,582.2085571289062,0.9380730986595154
694,962.0936889648438,327.14007568359375,0.9830759763717651,830.5602416992188,395.4538269042969,0.9771313071250916,966.1075439453125,512.5712280273438,0.8693993091583252,742.02685546875,477.7392883300781,0.9488532543182373,735.2203369140625,580.8069458007812,0.9067764282226562
695,962.0560913085938,326.7919921875,0.9840593338012695,830.2940673828125,394.93017578125,0.9790410995483398,965.322021484375,511.0683288574219,0.8770030736923218,740.517822265625,476.5562438964844,0.9457570314407349,731.8507690429688,580.1522827148438,0.9489268064498901
696,962.1658325195312,326.9621276855469,0.982451319694519,829.9140625,394.2493896484375,0.9790588617324829,964.8916015625,510.9716796875,0.8934327363967896,738.2886352539062,475.94232177734375,0.9258406758308411,727.8858642578125,580.4676513671875,0.9527348279953003
697,962.3695068359375,327.0458679199219,0.9830373525619507,829.9550170898438,393.6146545410156,0.9780014753341675,964.0592041015625,510.8741760253906,0.889462947845459,734.688232421875,476.3800964355469,0.9137275218963623,723.1541137695312,579.1828002929688,0.9339948296546936
698,962.399658203125,327.47906494140625,0.9820706844329834,830.1729125976562,393.3485412597656,0.9752589464187622,963.4915161132812,510.50823974609375,0.8948441743850708,733.7696533203125,475.7787780761719,0.9356510639190674,718.8033447265625,578.383544921875,0.926074743270874
699,962.6815185546875,327.4928894042969,0.9817855358123779,830.4212036132812,392.9275207519531,0.9711754322052002,963.6243286132812,510.6965637207031,0.8885964155197144,732.6104736328125,475.52325439453125,0.9366682171821594,715.55322265625,579.2777709960938,0.9493095874786377
700,963.2048950195312,327.7832946777344,0.9782348871231079,831.9915161132812,392.5348205566406,0.9711586236953735,962.56591796875,510.4385681152344,0.9016851186752319,731.2440185546875,474.9532470703125,0.9415056705474854,712.0338745117188,577.9625244140625,0.9365345239639282
701,963.8544311523438,327.63494873046875,0.9766424894332886,832.4269409179688,392.19903564453125,0.9701836109161377,962.5618286132812,510.54962158203125,0.8989979028701782,730.2832641601562,474.6587829589844,0.9409911632537842,708.0855712890625,576.7607421875,0.9322323799133301
702,964.4534912109375,327.6636962890625,0.9724879264831543,833.9529418945312,391.37506103515625,0.9728778600692749,962.5299072265625,510.5419921875,0.8964782953262329,729.758056640625,474.3311462402344,0.9356272220611572,706.2698364257812,575.58056640625,0.8953098058700562
703,964.9564208984375,328.3111267089844,0.9617263078689575,835.1127319335938,390.9944152832031,0.9794236421585083,961.6485595703125,510.5086975097656,0.8705796003341675,727.6210327148438,473.4093322753906,0.9295587539672852,702.9003295898438,577.6807250976562,0.9024554491043091
704,966.0953979492188,329.60693359375,0.9580287933349609,836.3964233398438,390.8416442871094,0.9826352596282959,961.8795166015625,510.9413146972656,0.8961287140846252,727.121826171875,472.6868591308594,0.9328693151473999,700.2635498046875,576.2776489257812,0.9407386779785156
705,966.894287109375,330.4381103515625,0.9583147764205933,837.3606567382812,391.0780029296875,0.982569694519043,961.3154296875,511.0635986328125,0.8725907802581787,725.8627319335938,472.6568603515625,0.9477325677871704,695.9442749023438,574.832275390625,0.9300898313522339
706,968.1266479492188,330.5716247558594,0.9580963850021362,837.8372802734375,391.82843017578125,0.9831486344337463,960.9261474609375,510.9519958496094,0.8402920961380005,725.3951416015625,472.2583312988281,0.9329849481582642,692.1800537109375,573.6842041015625,0.9195451736450195
707,969.2341918945312,330.9640197753906,0.9594582319259644,838.7835083007812,391.97210693359375,0.9796233773231506,962.1500244140625,511.8163757324219,0.8363779783248901,724.8327026367188,472.1865539550781,0.9286328554153442,687.649658203125,575.7113037109375,0.8729919195175171
708,970.3463745117188,331.9800109863281,0.9583799839019775,839.998046875,391.31591796875,0.9741594791412354,962.2410278320312,512.173095703125,0.8444446325302124,724.2362670898438,472.21826171875,0.9241000413894653,685.6612548828125,573.41796875,0.9128298163414001
709,971.5906982421875,333.2933349609375,0.9526292681694031,841.6113891601562,391.88079833984375,0.9754570722579956,962.5762329101562,512.6748657226562,0.8456367254257202,723.7513427734375,472.3339538574219,0.9043292999267578,682.6908569335938,573.77294921875,0.9475014209747314
710,972.6320190429688,335.1593933105469,0.9505488872528076,842.2268676757812,393.1994323730469,0.9785960912704468,963.0181884765625,513.3038330078125,0.8631718158721924,723.2890625,472.5989685058594,0.9055659770965576,677.975341796875,573.8430786132812,0.9098668098449707
711,973.5505981445312,336.255859375,0.9581179022789001,843.01171875,393.5343322753906,0.9770945310592651,962.1456298828125,513.9404296875,0.8751256465911865,719.9066162109375,474.6342468261719,0.9221150875091553,674.9112548828125,572.2849731445312,0.8893219232559204
712,974.0595703125,338.297119140625,0.9640347957611084,843.7877807617188,394.0995788574219,0.9812424182891846,962.5602416992188,514.3165283203125,0.9051255583763123,720.0426635742188,474.798583984375,0.9090619683265686,672.6766967773438,571.4243774414062,0.8618009686470032
713,975.6314697265625,339.4219055175781,0.9718541502952576,844.5873413085938,394.7596435546875,0.978215217590332,963.2554931640625,514.8501586914062,0.9033547639846802,723.8429565429688,473.4047546386719,0.8841298818588257,667.7733154296875,572.30322265625,0.9015829563140869
714,976.8389282226562,341.2728271484375,0.9770240783691406,845.6110229492188,395.74554443359375,0.9769140481948853,962.1408081054688,515.1010131835938,0.9274060726165771,724.1591796875,473.962890625,0.8825224041938782,663.2451782226562,572.7387084960938,0.9236403703689575
715,977.4815673828125,342.30670166015625,0.9811859130859375,848.0012817382812,395.682373046875,0.9785290956497192,962.3098754882812,515.6469116210938,0.9329092502593994,720.15380859375,476.6788024902344,0.8936805725097656,660.6304321289062,572.0950927734375,0.9435259103775024
716,978.19140625,343.3524475097656,0.979103684425354,849.7853393554688,396.0697326660156,0.9865230321884155,962.68017578125,516.1890869140625,0.9374853372573853,724.0423583984375,476.0544128417969,0.874405026435852,657.9364624023438,570.0726928710938,0.9305356740951538
717,979.3027954101562,343.6416320800781,0.973845362663269,851.4548950195312,396.9727783203125,0.9872859716415405,963.3289794921875,516.5161743164062,0.9449590444564819,725.7662353515625,476.8480224609375,0.7970637679100037,653.9290161132812,571.8473510742188,0.8836373686790466
718,980.1001586914062,344.5301513671875,0.9665932655334473,852.9755249023438,397.8735656738281,0.9846073389053345,964.9530639648438,517.5914306640625,0.9456751942634583,726.944580078125,479.2474670410156,0.8204381465911865,652.206298828125,571.5385131835938,0.896927535533905
719,981.767822265625,345.66741943359375,0.9507679343223572,854.3041381835938,398.8187255859375,0.9774313569068909,966.47900390625,519.1654663085938,0.9206101298332214,728.2667846679688,479.92425537109375,0.7739849090576172,649.0553588867188,570.3025512695312,0.897271990776062
720,983.2686157226562,346.2797546386719,0.953538179397583,854.8457641601562,399.24908447265625,0.9749890565872192,967.4478759765625,521.5629272460938,0.9097267389297485,727.489990234375,481.5340576171875,0.8802915215492249,647.8091430664062,570.6929321289062,0.9358686804771423
721,985.0159301757812,346.19915771484375,0.951372504234314,856.9262084960938,400.20037841796875,0.9772040843963623,968.2620849609375,522.8339233398438,0.9052278995513916,726.3928833007812,483.15142822265625,0.9279711842536926,646.5863037109375,569.343994140625,0.9514529705047607
722,986.18798828125,346.0131530761719,0.9571152925491333,857.797119140625,401.2812805175781,0.984406590461731,968.7244873046875,523.5458984375,0.9022616147994995,726.0325927734375,484.547119140625,0.9547350406646729,644.8416748046875,568.6427001953125,0.9659284949302673
723,987.3850708007812,346.13787841796875,0.9509545564651489,858.3588256835938,402.07769775390625,0.9848693013191223,971.42333984375,524.173095703125,0.9128214716911316,726.1276245117188,485.4966125488281,0.9484057426452637,643.7732543945312,566.6004638671875,0.9623434543609619
724,988.6903686523438,346.1873779296875,0.9526430368423462,858.98095703125,402.6474609375,0.9862238168716431,972.2213134765625,524.0161743164062,0.9034857749938965,725.4820556640625,487.8982238769531,0.9608231782913208,642.6900634765625,566.078125,0.959243655204773
725,989.0975341796875,345.948974609375,0.9609719514846802,859.7256469726562,403.3212585449219,0.9864257574081421,972.1656494140625,523.6023559570312,0.9177383184432983,725.5881958007812,489.0054016113281,0.9693149328231812,639.9013671875,568.672607421875,0.9592808485031128
726,989.8265380859375,345.6609802246094,0.9521766304969788,860.302978515625,403.7614440917969,0.9869421720504761,973.2988891601562,523.401611328125,0.8972511291503906,725.9314575195312,489.30517578125,0.9675232172012329,639.593505859375,568.162109375,0.9485059976577759
727,990.0447998046875,344.5497131347656,0.9590996503829956,860.8312377929688,404.26605224609375,0.9864702224731445,974.5587768554688,523.24072265625,0.8738269805908203,726.7132568359375,489.32861328125,0.9566019177436829,641.385498046875,565.180908203125,0.9482218027114868
728,991.717041015625,344.2266540527344,0.9623684883117676,861.526611328125,404.3002014160156,0.9847241640090942,976.6642456054688,523.6268310546875,0.8798447847366333,727.2203979492188,489.5682678222656,0.9527084827423096,641.4400634765625,566.2716674804688,0.9550938606262207
729,992.35888671875,343.735595703125,0.9710766077041626,862.158447265625,404.29730224609375,0.9827966690063477,978.7915649414062,523.7186279296875,0.9020305871963501,728.0550537109375,489.72735595703125,0.9309216737747192,641.0914916992188,566.1055908203125,0.9638786315917969
730,992.9624633789062,343.2891845703125,0.9795233011245728,862.7058715820312,404.3321533203125,0.9819029569625854,979.3986206054688,523.5274047851562,0.923050045967102,730.2776489257812,490.3228454589844,0.9273279905319214,640.3318481445312,566.3817138671875,0.9604005217552185
731,993.69775390625,342.3319396972656,0.9852210283279419,863.8050537109375,404.35498046875,0.9801737070083618,980.72509765625,522.6224365234375,0.9159873723983765,730.78662109375,490.65753173828125,0.9462430477142334,640.7338256835938,568.4869995117188,0.9360225200653076
732,994.7764892578125,341.6154479980469,0.9834942817687988,865.5908813476562,403.65777587890625,0.9801088571548462,982.163330078125,522.3037719726562,0.9018745422363281,728.5444946289062,490.5415954589844,0.9550319314002991,639.192138671875,571.1370239257812,0.9394171237945557
733,995.5082397460938,341.0848693847656,0.9807537794113159,866.9659423828125,403.6608581542969,0.9856961369514465,987.4086303710938,521.9891967773438,0.8764744997024536,727.9119262695312,490.7813720703125,0.9708096981048584,640.3397827148438,571.459228515625,0.9318979978561401
734,996.4428100585938,339.954345703125,0.969921350479126,868.5350952148438,403.96807861328125,0.987201452255249,989.44921875,522.090576171875,0.8418442010879517,730.9374389648438,491.5709533691406,0.9637125134468079,641.3453369140625,571.5458374023438,0.9372360706329346
735,997.30029296875,339.01324462890625,0.967332124710083,869.7822875976562,404.71185302734375,0.9863232374191284,994.629150390625,522.58447265625,0.8782333135604858,733.4946899414062,491.4697265625,0.9745861887931824,644.8488159179688,572.1390991210938,0.95377117395401
736,999.1143798828125,337.9894104003906,0.9665428400039673,871.0791625976562,405.33856201171875,0.985164999961853,997.0955810546875,522.06494140625,0.8994415998458862,735.440673828125,490.88848876953125,0.9782177209854126,652.7293701171875,573.4104614257812,0.9322286248207092
737,1000.9434814453125,337.2015686035156,0.9704424142837524,873.021728515625,406.24102783203125,0.9849534034729004,999.2520751953125,522.4347534179688,0.9140232801437378,741.0687255859375,489.53564453125,0.9803870320320129,657.5722045898438,574.5066528320312,0.9253957867622375
738,1002.6207885742188,336.8132629394531,0.9711688756942749,874.2225952148438,407.00799560546875,0.9879130125045776,1004.8442993164062,522.6731567382812,0.8935233354568481,747.6917114257812,490.2881164550781,0.9659775495529175,665.1990966796875,575.9365844726562,0.9274453520774841
739,1004.0526733398438,336.66314697265625,0.97557532787323,875.677001953125,408.13897705078125,0.98451828956604,1009.7291259765625,523.3106079101562,0.9126687049865723,753.267822265625,488.1299743652344,0.926972508430481,675.7032470703125,577.021484375,0.9375894069671631
740,1005.1970825195312,336.8572692871094,0.9784748554229736,876.4049072265625,409.8190002441406,0.9802682995796204,1012.3564453125,523.682373046875,0.9532621502876282,760.3212890625,484.0994873046875,0.9109735488891602,688.3388671875,578.1267700195312,0.9669207334518433
741,1006.4088134765625,337.4449157714844,0.9757609367370605,879.6615600585938,410.68756103515625,0.9803621768951416,1015.1525268554688,524.1470336914062,0.9433743357658386,764.2972412109375,480.8105163574219,0.9527465105056763,702.8423461914062,578.6865844726562,0.9721807241439819
742,1008.3102416992188,337.6022033691406,0.9794006943702698,881.7208251953125,411.1333312988281,0.9861975908279419,1020.7706298828125,524.3605346679688,0.9399672746658325,772.0526733398438,476.269287109375,0.9536778926849365,721.4086303710938,577.1171875,0.9581713676452637
743,1009.8137817382812,337.7721252441406,0.9789407849311829,884.4838256835938,411.7882080078125,0.9915710687637329,1026.998291015625,525.1024780273438,0.952080249786377,780.81787109375,475.09979248046875,0.9449748396873474,738.1824340820312,580.234619140625,0.957347571849823
744,1011.3048095703125,337.8236083984375,0.9791741967201233,886.8983154296875,412.0691833496094,0.9895741939544678,1029.616943359375,525.6278076171875,0.9430273771286011,783.7710571289062,472.87811279296875,0.9348334670066833,755.9220581054688,580.37890625,0.95294189453125
745,1012.4799194335938,337.4765930175781,0.979283332824707,889.089599609375,412.25604248046875,0.9834424257278442,1034.0809326171875,525.697265625,0.9389798641204834,789.4506225585938,470.56402587890625,0.9310192465782166,772.5658569335938,581.0200805664062,0.9422997236251831
746,1013.4799194335938,337.03021240234375,0.9758615493774414,891.0849609375,412.6346435546875,0.984363317489624,1040.734375,526.3380126953125,0.9149534702301025,796.5027465820312,470.4473876953125,0.9295459985733032,788.3057861328125,579.0791625976562,0.9462438821792603
747,1015.7552490234375,336.08148193359375,0.973588764667511,892.7791137695312,414.0331726074219,0.9854450225830078,1042.7080078125,526.6162109375,0.9481219053268433,800.3732299804688,470.30316162109375,0.9230730533599854,803.9088745117188,578.863037109375,0.9393825531005859
748,1017.3657836914062,335.7716369628906,0.9745213985443115,894.7647094726562,414.4239807128906,0.9823720455169678,1045.68603515625,527.32421875,0.9539169073104858,806.9450073242188,469.13385009765625,0.9167146682739258,818.6998291015625,576.3197021484375,0.927110493183136
749,1018.502197265625,335.7552490234375,0.9775784015655518,897.08740234375,414.8927307128906,0.978000819683075,1051.8258056640625,528.2415161132812,0.9379293918609619,811.33837890625,471.965576171875,0.9697064161300659,832.9638061523438,573.4827880859375,0.8541651964187622
750,1019.9498291015625,335.5855712890625,0.9706923961639404,899.78076171875,415.033203125,0.9842127561569214,1056.591796875,526.6900024414062,0.9353526830673218,817.1436767578125,472.2283630371094,0.9576966762542725,844.4120483398438,574.3071899414062,0.9120485782623291
751,1020.90185546875,335.1892395019531,0.9698739647865295,901.440185546875,415.5945129394531,0.9815994501113892,1058.1927490234375,526.8776245117188,0.9588064551353455,821.9483642578125,471.8676452636719,0.9594882130622864,856.9107666015625,572.8634643554688,0.9080839157104492
752,1022.0372314453125,334.7563171386719,0.965190052986145,904.0303955078125,414.7535705566406,0.9785057306289673,1059.9307861328125,526.5675048828125,0.9655985236167908,829.8009033203125,473.6666259765625,0.9799654483795166,869.05615234375,571.60546875,0.9310741424560547
753,1023.403076171875,333.09576416015625,0.9714998006820679,906.0032958984375,414.58758544921875,0.9838234186172485,1061.832275390625,525.86474609375,0.9698690176010132,833.8510131835938,473.2414855957031,0.9712929129600525,880.4312133789062,571.6277465820312,0.847378134727478
754,1024.8416748046875,331.8371887207031,0.9789522886276245,907.5742797851562,414.7108154296875,0.9871870279312134,1066.4949951171875,524.3801879882812,0.9565329551696777,836.9271850585938,474.1141662597656,0.9808202981948853,887.8920288085938,571.9462280273438,0.889265775680542
755,1025.9830322265625,330.59381103515625,0.9826605916023254,909.2473754882812,414.9072265625,0.9879997968673706,1069.5887451171875,523.9240112304688,0.9569997191429138,842.3403930664062,477.0556945800781,0.98279869556427,897.6262817382812,571.4913940429688,0.8393583297729492
756,1026.927978515625,328.90435791015625,0.9841150045394897,911.0374755859375,414.6842041015625,0.9805353283882141,1073.4908447265625,523.0865478515625,0.964781641960144,846.8408813476562,477.18359375,0.9759211540222168,904.1275634765625,570.1278686523438,0.8719995021820068
757,1028.310302734375,327.4329528808594,0.9851621389389038,913.475341796875,413.57928466796875,0.9858517050743103,1076.2562255859375,521.2164916992188,0.975782036781311,850.6113891601562,477.1224670410156,0.973975419998169,912.0945434570312,565.9277954101562,0.8620848059654236
758,1029.8194580078125,326.2317810058594,0.9861472845077515,915.5935668945312,412.81512451171875,0.9897687435150146,1078.7138671875,519.8497924804688,0.9783262610435486,854.2880859375,477.2432556152344,0.9768587350845337,917.69091796875,565.0654296875,0.9221540689468384
759,1032.3447265625,323.3533935546875,0.9858485460281372,917.3341064453125,411.41455078125,0.9912303686141968,1079.8226318359375,518.27001953125,0.9712706804275513,858.8203735351562,479.7185974121094,0.9719395637512207,925.3992919921875,564.69189453125,0.9162101149559021
760,1034.850830078125,321.02789306640625,0.9795792102813721,919.9266357421875,410.505126953125,0.9877699613571167,1083.8245849609375,514.55224609375,0.9695771932601929,861.77734375,479.533935546875,0.9645798206329346,932.252685546875,564.747314453125,0.8951414823532104
761,1036.319580078125,319.85748291015625,0.9772062301635742,922.2808837890625,409.51385498046875,0.9810522198677063,1085.8902587890625,511.3804016113281,0.9661878347396851,866.7636108398438,478.95001220703125,0.9597554802894592,938.7372436523438,563.4146728515625,0.9122517108917236
762,1037.857177734375,318.3548889160156,0.9652163982391357,923.193115234375,408.7758483886719,0.9770934581756592,1089.0845947265625,509.3697204589844,0.9636335372924805,870.4063110351562,479.70404052734375,0.9697178602218628,941.7119750976562,561.4291381835938,0.9095933437347412
763,1039.2896728515625,315.633544921875,0.9766868352890015,925.5883178710938,406.6004333496094,0.9825964570045471,1091.8072509765625,507.27117919921875,0.9781509637832642,873.8787231445312,481.24957275390625,0.9715893268585205,953.9014892578125,563.195556640625,0.9001956582069397
764,1041.140625,313.8624267578125,0.9835455417633057,928.008056640625,405.0452880859375,0.9807663559913635,1092.7939453125,505.39215087890625,0.9788836240768433,877.4859619140625,482.49993896484375,0.9825112223625183,955.158447265625,561.3009643554688,0.9036862254142761
765,1042.3907470703125,311.9750671386719,0.9873674511909485,930.9105834960938,403.8558349609375,0.9850045442581177,1095.4676513671875,503.3416748046875,0.9729537963867188,882.9114379882812,484.89727783203125,0.9711686372756958,958.214111328125,562.4699096679688,0.8817439079284668
766,1043.746826171875,309.89715576171875,0.9905678629875183,932.1343994140625,403.32952880859375,0.9850780367851257,1099.1322021484375,499.6740417480469,0.9684499502182007,886.170166015625,488.4282531738281,0.9765732288360596,964.947021484375,564.2653198242188,0.9028333425521851
767,1044.8311767578125,308.1890563964844,0.9906759262084961,933.3037719726562,402.9787292480469,0.9852421879768372,1102.098388671875,497.51544189453125,0.9621758460998535,891.082763671875,494.13623046875,0.9799354076385498,972.115478515625,568.4137573242188,0.8420977592468262
768,1045.98193359375,306.78997802734375,0.986512303352356,934.2223510742188,403.0101623535156,0.9849328398704529,1105.0177001953125,494.4261474609375,0.9652066230773926,894.8294677734375,501.2984924316406,0.9814180135726929,976.0966186523438,574.8971557617188,0.8390166759490967
769,1047.529541015625,305.25689697265625,0.9829128980636597,936.475341796875,403.5596008300781,0.9790565967559814,1106.9088134765625,493.2640380859375,0.9789712429046631,898.3619995117188,505.1568298339844,0.98691725730896,978.388916015625,581.6719970703125,0.8634439706802368
770,1048.3343505859375,305.11248779296875,0.9839037656784058,937.607666015625,405.1087951660156,0.9834697842597961,1109.1029052734375,492.6498107910156,0.9815746545791626,903.2489624023438,509.07269287109375,0.9760409593582153,982.0949096679688,589.5723266601562,0.8553827404975891
771,1049.0531005859375,305.38165283203125,0.9854655861854553,938.4242553710938,406.5146789550781,0.9838840961456299,1109.97705078125,492.8395080566406,0.9797370433807373,906.5128173828125,514.068115234375,0.9776427745819092,981.19921875,592.54443359375,0.8880115151405334
772,1049.5704345703125,306.5240173339844,0.9838343262672424,939.0598754882812,407.8992004394531,0.9792916774749756,1110.2774658203125,494.083251953125,0.9729360342025757,907.988037109375,515.5693969726562,0.9825078248977661,978.431884765625,594.3070068359375,0.8959422707557678
773,1049.84326171875,308.35540771484375,0.9811311960220337,938.8548583984375,410.1618957519531,0.9834549427032471,1110.2940673828125,498.2268981933594,0.9711545705795288,906.6400756835938,513.3517456054688,0.9768407344818115,973.868408203125,594.5516967773438,0.8831762075424194
774,1050.00537109375,311.2453308105469,0.9750782251358032,939.1229248046875,412.004638671875,0.9864047765731812,1109.9420166015625,500.90264892578125,0.9760918021202087,904.5650634765625,511.4466857910156,0.970387876033783,971.3341674804688,595.7013549804688,0.9068098068237305
775,1050.216796875,315.75885009765625,0.9838971495628357,938.8803100585938,413.9339599609375,0.9852887392044067,1109.9041748046875,504.0238342285156,0.976310670375824,901.1992797851562,510.6602783203125,0.9772627353668213,964.4556274414062,596.0584106445312,0.9337234497070312
776,1051.0301513671875,317.9758605957031,0.9762790203094482,937.9343872070312,416.41925048828125,0.9863107800483704,1109.1641845703125,506.5275573730469,0.9774841666221619,896.46533203125,512.1353149414062,0.9703749418258667,960.3922119140625,595.966796875,0.8869132995605469
777,1050.2620849609375,320.1119079589844,0.9804266691207886,936.4620971679688,418.9493103027344,0.9827662110328674,1106.714599609375,509.6152038574219,0.9763731956481934,892.7982177734375,512.7610473632812,0.9793075323104858,955.7319946289062,596.634521484375,0.9166208505630493
778,1048.609375,322.9752197265625,0.9840813279151917,934.304443359375,420.4707946777344,0.9843923449516296,1105.5059814453125,511.595703125,0.9558686017990112,888.5914306640625,512.1309204101562,0.9650375843048096,949.3483276367188,597.3934936523438,0.9178099632263184
779,1046.6646728515625,325.7938537597656,0.9817900657653809,933.112548828125,421.2043151855469,0.9846037030220032,1102.137451171875,515.6392211914062,0.9447289705276489,883.9627075195312,511.3175964355469,0.9725008010864258,944.9680786132812,597.5233154296875,0.8987571001052856
780,1045.5380859375,327.79864501953125,0.9854005575180054,931.5240478515625,421.626220703125,0.9818922281265259,1099.4793701171875,518.5653686523438,0.9483447074890137,879.3963623046875,511.1836242675781,0.9657782316207886,939.5188598632812,597.2542114257812,0.9123325943946838
781,1044.323486328125,328.45574951171875,0.9844739437103271,928.1854248046875,421.60723876953125,0.97658771276474,1094.2899169921875,521.2987670898438,0.9474979639053345,876.5572509765625,509.5076599121094,0.9823826551437378,931.2444458007812,597.6888427734375,0.9279085397720337
782,1042.8499755859375,328.95904541015625,0.9843599200248718,925.391357421875,420.7862243652344,0.9863720536231995,1092.2236328125,521.8635864257812,0.9625195264816284,871.3330688476562,507.6336669921875,0.9817367196083069,925.0090942382812,597.4320068359375,0.8881850242614746
783,1041.9581298828125,329.5201721191406,0.9829264879226685,923.2993774414062,418.9829406738281,0.9906665086746216,1089.7572021484375,522.7440185546875,0.9504263401031494,866.8221435546875,507.62982177734375,0.9868954420089722,918.1492309570312,597.34521484375,0.9115206003189087
784,1040.377197265625,330.2716064453125,0.977036714553833,921.3443603515625,416.985595703125,0.9867948889732361,1083.438720703125,522.5090942382812,0.9331244230270386,863.7308349609375,507.65594482421875,0.9820610284805298,914.4991455078125,596.7322387695312,0.9092129468917847
785,1039.283203125,330.1884765625,0.9748281240463257,918.923583984375,415.8602600097656,0.9829736948013306,1078.7392578125,523.6375732421875,0.9525075554847717,861.5720825195312,506.7677307128906,0.9883112907409668,913.10791015625,596.5819702148438,0.906835675239563
786,1036.77294921875,328.08795166015625,0.9741261601448059,917.5557250976562,414.649169921875,0.9856270551681519,1076.698974609375,523.2030029296875,0.9643583297729492,858.6002197265625,505.40228271484375,0.9851099252700806,908.2703247070312,596.6529541015625,0.9080022573471069
787,1034.8209228515625,326.34814453125,0.9764158129692078,914.7838134765625,413.0747985839844,0.9899171590805054,1076.0792236328125,522.4802856445312,0.970563530921936,854.8184814453125,503.7359313964844,0.9764062166213989,902.6771240234375,597.189697265625,0.9089401960372925
788,1033.5814208984375,325.380615234375,0.9743330478668213,912.6631469726562,412.26104736328125,0.9852956533432007,1073.409912109375,521.3211059570312,0.9571910500526428,851.38525390625,503.0892639160156,0.9738150835037231,898.2286987304688,596.1550903320312,0.9066495895385742
789,1032.9119873046875,324.62847900390625,0.9795432090759277,910.2658081054688,411.4500427246094,0.9806885719299316,1070.507568359375,519.8119506835938,0.930934488773346,849.3268432617188,502.2552795410156,0.9778136014938354,892.488525390625,595.82861328125,0.9058248996734619
790,1032.0908203125,323.8147277832031,0.9819662570953369,909.0114135742188,409.67010498046875,0.9802014827728271,1068.762939453125,519.0513916015625,0.9311894178390503,846.9542236328125,500.9477233886719,0.9816063046455383,889.8698120117188,596.8018798828125,0.9074516296386719
791,1031.2095947265625,322.8358459472656,0.9810712337493896,908.71435546875,407.98455810546875,0.982815146446228,1067.70166015625,517.9716186523438,0.9321808815002441,844.6175537109375,498.536865234375,0.9780013561248779,883.0903930664062,595.4638671875,0.9284340143203735
792,1029.96044921875,322.3990783691406,0.9781259298324585,907.8604736328125,406.67822265625,0.9879796504974365,1061.8997802734375,517.098876953125,0.9450896978378296,841.9651489257812,497.1632080078125,0.9630855321884155,876.8642578125,594.2288818359375,0.8749468922615051
793,1029.3990478515625,321.3752136230469,0.977245569229126,907.0521850585938,404.970947265625,0.9918473958969116,1060.6993408203125,515.6408081054688,0.9505006074905396,839.3342895507812,495.32598876953125,0.9624461531639099,874.0821533203125,595.3334350585938,0.8992979526519775
794,1030.211669921875,320.10992431640625,0.9757157564163208,906.418212890625,402.63287353515625,0.9914674758911133,1059.1181640625,514.3355712890625,0.93336021900177,836.4401245117188,493.3382263183594,0.9753210544586182,868.72802734375,594.1358032226562,0.918877899646759
795,1029.9830322265625,318.90631103515625,0.9801089763641357,906.06640625,400.7281799316406,0.9906007051467896,1057.9774169921875,513.4197387695312,0.9163314700126648,834.267822265625,492.2467041015625,0.9853820204734802,862.48681640625,593.556396484375,0.8981308341026306
796,1029.3922119140625,317.8962097167969,0.9807667136192322,905.6232299804688,399.4630126953125,0.9854656457901001,1057.70703125,510.47467041015625,0.9189329147338867,829.6458740234375,493.8344421386719,0.9797632694244385,859.3253173828125,593.9874877929688,0.8759849071502686
797,1029.096923828125,316.9226379394531,0.983376681804657,905.4458618164062,397.8194885253906,0.9810998439788818,1057.5269775390625,509.7629699707031,0.9354989528656006,828.4617919921875,491.4845886230469,0.9804391264915466,853.9220581054688,592.5968017578125,0.9063379764556885
798,1028.629638671875,315.6164855957031,0.9827126264572144,904.8905639648438,396.4958801269531,0.9811945557594299,1056.9691162109375,508.8907775878906,0.9344381093978882,824.893310546875,491.8465881347656,0.9775330424308777,850.9309692382812,591.9075927734375,0.9098519086837769
799,1028.3248291015625,314.4143371582031,0.9801356792449951,904.4056396484375,395.60791015625,0.9860821962356567,1052.392333984375,507.7306213378906,0.9271364808082581,822.061279296875,490.13519287109375,0.9837955236434937,845.42138671875,590.4755859375,0.9090890884399414
800,1027.4027099609375,312.9195556640625,0.983945369720459,903.9061279296875,394.3534240722656,0.9869775772094727,1051.3828125,506.0989074707031,0.9177982807159424,820.0128173828125,488.6457214355469,0.9632761478424072,840.9022827148438,589.6015014648438,0.8905640840530396
801,1027.6163330078125,311.60552978515625,0.9865593910217285,903.6898193359375,392.9074401855469,0.9829325675964355,1051.05224609375,504.9565124511719,0.8933421969413757,820.44775390625,486.1343688964844,0.9317777156829834,836.4510498046875,589.5695190429688,0.9074861407279968
802,1027.6837158203125,310.7279968261719,0.98770672082901,903.5729370117188,390.7570495605469,0.979129433631897,1053.1085205078125,502.2509460449219,0.8920319676399231,819.7284545898438,484.801513671875,0.9317513704299927,830.3139038085938,588.8934936523438,0.8976642489433289
803,1027.6182861328125,309.8692626953125,0.9890279769897461,903.242919921875,389.26910400390625,0.9832150936126709,1052.1153564453125,501.2066345214844,0.8914428949356079,819.0934448242188,483.2878723144531,0.924200177192688,827.2666015625,588.2183227539062,0.9024049043655396
804,1027.7882080078125,309.130859375,0.988589346408844,903.2324829101562,387.719970703125,0.9810491800308228,1046.7620849609375,499.968994140625,0.9233291149139404,815.1430053710938,483.1631164550781,0.9394844770431519,822.6145629882812,587.4225463867188,0.9100268483161926
805,1028.3046875,308.4698486328125,0.9873406887054443,904.2349243164062,386.590087890625,0.982984185218811,1046.34228515625,498.72943115234375,0.9186198711395264,812.8189086914062,481.4521179199219,0.9603241682052612,820.2736206054688,587.005126953125,0.9234632253646851
806,1028.854248046875,306.8941345214844,0.983601987361908,904.5960693359375,385.17816162109375,0.9839071035385132,1045.618408203125,497.7947082519531,0.910995602607727,810.9109497070312,480.2594299316406,0.9543708562850952,816.8649291992188,586.9133911132812,0.8756763339042664
807,1029.38330078125,305.62249755859375,0.9781979918479919,905.1168823242188,383.6800842285156,0.9838192462921143,1045.3800048828125,495.2153625488281,0.8814661502838135,809.7890625,478.1163024902344,0.9542999267578125,811.560546875,583.8165893554688,0.8976360559463501
808,1029.7559814453125,304.8554382324219,0.9699569940567017,905.5946655273438,382.0788269042969,0.9825314283370972,1045.7447509765625,494.22296142578125,0.906152606010437,809.5165405273438,477.263671875,0.9522329568862915,806.2738037109375,582.5773315429688,0.8639833331108093
809,1030.872314453125,303.5909118652344,0.9683469533920288,906.4027709960938,380.6111755371094,0.9828422665596008,1046.6376953125,493.475341796875,0.9140266180038452,808.511474609375,476.3842468261719,0.9511642456054688,803.432373046875,582.2989501953125,0.915019154548645
810,1031.953857421875,303.609130859375,0.9677164554595947,906.7559814453125,379.85211181640625,0.9838383197784424,1046.371826171875,492.9097595214844,0.9249402284622192,808.7716674804688,475.06201171875,0.9415451884269714,800.5720825195312,580.9867553710938,0.8485407829284668
811,1033.1923828125,303.25592041015625,0.9714714288711548,907.0469970703125,379.3548583984375,0.9864660501480103,1046.3922119140625,492.3714904785156,0.9407440423965454,808.6052856445312,473.8448791503906,0.9426378011703491,796.9185180664062,581.0810546875,0.9174509048461914
812,1034.245849609375,303.4131164550781,0.9722893834114075,907.4675903320312,378.9331359863281,0.9837969541549683,1045.845947265625,492.05267333984375,0.9471052885055542,806.63525390625,472.47210693359375,0.9464535117149353,792.73583984375,583.379638671875,0.8692203760147095
813,1035.215576171875,303.2893981933594,0.9754160642623901,907.8805541992188,378.57794189453125,0.9834049940109253,1045.3983154296875,491.4132080078125,0.9502629041671753,806.6185302734375,471.5444030761719,0.9441853761672974,788.6441650390625,579.4450073242188,0.9077507853507996
814,1036.295166015625,303.2275695800781,0.9698296785354614,908.7088012695312,378.2320556640625,0.9803922176361084,1044.74658203125,491.1340637207031,0.9482821226119995,806.3106689453125,471.2644958496094,0.9320046305656433,786.041748046875,578.1841430664062,0.847054123878479
815,1036.78125,303.58050537109375,0.9723540544509888,909.4034423828125,378.126708984375,0.979426920413971,1044.07177734375,491.046630859375,0.9526922702789307,805.3298950195312,470.9485168457031,0.9322810769081116,783.3800659179688,578.04736328125,0.8659424781799316
816,1037.457763671875,303.95196533203125,0.973446249961853,911.64599609375,377.676025390625,0.9729560017585754,1043.5831298828125,491.0473327636719,0.9464945793151855,806.30517578125,469.7366638183594,0.9283217787742615,780.237060546875,577.7034912109375,0.8953300714492798
817,1038.427734375,304.68402099609375,0.9722766876220703,912.6397094726562,377.4885559082031,0.9770177006721497,1043.7001953125,491.2240905761719,0.9501802325248718,806.5935668945312,468.7189025878906,0.9338720440864563,777.7772216796875,574.3161010742188,0.9021549820899963
818,1040.098388671875,306.0583801269531,0.9795434474945068,913.656005859375,377.6994934082031,0.9832572937011719,1043.9390869140625,491.61859130859375,0.9464790225028992,806.5399169921875,468.19378662109375,0.9378237128257751,774.5031127929688,573.7561645507812,0.9156150817871094
819,1040.938720703125,307.1916198730469,0.9826989769935608,915.0592651367188,377.4889221191406,0.9868539571762085,1043.94921875,492.114501953125,0.9480952024459839,806.068115234375,468.1280212402344,0.939014196395874,770.8977661132812,572.4647216796875,0.9015184640884399
820,1041.7659912109375,308.4304504394531,0.9859188795089722,916.9638671875,377.85345458984375,0.9896066188812256,1044.434814453125,493.0350341796875,0.9405965209007263,806.0687866210938,467.8786315917969,0.9421263337135315,769.4798583984375,572.2261962890625,0.8359584808349609
821,1042.9339599609375,309.07391357421875,0.9876677989959717,918.3848876953125,378.37738037109375,0.989689826965332,1044.843994140625,493.4538879394531,0.9395637512207031,805.708984375,467.6700744628906,0.9333415031433105,765.4537963867188,572.1979370117188,0.8870648145675659
822,1043.5462646484375,310.1588439941406,0.9821552038192749,919.7521362304688,378.8004150390625,0.9882681965827942,1044.258056640625,494.32965087890625,0.9279934763908386,806.2439575195312,467.6607360839844,0.9389810562133789,762.5720825195312,573.2186279296875,0.915841281414032
823,1043.98583984375,310.9136962890625,0.9797590970993042,920.7973022460938,379.3188781738281,0.9851484298706055,1043.944580078125,494.8435974121094,0.9121450185775757,806.1964111328125,468.43212890625,0.931294322013855,759.2750244140625,572.5191040039062,0.8949159383773804
824,1045.3360595703125,312.9779357910156,0.9777193069458008,922.236572265625,379.7085266113281,0.9815226197242737,1043.9036865234375,496.39630126953125,0.8814646005630493,806.0654907226562,468.8873291015625,0.9296807646751404,755.8819580078125,572.2474365234375,0.8490082025527954
825,1047.62939453125,314.9339294433594,0.9672976732254028,923.0047607421875,380.10577392578125,0.9837445020675659,1044.2860107421875,497.3867492675781,0.8903956413269043,806.458251953125,468.8639221191406,0.9119092226028442,753.7146606445312,570.5615234375,0.8131498694419861
826,1048.8148193359375,316.1866149902344,0.9557244777679443,924.0957641601562,381.8216552734375,0.981597900390625,1044.9302978515625,498.4701232910156,0.8925570249557495,806.8168334960938,468.9877624511719,0.8714718818664551,750.3436279296875,572.4408569335938,0.822585940361023
827,1050.142333984375,317.220703125,0.9576200246810913,924.6339721679688,382.7544250488281,0.9845913648605347,1046.022705078125,499.4864196777344,0.8945116400718689,806.3707885742188,470.25091552734375,0.840416431427002,749.2321166992188,568.2296752929688,0.8998186588287354
828,1051.195068359375,318.6980285644531,0.9642727375030518,924.997314453125,383.9322509765625,0.9858208298683167,1045.7935791015625,500.3583679199219,0.9128134250640869,806.4556884765625,471.54010009765625,0.809280514717102,743.0115966796875,572.0314331054688,0.9117673635482788
829,1051.4443359375,319.1715393066406,0.9642550945281982,925.3906860351562,384.8204040527344,0.9881784915924072,1047.271484375,501.463134765625,0.9155137538909912,807.0545043945312,471.9068908691406,0.7808295488357544,741.10498046875,570.5253295898438,0.9332478046417236
830,1051.839111328125,319.45709228515625,0.9641458988189697,925.5601196289062,386.0257568359375,0.9889264106750488,1047.92529296875,502.4169006347656,0.9217311143875122,805.6255493164062,473.6279602050781,0.8203599452972412,737.609375,571.1689453125,0.9345546364784241
831,1051.909423828125,319.58624267578125,0.9658188819885254,925.9556274414062,386.7934265136719,0.9888811707496643,1050.7835693359375,502.07806396484375,0.917425811290741,806.3564453125,473.67718505859375,0.8331558704376221,733.914794921875,571.5847778320312,0.8545101881027222
832,1051.9493408203125,319.58343505859375,0.9690200090408325,926.1863403320312,387.2542724609375,0.9879777431488037,1051.059326171875,502.2593078613281,0.9058929681777954,805.880615234375,474.8913269042969,0.8049873113632202,730.6283569335938,571.2034301757812,0.9195449352264404
833,1052.2989501953125,319.358642578125,0.966532826423645,926.23974609375,387.3410949707031,0.9876042604446411,1051.2562255859375,502.28167724609375,0.9038931727409363,805.0943603515625,476.0328063964844,0.803287148475647,727.464111328125,570.458251953125,0.9317617416381836
834,1052.9580078125,318.5545959472656,0.9597889184951782,926.4004516601562,387.1024169921875,0.9879232048988342,1051.549072265625,502.0154724121094,0.9120851755142212,799.8295288085938,479.4041748046875,0.767379105091095,724.350830078125,569.3328247070312,0.95405113697052
835,1053.1177978515625,318.2171630859375,0.9626328349113464,926.2836303710938,386.6816711425781,0.9876381754875183,1051.7880859375,501.8685607910156,0.9275823831558228,798.5458374023438,480.5863952636719,0.8450250625610352,721.4554443359375,569.9932861328125,0.9455488920211792
836,1053.0958251953125,317.33343505859375,0.968420147895813,926.3108520507812,386.3409118652344,0.986755907535553,1052.2054443359375,501.43890380859375,0.9119505882263184,798.2052001953125,481.8972473144531,0.8742650151252747,718.8171997070312,571.1036987304688,0.9191364645957947
837,1053.077880859375,316.1901550292969,0.9717264175415039,926.2581787109375,385.60882568359375,0.9870674014091492,1052.2435302734375,500.6375427246094,0.908202052116394,798.7619018554688,482.13958740234375,0.8381075263023376,717.0851440429688,569.6748657226562,0.9310613870620728
838,1052.8662109375,315.38714599609375,0.9712129831314087,926.1613159179688,385.03497314453125,0.9861782789230347,1051.51025390625,499.9414367675781,0.899587869644165,798.580322265625,482.317138671875,0.8448209762573242,717.2573852539062,568.2084350585938,0.926085352897644
839,1052.3873291015625,314.0616149902344,0.9705695509910583,926.0406494140625,384.5289306640625,0.9855532050132751,1051.649658203125,499.4775390625,0.8906973600387573,799.5494995117188,481.96343994140625,0.8116484880447388,717.3562622070312,567.1213989257812,0.9281381964683533
840,1052.289794921875,313.29302978515625,0.9673769474029541,925.9142456054688,383.8832092285156,0.9849469065666199,1048.248291015625,499.08343505859375,0.8714039325714111,799.9752197265625,481.7956237792969,0.7827951908111572,718.0885009765625,565.3019409179688,0.9474234580993652
841,1051.753173828125,311.1575622558594,0.9724617004394531,925.8970947265625,382.85009765625,0.9834226369857788,1051.6151123046875,498.3865966796875,0.8930518627166748,800.7763061523438,482.10870361328125,0.7840396165847778,717.6928100585938,564.1119995117188,0.9491549134254456
842,1051.67041015625,309.9733581542969,0.977907121181488,925.7362060546875,382.0555725097656,0.981647253036499,1051.6529541015625,497.34869384765625,0.8911911845207214,800.7086181640625,482.0868225097656,0.8401304483413696,716.3162841796875,563.8345947265625,0.9565379619598389
843,1051.71923828125,309.2615966796875,0.9826948642730713,925.3840942382812,381.4285583496094,0.9819159507751465,1052.93017578125,497.0332336425781,0.8758642673492432,803.6504516601562,480.45318603515625,0.8328787684440613,716.4424438476562,562.78271484375,0.9591161012649536
844,1051.784423828125,308.4596862792969,0.982242226600647,925.3331298828125,381.1230773925781,0.9809885025024414,1054.010986328125,496.28070068359375,0.8710747361183167,803.7216796875,479.82708740234375,0.8382672071456909,716.5309448242188,562.9761962890625,0.9597131013870239
845,1051.9952392578125,307.43951416015625,0.9842849969863892,925.2647705078125,381.0547180175781,0.9800153970718384,1058.2978515625,495.23663330078125,0.8960878849029541,803.8500366210938,479.5354919433594,0.8518037796020508,715.2454833984375,565.3470458984375,0.9521785974502563
846,1051.73974609375,306.3360900878906,0.9819322228431702,925.5786743164062,381.0344543457031,0.9808928966522217,1059.486083984375,494.7254638671875,0.9148326516151428,804.3535766601562,479.97113037109375,0.8273545503616333,716.1166381835938,567.7340698242188,0.9088400602340698
847,1052.135009765625,305.5540466308594,0.9851053953170776,926.0299682617188,381.2098083496094,0.981024980545044,1059.8516845703125,494.187744140625,0.9371377229690552,800.7474975585938,481.2452392578125,0.8096197247505188,713.7938842773438,570.3174438476562,0.8884739875793457
848,1052.4273681640625,305.1317138671875,0.9843631982803345,926.4796752929688,381.45355224609375,0.982030987739563,1060.72021484375,493.4320373535156,0.9409573078155518,803.9657592773438,480.6248474121094,0.7995082139968872,717.2315673828125,572.1754150390625,0.8576716184616089
849,1052.9224853515625,304.5915222167969,0.9820599555969238,926.9894409179688,381.802734375,0.9808764457702637,1061.4188232421875,492.4172668457031,0.9502428770065308,804.3926391601562,480.4705505371094,0.8879472017288208,719.007568359375,574.7969970703125,0.8552137017250061
850,1053.05078125,304.00885009765625,0.9791520833969116,928.1096801757812,381.47314453125,0.9814618825912476,1062.4769287109375,492.00018310546875,0.9496932029724121,805.77392578125,479.477783203125,0.9190943241119385,724.0646362304688,573.4273681640625,0.9314342737197876
851,1053.2484130859375,303.51873779296875,0.9773475527763367,928.3130493164062,381.271728515625,0.9839193820953369,1065.9661865234375,491.1601257324219,0.9468073844909668,807.04443359375,476.87640380859375,0.9558173418045044,731.4735107421875,575.7106323242188,0.9119737148284912
852,1053.28515625,302.99761962890625,0.974907398223877,928.6398315429688,381.19769287109375,0.9841462969779968,1067.4813232421875,491.2310791015625,0.9509382247924805,811.3895874023438,475.4708557128906,0.9542145729064941,740.9486694335938,574.2314453125,0.9248703718185425
853,1053.5433349609375,302.6122741699219,0.9712445735931396,929.0116577148438,381.1766662597656,0.9856662750244141,1072.4993896484375,491.5286560058594,0.9306575059890747,815.2687377929688,471.68109130859375,0.9172836542129517,754.3974609375,571.753173828125,0.9278321862220764
854,1054.144287109375,301.9974060058594,0.9679956436157227,929.8007202148438,381.1969299316406,0.9872419834136963,1073.4630126953125,491.24755859375,0.9468013644218445,822.15380859375,467.1850891113281,0.9487665891647339,768.049072265625,571.4913330078125,0.9008771181106567
855,1053.863525390625,301.322021484375,0.9701662063598633,930.2786254882812,380.9570617675781,0.9885956048965454,1074.7696533203125,491.1283874511719,0.9594959020614624,823.0115966796875,463.0643310546875,0.9365835189819336,780.7507934570312,571.5806274414062,0.883629560470581
856,1053.6214599609375,301.0616760253906,0.9754253029823303,930.77783203125,380.9470520019531,0.9894429445266724,1076.1309814453125,490.99737548828125,0.9667202234268188,828.3656616210938,461.0417175292969,0.9265419840812683,796.490234375,568.6729125976562,0.8745013475418091
857,1053.44970703125,300.5453186035156,0.9741379022598267,931.2271118164062,380.7817687988281,0.9904059171676636,1076.6571044921875,491.01861572265625,0.9699850082397461,829.3203735351562,459.330322265625,0.9466165900230408,808.6901245117188,570.7521362304688,0.8896915912628174
858,1053.1185302734375,300.16796875,0.9773644208908081,931.4527587890625,380.65338134765625,0.9910752773284912,1078.1173095703125,490.802734375,0.9679616689682007,832.18896484375,457.502197265625,0.9359346628189087,821.5808715820312,570.9407348632812,0.9262779951095581
859,1053.0482177734375,299.701416015625,0.9783762097358704,931.6098022460938,380.60284423828125,0.9911812543869019,1078.5843505859375,490.9420166015625,0.9628800749778748,837.3963012695312,453.8703308105469,0.9158948659896851,835.5267944335938,569.5068359375,0.928789496421814
860,1052.864501953125,299.3739013671875,0.9796724319458008,931.9840698242188,380.4836730957031,0.9909291863441467,1079.4949951171875,490.9684753417969,0.9558963179588318,840.825927734375,453.5013122558594,0.9169567823410034,847.8145141601562,563.0807495117188,0.8172620534896851
861,1053.0579833984375,298.96966552734375,0.9788995981216431,932.163818359375,380.1260986328125,0.9913864135742188,1080.06787109375,490.9925842285156,0.9467527866363525,843.4556884765625,453.3345031738281,0.9632828235626221,855.6599731445312,564.0131225585938,0.8700188994407654
862,1052.7919921875,298.33624267578125,0.9756121039390564,932.5017700195312,379.7035827636719,0.9917854070663452,1082.607177734375,489.87060546875,0.9461013078689575,845.6790161132812,453.65179443359375,0.9605912566184998,866.9373779296875,561.0420532226562,0.9408085346221924
863,1052.6998291015625,297.7593688964844,0.977566659450531,932.824951171875,379.42669677734375,0.9919271469116211,1087.8577880859375,489.86126708984375,0.9360513687133789,847.955810546875,454.0593566894531,0.9586019515991211,877.6202392578125,563.2228393554688,0.8724809885025024
864,1052.983154296875,295.7261962890625,0.9765171408653259,933.2933349609375,379.3498840332031,0.9915499091148376,1088.900146484375,489.2572021484375,0.951939582824707,851.2894287109375,453.6710205078125,0.9127101898193359,885.6699829101562,561.3579711914062,0.9043017625808716
865,1053.2574462890625,295.00665283203125,0.9772301912307739,933.6441040039062,379.2446594238281,0.9919975996017456,1089.566162109375,489.0132751464844,0.9607353210449219,853.7114868164062,454.43048095703125,0.9441421031951904,895.1917724609375,557.255126953125,0.7797009348869324
866,1053.3641357421875,294.1376037597656,0.9798949956893921,934.0601196289062,379.21185302734375,0.9910236597061157,1090.4246826171875,487.7337951660156,0.9632086157798767,857.3311157226562,456.77032470703125,0.9637684226036072,903.65283203125,557.5335693359375,0.8208206295967102
867,1053.7462158203125,293.72265625,0.9798682928085327,934.7434692382812,379.0533447265625,0.9905821084976196,1091.8487548828125,487.2529602050781,0.9721453189849854,861.3585815429688,457.20001220703125,0.9752193689346313,910.9790649414062,554.8050537109375,0.7925839424133301
868,1054.0478515625,292.86151123046875,0.9787822961807251,935.397216796875,378.9258728027344,0.9886041283607483,1092.312255859375,486.98388671875,0.9766222238540649,864.8626708984375,457.7596435546875,0.9622584581375122,914.4832763671875,550.5901489257812,0.8070212006568909
869,1055.3536376953125,292.6058349609375,0.9801844358444214,936.208740234375,378.88665771484375,0.9864675998687744,1093.56640625,486.1391296386719,0.9787107110023499,868.6144409179688,459.4845886230469,0.9837214350700378,924.4529418945312,555.097900390625,0.7763572931289673
870,1055.419921875,291.75299072265625,0.9812594652175903,937.0921020507812,378.9135437011719,0.981200635433197,1093.919921875,485.72857666015625,0.9728564023971558,871.335205078125,462.3670654296875,0.9598332047462463,931.0398559570312,554.1920776367188,0.825310230255127
871,1055.7080078125,290.9737854003906,0.9833123087882996,938.5167236328125,378.83599853515625,0.9834739565849304,1094.3538818359375,484.806640625,0.9696305394172668,874.0100708007812,466.1276550292969,0.9709670543670654,934.9700317382812,555.2233276367188,0.8749326467514038
872,1056.18359375,290.5946350097656,0.9854981899261475,939.0353393554688,379.0460510253906,0.9845564365386963,1098.332763671875,481.990478515625,0.9580767154693604,877.5628051757812,470.5233459472656,0.9729219079017639,940.2648315429688,555.8025512695312,0.8390936255455017
873,1056.7943115234375,289.7711181640625,0.984734296798706,939.6343994140625,379.38177490234375,0.9827277660369873,1100.3255615234375,480.7452087402344,0.9613567590713501,881.5087280273438,473.0578308105469,0.9605029821395874,945.562255859375,558.7085571289062,0.8472078442573547
874,1057.8184814453125,289.0601501464844,0.9839718341827393,940.7163696289062,379.8073425292969,0.9795539379119873,1101.5067138671875,478.30841064453125,0.9645521640777588,885.5655517578125,477.0047607421875,0.9675747156143188,948.7582397460938,561.0093383789062,0.9018467664718628
875,1058.6171875,287.7889404296875,0.9804751873016357,941.9163208007812,380.2833251953125,0.9767991304397583,1104.884033203125,477.3603515625,0.9687659740447998,888.750244140625,482.705078125,0.962605357170105,954.2610473632812,563.7799682617188,0.9013091921806335
876,1059.813720703125,286.9635314941406,0.982598066329956,943.8828125,380.9165344238281,0.9743848443031311,1106.2197265625,476.7183837890625,0.9759060144424438,892.3991088867188,487.89453125,0.9765196442604065,959.1253662109375,565.8298950195312,0.8201254606246948
877,1060.6871337890625,286.3351135253906,0.9831379652023315,945.091064453125,380.9814758300781,0.983347475528717,1107.3885498046875,476.17242431640625,0.9803985953330994,895.4351196289062,490.9997253417969,0.9803143739700317,964.833251953125,570.7176513671875,0.8573935031890869
878,1061.844482421875,286.3695373535156,0.9830955862998962,946.5029907226562,381.59637451171875,0.9853191375732422,1108.2825927734375,475.85174560546875,0.9814305305480957,901.0120849609375,495.3854675292969,0.9629937410354614,967.133056640625,573.9625244140625,0.8422888517379761
879,1062.5694580078125,286.4527282714844,0.9806646108627319,947.6296997070312,382.39202880859375,0.9857803583145142,1108.5640869140625,476.0513000488281,0.9835887551307678,904.404541015625,500.8908996582031,0.9737337827682495,972.3316040039062,580.2122802734375,0.8511533737182617
880,1063.2120361328125,287.0557556152344,0.97712641954422,948.6076049804688,383.4678649902344,0.9843052625656128,1109.4324951171875,476.1578063964844,0.9848179817199707,907.935791015625,505.48944091796875,0.9834353923797607,973.4727172851562,586.5668334960938,0.8534222841262817
881,1063.251220703125,287.889892578125,0.975836455821991,948.814208984375,384.86602783203125,0.9827183485031128,1110.265869140625,476.4658508300781,0.9820729494094849,911.513427734375,507.6258239746094,0.9705126881599426,976.8043212890625,591.3532104492188,0.8262591361999512
882,1063.1536865234375,288.2890930175781,0.9760658740997314,949.0739135742188,386.3586120605469,0.9859488010406494,1111.8065185546875,476.46319580078125,0.9702821969985962,912.8886108398438,507.68218994140625,0.9732297658920288,972.3366088867188,593.6200561523438,0.8846611380577087
883,1062.3677978515625,289.69696044921875,0.9796675443649292,949.37451171875,387.7679138183594,0.9864603281021118,1112.245849609375,477.2708435058594,0.9699496030807495,910.7705078125,507.1038513183594,0.9793492555618286,969.7933349609375,594.4369506835938,0.8864560723304749
884,1062.7122802734375,291.3641357421875,0.984938383102417,949.3469848632812,389.3768615722656,0.9851511120796204,1112.3587646484375,481.6213684082031,0.9614051580429077,908.1298217773438,507.3930358886719,0.9790002107620239,963.2852783203125,593.3360595703125,0.9106885194778442
885,1062.64697265625,293.58544921875,0.9880722761154175,949.1498413085938,390.9150390625,0.9823889136314392,1113.81005859375,482.40008544921875,0.9624381065368652,905.0194091796875,506.9989929199219,0.9721277952194214,957.2857666015625,594.2435913085938,0.9011203646659851
886,1062.6361083984375,296.0830078125,0.9837131500244141,947.8309936523438,392.9716491699219,0.9830642342567444,1113.8419189453125,485.8077392578125,0.9641857147216797,901.08251953125,505.9470520019531,0.9820942878723145,953.3869018554688,596.2627563476562,0.9096487164497375
887,1063.65283203125,299.6043701171875,0.9811246395111084,946.6895141601562,394.3393859863281,0.984859824180603,1111.459228515625,488.6765441894531,0.9659411907196045,897.0848999023438,506.63214111328125,0.9748632907867432,945.808837890625,596.0579833984375,0.9059479236602783
888,1063.5509033203125,301.7016296386719,0.9789698123931885,945.8936157226562,396.1739807128906,0.9854015111923218,1110.1146240234375,490.81475830078125,0.970104455947876,893.378173828125,507.6489562988281,0.9800022840499878,940.3120727539062,595.5846557617188,0.9162614345550537
889,1063.48291015625,304.0378723144531,0.974320650100708,944.6423950195312,397.68231201171875,0.9835537672042847,1108.8348388671875,492.3594970703125,0.9734925627708435,889.3834228515625,507.92529296875,0.9682962894439697,936.8486328125,597.4989624023438,0.9157092571258545
890,1061.627197265625,306.3065490722656,0.9841758012771606,942.4558715820312,398.4781494140625,0.9817876815795898,1107.3641357421875,494.79254150390625,0.9537930488586426,885.1945190429688,506.1175842285156,0.9801508784294128,928.2607421875,596.5498046875,0.8821694254875183
891,1060.39111328125,308.2623291015625,0.987971305847168,941.0621948242188,398.2584533691406,0.986105740070343,1103.4112548828125,498.2950744628906,0.9477787017822266,881.5887451171875,505.79443359375,0.964936375617981,922.0653076171875,596.2850952148438,0.9268101453781128
892,1058.9730224609375,309.234375,0.9908215999603271,939.8735961914062,398.3826599121094,0.9881296157836914,1101.3863525390625,500.8200378417969,0.939696729183197,877.3285522460938,506.0090026855469,0.9805327653884888,915.9067993164062,596.3780517578125,0.9176579117774963
893,1057.5189208984375,310.60821533203125,0.9881628751754761,937.8931884765625,398.406494140625,0.9863158464431763,1099.4564208984375,502.5998229980469,0.957133412361145,873.5650024414062,505.63140869140625,0.9711710214614868,912.9524536132812,596.521728515625,0.8869075775146484
894,1056.5107421875,312.12451171875,0.9809507131576538,935.7937622070312,398.484130859375,0.9811636209487915,1094.932373046875,504.8255615234375,0.940545916557312,869.63525390625,504.3030090332031,0.9600327610969543,908.542724609375,596.741943359375,0.9140505194664001
895,1054.0548095703125,313.3040466308594,0.9711320400238037,933.1136474609375,399.2413330078125,0.9829181432723999,1091.8629150390625,505.59844970703125,0.9672254323959351,866.0062866210938,504.5239562988281,0.9578368663787842,905.2032470703125,597.0126953125,0.929486870765686
896,1052.2392578125,314.18701171875,0.9778732061386108,930.1578979492188,398.7146301269531,0.9840476512908936,1089.330078125,506.20770263671875,0.960550844669342,862.4232177734375,504.5583190917969,0.9616403579711914,900.0735473632812,596.90673828125,0.9021049737930298
897,1050.7525634765625,314.52880859375,0.9813741445541382,926.9977416992188,398.7607727050781,0.9823862910270691,1083.699951171875,505.8433532714844,0.942146897315979,859.4569702148438,502.7851867675781,0.9652116894721985,893.4501342773438,596.3663330078125,0.8912570476531982
898,1048.9951171875,314.977783203125,0.9781906604766846,925.1217041015625,398.2576904296875,0.9858177900314331,1082.0146484375,507.0863952636719,0.9510672092437744,856.5265502929688,501.06939697265625,0.9592383503913879,890.1377563476562,596.352294921875,0.9310066103935242
899,1047.613037109375,316.0209655761719,0.9773851633071899,923.4224243164062,397.8235778808594,0.9868900775909424,1076.9549560546875,508.2655944824219,0.9639879465103149,853.992431640625,499.84375,0.9670718312263489,883.5692138671875,596.095458984375,0.9289464354515076
900,1046.490478515625,316.39837646484375,0.9812593460083008,921.4085693359375,397.71929931640625,0.9809123277664185,1075.541015625,508.6078796386719,0.9651097059249878,850.8118286132812,499.4638366699219,0.9611793756484985,880.0573120117188,595.6001586914062,0.8720015287399292
901,1044.8887939453125,316.03778076171875,0.9810553789138794,919.5955810546875,397.3271179199219,0.9840486645698547,1072.8583984375,509.40093994140625,0.9451785683631897,846.1325073242188,498.78558349609375,0.9666763544082642,875.0831298828125,595.5367431640625,0.9325942993164062
902,1043.29931640625,316.3602600097656,0.9808380603790283,917.3584594726562,397.0647277832031,0.9887718558311462,1067.70703125,508.8457336425781,0.9404122829437256,842.610107421875,497.5606384277344,0.9585580825805664,869.1494750976562,594.6778564453125,0.9418836832046509
903,1041.6224365234375,316.6184387207031,0.9792451858520508,914.1879272460938,396.8333740234375,0.9879148006439209,1066.2945556640625,509.3146057128906,0.93194580078125,839.4867553710938,495.8907470703125,0.958922803401947,865.392333984375,595.120849609375,0.9004712104797363
904,1040.1651611328125,316.9866943359375,0.9756988883018494,911.927001953125,396.8760986328125,0.9794520139694214,1061.782958984375,510.0998840332031,0.9222497940063477,835.5086669921875,494.26226806640625,0.9652680158615112,859.3046264648438,594.9736328125,0.9067887663841248
905,1038.7734375,317.38385009765625,0.9707053899765015,909.296142578125,396.40087890625,0.9806483387947083,1059.87353515625,510.27899169921875,0.9302830696105957,833.3801879882812,492.9225769042969,0.9707067608833313,853.8693237304688,593.995361328125,0.9423912763595581
906,1037.31494140625,317.84521484375,0.9688843488693237,907.9488525390625,396.0531005859375,0.9830935597419739,1058.8660888671875,510.5274658203125,0.9200489521026611,829.0906372070312,492.8840637207031,0.9732341766357422,850.3529663085938,593.5543212890625,0.9191032648086548
907,1035.85791015625,318.14227294921875,0.9684542417526245,906.9202880859375,395.4444885253906,0.9858583211898804,1053.42236328125,510.4192810058594,0.890062153339386,826.5774536132812,492.8923645019531,0.9758137464523315,844.6273803710938,593.6935424804688,0.909050703048706
908,1034.221435546875,318.4019470214844,0.9707341194152832,904.8087158203125,395.4935302734375,0.9824970960617065,1051.3756103515625,509.9470520019531,0.9047495126724243,823.5675659179688,491.6288757324219,0.981681227684021,839.090087890625,592.9893188476562,0.9091531038284302
909,1032.65966796875,318.61309814453125,0.9701588153839111,903.1701049804688,395.47052001953125,0.9885714054107666,1051.14306640625,511.7738952636719,0.8919604420661926,820.9331665039062,490.1603088378906,0.984100341796875,836.8636474609375,592.7207641601562,0.9229004383087158
910,1031.251953125,319.37884521484375,0.9734716415405273,901.674072265625,395.777099609375,0.9899560213088989,1046.4847412109375,510.3626403808594,0.9000265002250671,819.1661987304688,489.87396240234375,0.9772049188613892,832.1121215820312,591.1375122070312,0.9201024770736694
911,1029.8668212890625,320.0659484863281,0.9790294170379639,899.8648681640625,396.0230712890625,0.989903450012207,1044.997314453125,510.7384033203125,0.8765875101089478,817.5792236328125,489.5802001953125,0.969680666923523,826.43115234375,590.1148681640625,0.928780198097229
912,1027.7999267578125,320.677734375,0.9797035455703735,898.2771606445312,396.1377258300781,0.9870492219924927,1043.8394775390625,510.8052978515625,0.8691777586936951,815.5640258789062,489.85882568359375,0.9666610360145569,821.750244140625,590.247802734375,0.916573166847229
913,1026.982177734375,321.4607238769531,0.9804303646087646,897.3235473632812,396.03070068359375,0.9831901788711548,1043.71435546875,510.83428955078125,0.8637396097183228,812.8953247070312,488.27838134765625,0.9669225215911865,818.2623291015625,590.6578979492188,0.913426399230957
914,1026.5321044921875,322.04248046875,0.9822103381156921,896.3626098632812,396.45550537109375,0.9785752296447754,1043.1651611328125,512.5047607421875,0.8628666996955872,808.6423950195312,486.519775390625,0.9641671180725098,811.8884887695312,589.2160034179688,0.9526829719543457
915,1026.3367919921875,322.64630126953125,0.9835208654403687,894.9152221679688,396.992919921875,0.975803017616272,1043.376953125,512.873779296875,0.8697707653045654,807.2562866210938,485.20538330078125,0.9423288106918335,808.9268798828125,589.7857666015625,0.8823372721672058
916,1025.6807861328125,323.4849548339844,0.9843040704727173,894.4364013671875,396.8297424316406,0.9778594970703125,1042.4871826171875,513.1717529296875,0.8697068691253662,805.2245483398438,484.43115234375,0.9665815830230713,804.8475341796875,589.2161254882812,0.8886021375656128
917,1025.658203125,324.26776123046875,0.9837143421173096,894.0479736328125,396.82757568359375,0.9794701933860779,1041.2943115234375,513.6679077148438,0.85343998670578,804.6986694335938,484.5262756347656,0.9459311962127686,800.26416015625,589.0604858398438,0.8931947946548462
918,1025.7529296875,324.8643798828125,0.9850797653198242,893.7623291015625,396.824951171875,0.980150580406189,1037.0809326171875,513.6848754882812,0.8530237674713135,802.8013305664062,482.7520751953125,0.9151617288589478,796.1410522460938,588.5090942382812,0.9143202304840088
919,1025.8939208984375,325.45538330078125,0.9858944416046143,893.630859375,396.9430847167969,0.98065185546875,1036.7935791015625,513.9005737304688,0.867299497127533,798.1321411132812,482.54718017578125,0.9375686645507812,791.3419189453125,587.9873657226562,0.9062930345535278
920,1025.7435302734375,325.94342041015625,0.987343430519104,893.4708251953125,397.1278076171875,0.9801112413406372,1035.84619140625,514.046630859375,0.8387129306793213,796.1338500976562,481.6390075683594,0.9502395391464233,788.6743774414062,587.1283569335938,0.8997043967247009
921,1025.8475341796875,326.68853759765625,0.988283634185791,893.5867919921875,397.1536865234375,0.9802340269088745,1035.9600830078125,514.2694702148438,0.8731933832168579,794.55810546875,480.9356384277344,0.9428678750991821,782.5517578125,587.3292236328125,0.8528884649276733
922,1026.0457763671875,327.2796936035156,0.9867178201675415,893.5958862304688,397.15179443359375,0.9801199436187744,1035.7694091796875,514.6420288085938,0.8745604753494263,791.9368896484375,480.1805114746094,0.9477870464324951,779.3141479492188,586.6055297851562,0.9236086010932922
923,1026.758544921875,327.9373474121094,0.986443042755127,893.8433837890625,397.2276306152344,0.9798267483711243,1035.7744140625,515.1322021484375,0.868825376033783,790.1113891601562,478.2533874511719,0.9452544450759888,775.5009155273438,586.8863525390625,0.8930951356887817
924,1027.457763671875,328.7291259765625,0.9819981455802917,894.282958984375,397.3927307128906,0.9802160263061523,1035.548828125,515.4744873046875,0.8771171569824219,788.9928588867188,477.5171203613281,0.9433521032333374,770.8556518554688,582.1729736328125,0.8965097665786743
925,1028.3787841796875,330.7218933105469,0.9822720289230347,894.6515502929688,397.5429992675781,0.9798908233642578,1035.7020263671875,516.2664794921875,0.8736693859100342,787.19384765625,477.0316162109375,0.9363669157028198,768.02197265625,581.2858276367188,0.8554937839508057
926,1029.105712890625,332.0789794921875,0.9819393157958984,895.23876953125,397.9620666503906,0.9785646796226501,1034.912109375,517.2510375976562,0.8901897668838501,784.999267578125,477.2514343261719,0.8971562385559082,764.9778442382812,581.4085693359375,0.9152090549468994
927,1029.6973876953125,333.2264404296875,0.9800468683242798,896.7254638671875,398.2845458984375,0.9783447980880737,1035.20556640625,518.0234375,0.9209579229354858,784.4057006835938,477.0841064453125,0.8945406675338745,762.4814453125,581.9072265625,0.9127621650695801
928,1030.6539306640625,334.8431701660156,0.9762465953826904,897.5836791992188,398.7796325683594,0.9807033538818359,1034.896728515625,518.8887329101562,0.874306857585907,783.537353515625,476.8030700683594,0.8948023319244385,757.9120483398438,580.5488891601562,0.9126441478729248
929,1030.9171142578125,336.42437744140625,0.9757059812545776,898.97802734375,399.3495178222656,0.9835533499717712,1031.554931640625,519.74853515625,0.8587726354598999,783.017822265625,476.4663391113281,0.9002276062965393,754.5675048828125,579.3270874023438,0.8846602439880371
930,1031.8170166015625,338.5040588378906,0.9763447046279907,899.57080078125,400.4876708984375,0.9838459491729736,1030.47998046875,521.8895874023438,0.8861914873123169,782.4926147460938,476.339111328125,0.9095631837844849,751.3877563476562,581.2192993164062,0.8490649461746216
931,1032.77587890625,340.2518310546875,0.9684839248657227,900.37255859375,401.56732177734375,0.9861940145492554,1029.6953125,523.0565795898438,0.9247111082077026,781.932861328125,476.5235900878906,0.9241554141044617,749.2581176757812,580.295654296875,0.9030094146728516
932,1033.5357666015625,342.3675842285156,0.966914176940918,901.1781616210938,402.66656494140625,0.9879063367843628,1028.320556640625,524.0286865234375,0.9261577129364014,782.352294921875,476.5357666015625,0.9069101810455322,743.2611694335938,579.6787719726562,0.9036089181900024
933,1034.57958984375,345.0921630859375,0.9642837643623352,902.0830078125,403.76348876953125,0.986540675163269,1027.0440673828125,524.8676147460938,0.9393036961555481,782.8157958984375,476.5100402832031,0.8943464756011963,740.1854858398438,578.8834228515625,0.9233007431030273
934,1036.312255859375,346.1443786621094,0.9642791152000427,902.5888061523438,404.5546569824219,0.9852372407913208,1026.8843994140625,525.5924682617188,0.9257199764251709,782.8947143554688,476.65264892578125,0.8954961895942688,737.9196166992188,578.4371948242188,0.8341426849365234
935,1037.239013671875,347.04913330078125,0.9652159214019775,903.4000854492188,405.647705078125,0.9830246567726135,1027.165771484375,526.2744750976562,0.91037517786026,783.2997436523438,476.683837890625,0.8902751207351685,734.3721313476562,578.3984985351562,0.8480162024497986
936,1038.09228515625,348.58905029296875,0.9643615484237671,904.9859619140625,407.009765625,0.9798179268836975,1027.78369140625,527.3026123046875,0.8560202121734619,782.87548828125,476.6986083984375,0.8870557546615601,731.07666015625,578.8359985351562,0.8844759464263916
937,1038.4151611328125,351.02447509765625,0.9663047790527344,905.859130859375,407.5101318359375,0.9797589778900146,1029.17333984375,528.9988403320312,0.8280642032623291,783.6336669921875,476.5555419921875,0.8705339431762695,726.2870483398438,578.0771484375,0.9091569185256958
938,1038.6402587890625,352.4305114746094,0.9675915241241455,906.42724609375,408.53009033203125,0.9759775400161743,1029.324462890625,529.6243896484375,0.8441645503044128,784.52099609375,476.3565368652344,0.8246538639068604,723.5511474609375,576.019287109375,0.9194387793540955
939,1039.6707763671875,353.72064208984375,0.9725040197372437,906.8758544921875,409.4053649902344,0.9789125919342041,1028.604736328125,529.6511840820312,0.8719083666801453,787.5228881835938,476.33062744140625,0.7211737632751465,720.8723754882812,575.2559204101562,0.892905056476593
940,1040.189697265625,354.7843322753906,0.9741374254226685,907.30322265625,409.6007080078125,0.9792634844779968,1028.993408203125,530.1204223632812,0.8725458383560181,787.9898681640625,476.3673095703125,0.7021532654762268,717.0546264648438,578.0719604492188,0.855887234210968
941,1040.58642578125,355.8243103027344,0.9770185351371765,907.54150390625,409.7884216308594,0.979857325553894,1029.2152099609375,530.6795654296875,0.8990416526794434,788.0592651367188,477.0141296386719,0.7595413327217102,712.2373046875,574.8392333984375,0.9028393030166626
942,1040.79638671875,356.2998352050781,0.980509877204895,907.814453125,410.17791748046875,0.9798109531402588,1029.88671875,531.3158569335938,0.9032782316207886,789.4952392578125,479.5799560546875,0.8307325839996338,708.1011962890625,575.0235595703125,0.9604350328445435
943,1040.9554443359375,356.318115234375,0.9804815053939819,908.3521118164062,410.5289001464844,0.974567174911499,1030.031494140625,531.887451171875,0.9125233292579651,788.1683959960938,480.713134765625,0.8511598110198975,706.6416015625,573.2382202148438,0.9697666168212891
944,1041.1094970703125,356.5965881347656,0.9814593195915222,908.910400390625,411.4219055175781,0.9745296239852905,1029.760498046875,532.46142578125,0.918876051902771,787.6820068359375,481.4011535644531,0.8708200454711914,704.2176513671875,573.1305541992188,0.956140398979187
945,1041.229736328125,356.70751953125,0.980944037437439,909.5200805664062,412.16259765625,0.9773931503295898,1030.3409423828125,532.7962036132812,0.9145735502243042,783.8994140625,483.6794738769531,0.8811677694320679,701.9282836914062,573.7899169921875,0.9424639344215393
946,1041.25390625,356.5321350097656,0.9809593558311462,910.0046997070312,412.73431396484375,0.9766521453857422,1030.4085693359375,533.2742309570312,0.9211289882659912,784.1171875,487.7884521484375,0.892422080039978,699.0112915039062,572.8285522460938,0.9343746900558472
947,1041.173583984375,355.9825134277344,0.9801374673843384,909.9349365234375,413.3238220214844,0.9791240692138672,1030.9896240234375,533.5170288085938,0.9156543016433716,782.6541137695312,490.34832763671875,0.955830991268158,695.36181640625,572.3341064453125,0.9585840702056885
948,1040.9625244140625,355.516845703125,0.9790607690811157,910.032470703125,413.6927795410156,0.9786479473114014,1031.3306884765625,533.5659790039062,0.9081031680107117,781.2268676757812,491.8382263183594,0.9546395540237427,693.8790283203125,571.3402099609375,0.9682502150535583
949,1040.5341796875,355.0411071777344,0.9753609895706177,909.76171875,414.08251953125,0.9761028289794922,1031.509033203125,533.2631225585938,0.9049017429351807,780.4110717773438,492.4748840332031,0.9620601534843445,692.1171875,571.0827026367188,0.9760956764221191
950,1040.0599365234375,354.0608215332031,0.9744212627410889,909.6900634765625,414.4352722167969,0.9762470722198486,1031.3321533203125,532.8706665039062,0.9050289392471313,779.3829345703125,493.1205139160156,0.9606972336769104,690.93310546875,571.2107543945312,0.977617084980011
951,1039.6600341796875,352.74127197265625,0.9724963903427124,909.0308837890625,414.1379089355469,0.9779446721076965,1031.4676513671875,532.1968994140625,0.9108498096466064,778.9832153320312,493.22625732421875,0.965539813041687,689.517822265625,570.9517211914062,0.9769123792648315
952,1038.4871826171875,351.6557312011719,0.9719079732894897,908.5059814453125,413.609375,0.978594183921814,1030.3843994140625,531.6931762695312,0.916240930557251,778.7054443359375,493.27813720703125,0.9620475172996521,689.3709106445312,570.7109985351562,0.9736891388893127
953,1038.0848388671875,350.6727600097656,0.9650694727897644,907.390625,412.42462158203125,0.9816999435424805,1030.832763671875,531.289794921875,0.9043595790863037,778.38671875,493.41949462890625,0.9643927812576294,689.3447875976562,570.1472778320312,0.9702000617980957
954,1038.0477294921875,348.38824462890625,0.9653847217559814,906.9545288085938,411.8175048828125,0.9820641279220581,1034.2232666015625,530.8515014648438,0.8949483633041382,778.2241821289062,493.4002380371094,0.9624347686767578,689.177734375,570.2101440429688,0.9665874242782593
955,1037.833740234375,347.5457763671875,0.9692286252975464,906.61083984375,411.28662109375,0.9827618598937988,1034.3616943359375,530.372802734375,0.8887169361114502,778.3357543945312,493.1917419433594,0.9597218036651611,688.1151733398438,570.3245849609375,0.9655914902687073
956,1037.415771484375,346.7182922363281,0.9709067344665527,906.0098266601562,410.9647216796875,0.979547381401062,1034.4453125,529.4002075195312,0.865180492401123,778.4501342773438,492.78240966796875,0.9544676542282104,686.4649658203125,570.76953125,0.9569829106330872
957,1036.5595703125,345.6258544921875,0.9681085348129272,905.0562133789062,410.1226806640625,0.9781206846237183,1029.7613525390625,527.2877807617188,0.8989580869674683,777.7979125976562,492.6532287597656,0.9513059854507446,683.4420776367188,570.214599609375,0.9594767689704895
958,1035.4178466796875,343.6872863769531,0.9717330932617188,904.7320556640625,409.7312927246094,0.976431131362915,1029.81787109375,526.4927368164062,0.9172574281692505,775.2171630859375,491.38336181640625,0.964630126953125,682.1804809570312,570.4395141601562,0.9445568323135376
959,1034.7984619140625,342.7817077636719,0.9726511240005493,904.5345458984375,409.0474548339844,0.9778367280960083,1030.63232421875,525.937255859375,0.9349884986877441,774.0897827148438,491.88165283203125,0.9778690338134766,680.7760620117188,570.7886962890625,0.9187591075897217
960,1034.5531005859375,341.4209289550781,0.9747092723846436,904.4747314453125,408.88897705078125,0.9757944345474243,1030.697265625,525.1436767578125,0.9318564534187317,773.1259155273438,491.6457214355469,0.978348970413208,680.1119384765625,573.1520385742188,0.8965638875961304
961,1034.74462890625,340.6311950683594,0.9751513004302979,905.3804321289062,409.0709228515625,0.9753059148788452,1030.7672119140625,524.7081909179688,0.9346307516098022,772.3734130859375,491.4008483886719,0.9813315868377686,679.8411865234375,573.9149169921875,0.8811913728713989
962,1034.733642578125,339.2793273925781,0.9759619235992432,905.4594116210938,409.0301208496094,0.977173924446106,1030.9627685546875,523.9786987304688,0.9382394552230835,771.8541259765625,491.4655456542969,0.9860320687294006,682.0980224609375,574.2642822265625,0.9065476655960083
963,1034.8511962890625,338.3455505371094,0.9771115183830261,905.755615234375,409.217041015625,0.9799348711967468,1035.74609375,523.4337768554688,0.9155684113502502,773.0377197265625,491.7755432128906,0.9883849620819092,684.8303833007812,575.7083129882812,0.9340616464614868
964,1034.6748046875,337.44256591796875,0.977208137512207,905.93359375,409.5088806152344,0.9818886518478394,1036.314208984375,523.4440307617188,0.9195915460586548,774.725830078125,491.98046875,0.9828715324401855,687.7001953125,577.7548828125,0.9270277619361877
965,1034.607666015625,336.60858154296875,0.9774603843688965,906.0386352539062,409.8478698730469,0.9818311929702759,1036.7449951171875,523.3565063476562,0.9129239916801453,780.42041015625,491.6852722167969,0.9777740240097046,693.21826171875,577.818603515625,0.8796923160552979
966,1034.385009765625,336.19757080078125,0.9712611436843872,906.2119140625,410.13507080078125,0.9817531108856201,1041.8248291015625,523.426513671875,0.9134194850921631,783.2803955078125,490.94171142578125,0.9744566679000854,700.3594970703125,580.6448974609375,0.9649735689163208
967,1034.5089111328125,335.58416748046875,0.9725321531295776,906.372802734375,410.35479736328125,0.9825156927108765,1043.357421875,523.5223999023438,0.9455079436302185,785.7249755859375,489.4778137207031,0.966638445854187,708.767822265625,581.9716796875,0.9215731024742126
968,1034.457763671875,335.41064453125,0.9729242324829102,906.70068359375,410.7119445800781,0.9855527877807617,1045.0982666015625,523.7061767578125,0.9436805248260498,790.28759765625,487.03515625,0.9358989596366882,721.5440673828125,580.767333984375,0.941910982131958
969,1034.45166015625,335.1475524902344,0.9716998338699341,907.1546020507812,411.28369140625,0.9869575500488281,1046.6292724609375,523.9578857421875,0.9333345890045166,794.1443481445312,484.04248046875,0.9557894468307495,734.9981079101562,583.4534301757812,0.9448016881942749
970,1034.50927734375,334.73699951171875,0.9723076820373535,907.5712890625,411.6280212402344,0.9866034984588623,1050.994384765625,523.6734619140625,0.9351780414581299,798.4771728515625,481.14007568359375,0.9459894895553589,748.7645263671875,582.9117431640625,0.9499024748802185
971,1034.6724853515625,334.4925537109375,0.9714249968528748,908.2902221679688,412.11920166015625,0.984271764755249,1052.8062744140625,523.8201293945312,0.9343345165252686,804.5433349609375,477.7826843261719,0.9502872228622437,763.2379150390625,582.359619140625,0.9591683149337769
972,1035.0316162109375,334.3900451660156,0.9699634909629822,909.2875366210938,412.22210693359375,0.9837942719459534,1058.1907958984375,524.2393798828125,0.9521637558937073,805.2056884765625,475.1955261230469,0.9700692296028137,776.483154296875,586.0025024414062,0.9367017149925232
973,1035.2060546875,334.3998718261719,0.9661431312561035,909.9393920898438,412.4250793457031,0.9816526770591736,1060.2193603515625,524.1258544921875,0.9640524387359619,811.430908203125,475.6594543457031,0.9622601270675659,789.5830688476562,586.9745483398438,0.9354510307312012
974,1035.3250732421875,333.5057067871094,0.9687598347663879,910.3746337890625,412.3675537109375,0.9817237854003906,1060.9525146484375,524.6754150390625,0.9641703367233276,815.049072265625,474.931396484375,0.9706515073776245,802.416259765625,586.9346313476562,0.9383759498596191
975,1035.352783203125,333.3172607421875,0.9732843637466431,912.1472778320312,412.2486572265625,0.9822409749031067,1062.4798583984375,524.6217041015625,0.9574147462844849,817.4347534179688,473.77447509765625,0.9638817310333252,817.03466796875,582.2208862304688,0.8549157381057739
976,1035.864501953125,332.7865295410156,0.9715721607208252,912.87841796875,412.165283203125,0.9843392372131348,1065.8155517578125,524.3019409179688,0.9465177059173584,819.7422485351562,471.861328125,0.94316565990448,828.7733154296875,580.9331665039062,0.886378288269043
977,1035.9622802734375,332.3435974121094,0.9750552177429199,913.8593139648438,412.0153503417969,0.987663745880127,1067.05078125,524.4892578125,0.9398125410079956,822.0446166992188,471.159912109375,0.9523844122886658,837.78369140625,579.3550415039062,0.9301270246505737
978,1036.1348876953125,331.9405212402344,0.9726817011833191,914.9188232421875,411.9523620605469,0.9898930191993713,1072.503662109375,524.4971313476562,0.9463808536529541,825.7702026367188,470.46051025390625,0.9763243198394775,849.5665283203125,576.7266845703125,0.8892219066619873
979,1037.0947265625,331.6148376464844,0.9744985103607178,916.1338500976562,412.1011657714844,0.9906826019287109,1073.827392578125,524.6075439453125,0.9631468057632446,829.3384399414062,470.50213623046875,0.9719846844673157,859.0916748046875,578.0021362304688,0.9014906883239746
980,1037.5875244140625,331.0591735839844,0.9729286432266235,917.2692260742188,412.0185546875,0.9904452562332153,1073.9637451171875,524.9014282226562,0.9636863470077515,832.0986938476562,470.7909851074219,0.9688639044761658,867.855224609375,577.2554321289062,0.9108039140701294
981,1037.9320068359375,331.02392578125,0.9745464324951172,918.1661376953125,411.9755859375,0.9899382591247559,1075.0997314453125,524.8740844726562,0.969689130783081,835.786865234375,471.2919921875,0.9706087708473206,875.9256591796875,575.1234741210938,0.8636392951011658
982,1039.0059814453125,330.63629150390625,0.9709413051605225,919.0928955078125,411.8127136230469,0.9895774126052856,1075.9560546875,524.89892578125,0.9691218137741089,840.5223999023438,473.0443115234375,0.9746017456054688,885.189208984375,578.001220703125,0.8665825128555298
983,1039.71435546875,329.7670593261719,0.9747463464736938,920.4008178710938,411.6664123535156,0.9861358404159546,1078.0771484375,524.71630859375,0.9660235047340393,845.8331909179688,474.03790283203125,0.9826868772506714,893.5325927734375,577.385986328125,0.7921872138977051
984,1040.6568603515625,329.2689514160156,0.9785809516906738,921.52001953125,411.6550598144531,0.9821954369544983,1078.837646484375,524.5385131835938,0.9660204648971558,848.5852661132812,474.1648254394531,0.9704368114471436,901.1697387695312,574.3387451171875,0.8369655609130859
985,1041.1884765625,328.4421081542969,0.9798029065132141,922.6140747070312,411.560302734375,0.986139178276062,1079.6328125,524.298095703125,0.9631932973861694,850.54736328125,474.4898681640625,0.9836103916168213,907.9791259765625,573.344970703125,0.797653079032898
986,1041.933349609375,327.9770812988281,0.9853532314300537,923.333251953125,411.81634521484375,0.9872292280197144,1083.420166015625,523.4266967773438,0.9591264724731445,852.353515625,475.2753601074219,0.9877299070358276,914.7538452148438,573.1949462890625,0.8391003012657166
987,1043.142578125,326.9818115234375,0.9871619939804077,923.9180908203125,411.81793212890625,0.9862180948257446,1088.8873291015625,522.2929077148438,0.9578691720962524,855.2974243164062,476.2724609375,0.9816311597824097,916.9053344726562,571.1647338867188,0.8355429768562317
988,1044.26708984375,326.4026184082031,0.9874334931373596,925.3516235351562,411.8727111816406,0.9832911491394043,1089.324462890625,522.1944580078125,0.9603805541992188,859.5300903320312,477.7089538574219,0.9812914133071899,924.3707885742188,571.2860717773438,0.8327840566635132
989,1045.374755859375,325.7681579589844,0.9880557656288147,927.7335815429688,411.4325866699219,0.9756180644035339,1091.375732421875,521.3093872070312,0.963822066783905,862.8558349609375,477.1139831542969,0.9721918106079102,926.1052856445312,567.8820190429688,0.821652352809906
990,1047.70361328125,324.3906555175781,0.9831278324127197,929.2039184570312,410.4898681640625,0.9832020401954651,1093.909423828125,520.1574096679688,0.9741320610046387,865.8026733398438,476.5796813964844,0.9790785908699036,929.3162231445312,567.0999145507812,0.7792140245437622
991,1048.95556640625,323.1326904296875,0.9824934601783752,931.1231079101562,409.5152893066406,0.9858827590942383,1095.4410400390625,519.0861206054688,0.9752324819564819,868.2600708007812,476.570068359375,0.9847379922866821,937.916015625,568.7550048828125,0.860073447227478
992,1050.4483642578125,322.18267822265625,0.9822980165481567,932.641845703125,409.0423278808594,0.9852181673049927,1095.60546875,518.4893798828125,0.9692755341529846,870.777099609375,476.9970397949219,0.9781190156936646,940.5848999023438,566.9471435546875,0.8971149921417236
993,1051.923828125,321.8469543457031,0.9812023639678955,934.2941284179688,408.7652893066406,0.9841379523277283,1099.0478515625,516.086181640625,0.9517965316772461,874.2725219726562,479.0592346191406,0.9667750597000122,942.8646850585938,564.1885375976562,0.8636149168014526
994,1053.1981201171875,321.5720520019531,0.978269636631012,936.0967407226562,408.43658447265625,0.9778172969818115,1101.1929931640625,514.49951171875,0.9564668536186218,876.2037353515625,480.1551513671875,0.9691424369812012,947.884033203125,564.1013793945312,0.8803256750106812
995,1054.310302734375,321.4696350097656,0.9778316020965576,937.5272216796875,408.7178955078125,0.9766923189163208,1102.32763671875,512.0618896484375,0.9579847455024719,879.6882934570312,481.7117614746094,0.9579096436500549,954.2117919921875,565.7359008789062,0.8996416926383972
996,1055.7269287109375,320.9673156738281,0.9794876575469971,938.596923828125,409.0830078125,0.9792555570602417,1103.189453125,511.4552917480469,0.9670514464378357,883.4007568359375,484.4827575683594,0.9679626226425171,956.2888793945312,566.7778930664062,0.8636108636856079
997,1056.256103515625,321.0005187988281,0.9827526211738586,939.0648193359375,409.32427978515625,0.979222297668457,1105.9630126953125,510.5439758300781,0.9664273262023926,884.8328247070312,488.10626220703125,0.9674420952796936,959.0831298828125,570.3926391601562,0.8116638660430908
998,1057.0626220703125,320.29864501953125,0.9826882481575012,939.6359252929688,409.6243896484375,0.9802466630935669,1105.8707275390625,510.3453063964844,0.9695576429367065,887.1445922851562,492.2459411621094,0.9881141781806946,964.31591796875,574.1054077148438,0.8686923980712891
999,1058.0577392578125,319.3650207519531,0.9842345714569092,940.0734252929688,410.1771545410156,0.980888843536377,1107.32373046875,509.59259033203125,0.9787260293960571,890.3118286132812,498.7041320800781,0.9749031066894531,964.5825805664062,576.1884155273438,0.854345440864563
