scorer,DLC_resnet50_cb4_networkMar13shuffle1_200000,DLC_resnet50_cb4_networkMar13shuffle1_200000,DLC_resnet50_cb4_networkMar13shuffle1_200000,DLC_resnet50_cb4_networkMar13shuffle1_200000,DLC_resnet50_cb4_networkMar13shuffle1_200000,DLC_resnet50_cb4_networkMar13shuffle1_200000,DLC_resnet50_cb4_networkMar13shuffle1_200000,DLC_resnet50_cb4_networkMar13shuffle1_200000,DLC_resnet50_cb4_networkMar13shuffle1_200000,DLC_resnet50_cb4_networkMar13shuffle1_200000,DLC_resnet50_cb4_networkMar13shuffle1_200000,DLC_resnet50_cb4_networkMar13shuffle1_200000,DLC_resnet50_cb4_networkMar13shuffle1_200000,DLC_resnet50_cb4_networkMar13shuffle1_200000,DLC_resnet50_cb4_networkMar13shuffle1_200000
bodyparts,ASIS,ASIS,ASIS,Hip,Hip,Hip,Knee,Knee,Knee,Ankle,Ankle,Ankle,Toe,Toe,Toe
coords,x,y,likelihood,x,y,likelihood,x,y,likelihood,x,y,likelihood,x,y,likelihood
0,416.8903503417969,188.36279296875,0.9341530203819275,301.9244079589844,290.4012451171875,0.961437463760376,388.8732604980469,413.570556640625,0.9736433029174805,223.74314880371094,382.6626892089844,0.9495269060134888,228.97531127929688,393.701416015625,0.014556795358657837
1,420.0276794433594,186.9756622314453,0.9352240562438965,308.1046447753906,293.0104064941406,0.9603496789932251,400.25439453125,412.90966796875,0.950278103351593,239.9746551513672,395.662841796875,0.9631423354148865,308.67279052734375,479.7980651855469,0.2686144709587097
2,421.1793518066406,185.04664611816406,0.9041317701339722,313.6717224121094,297.9860534667969,0.9387490749359131,408.4604187011719,410.5050964355469,0.9674542546272278,255.56707763671875,407.9917907714844,0.9499107599258423,336.63677978515625,490.7782287597656,0.33687326312065125
3,425.2356872558594,184.6184539794922,0.86922287940979,320.3664245605469,299.6098327636719,0.9669114947319031,418.9761657714844,410.0401306152344,0.9715090990066528,272.7093200683594,421.98651123046875,0.9470787048339844,363.2210388183594,496.4524230957031,0.5157065391540527
4,428.2170715332031,182.03334045410156,0.922809362411499,327.94091796875,302.33282470703125,0.9663809537887573,428.5446472167969,407.8683166503906,0.9642314314842224,294.17132568359375,435.3185729980469,0.9555293321609497,385.08319091796875,498.40899658203125,0.8907256126403809
5,433.12249755859375,181.8192138671875,0.9442955255508423,333.3468933105469,302.9888000488281,0.9659646153450012,438.0948791503906,408.8830261230469,0.9685311317443848,314.7878723144531,447.596923828125,0.9639883041381836,411.5356140136719,503.11322021484375,0.9149297475814819
6,435.94281005859375,181.11358642578125,0.9607493281364441,340.9809265136719,305.9402770996094,0.971144437789917,450.2677307128906,410.91357421875,0.9803579449653625,339.2215881347656,459.9236145019531,0.9728221893310547,436.2979431152344,507.8088073730469,0.9429337978363037
7,437.8437805175781,181.0514678955078,0.9527300000190735,347.1029968261719,307.3704833984375,0.9685527086257935,459.2001953125,410.700439453125,0.9595259428024292,361.9010009765625,471.25616455078125,0.9585427045822144,461.00286865234375,511.7168884277344,0.9285916686058044
8,442.2488098144531,181.45938110351562,0.9428117275238037,354.0256042480469,312.0447998046875,0.955328106880188,468.9394226074219,412.99713134765625,0.9768885374069214,381.1339111328125,480.7109069824219,0.9754591584205627,483.2381286621094,516.464111328125,0.9427536129951477
9,445.3797607421875,183.21873474121094,0.9521657228469849,359.3016662597656,314.2347412109375,0.9763104915618896,477.7979736328125,413.67425537109375,0.960070013999939,403.4443054199219,487.92236328125,0.9773766994476318,504.0301208496094,522.0974731445312,0.8948096036911011
10,449.77410888671875,185.4972381591797,0.9484007358551025,364.095947265625,316.8050231933594,0.9702234268188477,486.0145568847656,415.0918884277344,0.963406503200531,421.6602783203125,493.8082275390625,0.9770745038986206,526.16943359375,523.9093627929688,0.9019888639450073
11,452.7575988769531,187.69711303710938,0.9530619978904724,369.7986145019531,319.67279052734375,0.9589855670928955,494.9548034667969,420.3670654296875,0.9658128023147583,438.55633544921875,499.45672607421875,0.9704945683479309,539.9158325195312,529.0430908203125,0.9484959244728088
12,454.7972412109375,190.4939422607422,0.9461842775344849,374.14080810546875,321.1226501464844,0.9631245136260986,499.563720703125,420.9313659667969,0.9763561487197876,450.0750732421875,504.1712341308594,0.973536491394043,549.8826293945312,534.390380859375,0.932151198387146
13,456.863037109375,193.8753204345703,0.9489058256149292,378.2907409667969,324.6143493652344,0.9571789503097534,505.7249450683594,425.4548034667969,0.9492551684379578,460.17633056640625,508.5944519042969,0.9761321544647217,562.9786987304688,540.9933471679688,0.914191722869873
14,459.8672790527344,197.74053955078125,0.9550631046295166,380.4080505371094,330.31695556640625,0.9714227914810181,509.40557861328125,427.6402587890625,0.9434783458709717,466.2102355957031,510.2630615234375,0.9681850671768188,564.4990234375,546.6806640625,0.9533162713050842
15,464.5523376464844,203.03204345703125,0.9634488821029663,381.921630859375,334.01727294921875,0.9657937288284302,513.060302734375,433.7856140136719,0.9556928277015686,468.0580749511719,514.4822998046875,0.9648650288581848,565.0576171875,553.0228271484375,0.9469844102859497
16,466.622802734375,206.3939208984375,0.9535945653915405,384.4659423828125,336.6246643066406,0.9503572583198547,513.7731323242188,436.7308654785156,0.9536815881729126,461.6178283691406,517.3184204101562,0.9724097847938538,557.855224609375,554.883056640625,0.9191948175430298
17,468.1850891113281,212.0005645751953,0.96332848072052,387.13427734375,343.4606628417969,0.9429928660392761,514.5540771484375,442.8583068847656,0.9711750745773315,455.82391357421875,517.6177978515625,0.9540334939956665,550.8805541992188,556.4196166992188,0.9568188190460205
18,469.34478759765625,216.1201171875,0.9338592290878296,387.3337097167969,346.70452880859375,0.9816380739212036,513.749755859375,449.6121826171875,0.9652612209320068,447.42120361328125,518.5867309570312,0.9598431587219238,545.533447265625,557.0213623046875,0.9383459091186523
19,472.70745849609375,220.0796661376953,0.9414225220680237,386.9526062011719,349.9311218261719,0.9783096313476562,511.5044250488281,453.31280517578125,0.956633448600769,442.5430603027344,518.2186889648438,0.9665928483009338,534.819091796875,556.9630126953125,0.9443367719650269
20,472.99176025390625,224.98341369628906,0.9411582350730896,387.53753662109375,351.81793212890625,0.9573413729667664,507.3409118652344,457.2975769042969,0.9518551826477051,436.7123718261719,515.8596801757812,0.9665942192077637,530.359619140625,557.157470703125,0.9423443078994751
21,473.2950134277344,227.4543914794922,0.9534303545951843,384.9988098144531,353.138671875,0.9522045850753784,504.80377197265625,458.2464294433594,0.9612636566162109,428.7537841796875,515.758544921875,0.9789390563964844,522.420654296875,558.395751953125,0.9261617660522461
22,473.7066955566406,229.36251831054688,0.9373705387115479,384.685302734375,354.1807861328125,0.9592745304107666,500.7183532714844,458.9266662597656,0.9785326719284058,424.11822509765625,512.9761962890625,0.9598104357719421,516.2728881835938,558.0445556640625,0.945988118648529
23,473.9755859375,230.7714080810547,0.9241073131561279,384.0016174316406,354.16094970703125,0.9640114307403564,497.9735107421875,460.3327941894531,0.9780579805374146,418.79931640625,510.6595458984375,0.9681330919265747,507.91290283203125,557.93310546875,0.919213056564331
24,475.1583251953125,233.0609893798828,0.9381304979324341,383.0084533691406,352.987548828125,0.9737627506256104,494.08587646484375,460.87567138671875,0.9459969997406006,411.5722351074219,509.888427734375,0.9708501100540161,501.74005126953125,557.351318359375,0.9403051137924194
25,475.2879943847656,233.30580139160156,0.9350448250770569,381.3624572753906,351.8787841796875,0.976027250289917,490.5901794433594,459.8641662597656,0.9556963443756104,404.7061462402344,506.6126708984375,0.9781812429428101,494.5730285644531,558.8065795898438,0.9106902480125427
26,475.4140319824219,233.666259765625,0.9343352913856506,380.5921325683594,351.2718200683594,0.9777284264564514,486.4740295410156,460.0337829589844,0.9718608856201172,398.24560546875,505.8407897949219,0.9749799370765686,485.88702392578125,557.0236206054688,0.9399170279502869
27,475.5439147949219,233.82769775390625,0.9203290939331055,379.0903015136719,350.0798034667969,0.9782811403274536,484.2826232910156,460.42291259765625,0.9794913530349731,392.877685546875,502.80255126953125,0.9523761868476868,481.364990234375,556.6123046875,0.924473762512207
28,475.60870361328125,233.7227783203125,0.9306996464729309,377.7095642089844,349.4042663574219,0.9798052310943604,481.70928955078125,460.34112548828125,0.9786285758018494,384.84539794921875,501.29705810546875,0.9699920415878296,471.4079895019531,556.2125854492188,0.9210835695266724
29,475.4036560058594,233.59800720214844,0.915081799030304,376.6448059082031,349.0350036621094,0.977271318435669,477.4914855957031,459.7313232421875,0.9627037644386292,380.96966552734375,499.9457702636719,0.9831755757331848,467.4500427246094,556.6232299804688,0.93732750415802
30,475.2809143066406,233.64215087890625,0.9273393154144287,375.45806884765625,348.25067138671875,0.9830852746963501,475.222900390625,458.7330627441406,0.969950258731842,375.08258056640625,497.3318176269531,0.9628341197967529,455.726318359375,555.8482666015625,0.9132135510444641
31,475.03900146484375,233.61654663085938,0.9245404005050659,373.7014465332031,347.7149353027344,0.9821736812591553,473.37579345703125,458.8580322265625,0.9643162488937378,368.215576171875,495.4524230957031,0.9710830450057983,452.5207824707031,556.26953125,0.946491003036499
32,474.7550048828125,233.60752868652344,0.9222411513328552,371.4611511230469,346.8224182128906,0.9843147993087769,470.88262939453125,458.3303527832031,0.9729101061820984,364.11395263671875,493.1752014160156,0.9772442579269409,443.52655029296875,555.5715942382812,0.9082819223403931
33,473.7803039550781,232.8745880126953,0.918578028678894,370.2341613769531,345.9881591796875,0.9818236827850342,467.7514343261719,458.69317626953125,0.9813302755355835,356.76043701171875,489.9822998046875,0.9798070192337036,436.5331726074219,554.9254150390625,0.9380964040756226
34,473.5960998535156,232.67884826660156,0.9258031845092773,369.1707763671875,345.50189208984375,0.9732725620269775,465.93115234375,458.654541015625,0.9781419038772583,352.278564453125,488.73297119140625,0.9779069423675537,432.11407470703125,554.8319702148438,0.8951231241226196
35,473.0329284667969,232.25955200195312,0.9136019945144653,368.39312744140625,345.6778869628906,0.9643537402153015,463.8968505859375,458.6168212890625,0.9713602662086487,346.1205749511719,486.55218505859375,0.9712998867034912,421.9754638671875,553.8433227539062,0.9240262508392334
36,472.7295837402344,231.94924926757812,0.9256409406661987,366.43798828125,345.8672790527344,0.9565651416778564,462.64141845703125,458.5773010253906,0.9598156213760376,341.7446594238281,483.86102294921875,0.9706770777702332,418.2325439453125,554.2349853515625,0.9301080703735352
37,471.5664367675781,230.56654357910156,0.9243068099021912,365.2686462402344,346.3832092285156,0.9561856985092163,459.6409912109375,458.0649108886719,0.960682213306427,335.1637878417969,482.3831481933594,0.9820556640625,407.362060546875,553.7412109375,0.9007760286331177
38,470.3586120605469,230.2909393310547,0.9342206716537476,364.38818359375,346.49365234375,0.963229238986969,458.4555969238281,458.14447021484375,0.9610356092453003,330.2978820800781,479.7196960449219,0.9773013591766357,402.5796813964844,553.7269287109375,0.9246934652328491
39,469.96307373046875,229.78282165527344,0.9398019313812256,362.90576171875,346.6064758300781,0.9667775630950928,457.16217041015625,458.1687316894531,0.9661722183227539,325.59521484375,477.3228759765625,0.9718305468559265,392.2147521972656,553.3507080078125,0.8976101875305176
40,469.4137878417969,229.42221069335938,0.9561700820922852,362.0751647949219,346.2618408203125,0.9780584573745728,455.53497314453125,457.9767761230469,0.9629659056663513,322.5550231933594,475.3606872558594,0.9805214405059814,386.8734436035156,553.1546630859375,0.932780385017395
41,468.7084045410156,229.0081329345703,0.962631344795227,361.4745178222656,345.9455871582031,0.9767218828201294,454.6363525390625,458.11083984375,0.9497982263565063,317.546630859375,474.268798828125,0.9860338568687439,379.6874694824219,552.3716430664062,0.8957913517951965
42,468.36053466796875,228.1973876953125,0.9527174234390259,360.7921447753906,345.5317077636719,0.9751591682434082,454.04449462890625,457.79058837890625,0.9480534791946411,311.5037536621094,470.9145812988281,0.9669284820556641,372.8375549316406,550.94091796875,0.9339537620544434
43,467.86029052734375,227.14907836914062,0.9474847912788391,360.384521484375,345.4811706542969,0.9714363813400269,453.6152038574219,457.701416015625,0.9481257200241089,308.06036376953125,470.26202392578125,0.9699979424476624,364.87548828125,551.4056396484375,0.9004843235015869
44,467.4553527832031,226.236083984375,0.9402831792831421,360.0084228515625,345.3314208984375,0.9724774360656738,453.2729187011719,457.7322082519531,0.9469581842422485,302.4754638671875,467.9865417480469,0.9817326068878174,358.9123840332031,550.8067626953125,0.9046881198883057
45,466.9233093261719,225.63514709472656,0.9180271029472351,359.7919006347656,345.19451904296875,0.9727277755737305,452.7972717285156,457.34783935546875,0.9529125690460205,298.5819396972656,466.4710693359375,0.9769121408462524,352.4686279296875,550.3748168945312,0.9142483472824097
46,465.99932861328125,225.05404663085938,0.9184914827346802,359.624755859375,345.1319580078125,0.9740713834762573,452.16070556640625,456.9803161621094,0.9627666473388672,294.3168640136719,462.7499084472656,0.9579821825027466,343.5409851074219,549.6181640625,0.895969569683075
47,465.77313232421875,224.9932403564453,0.9163773059844971,359.1842956542969,345.1161193847656,0.9725034236907959,452.1121826171875,456.52044677734375,0.9621102809906006,290.8513488769531,460.5536804199219,0.9720325469970703,337.4634094238281,548.4801635742188,0.9367761611938477
48,465.6560363769531,224.98434448242188,0.8956590890884399,359.053466796875,345.3184509277344,0.9777085781097412,451.3507080078125,456.0772705078125,0.9656553268432617,286.1992492675781,459.37109375,0.9820794463157654,327.97552490234375,547.5557861328125,0.9140788912773132
49,465.759765625,225.04116821289062,0.902438759803772,358.9123229980469,345.110107421875,0.9805082678794861,450.46832275390625,454.98577880859375,0.9657201766967773,282.839599609375,458.4809265136719,0.9797079563140869,322.10736083984375,546.682861328125,0.9548771381378174
50,465.654052734375,225.39749145507812,0.9088677167892456,358.8348388671875,345.5376892089844,0.9802783727645874,449.9847106933594,454.9390869140625,0.9652329683303833,276.5365905761719,455.5332336425781,0.9456167221069336,315.8595275878906,546.5347290039062,0.9152779579162598
51,465.90106201171875,225.8720245361328,0.9186760187149048,359.04791259765625,345.3278503417969,0.9783899784088135,449.14599609375,454.66845703125,0.955403745174408,271.6634826660156,453.931640625,0.9719921946525574,309.11224365234375,546.0810546875,0.9489721059799194
52,465.9688720703125,226.1542205810547,0.9286831617355347,358.9695739746094,345.4107666015625,0.9800816178321838,448.26611328125,454.52801513671875,0.9469516277313232,268.50555419921875,451.21392822265625,0.9519623517990112,302.4280090332031,544.9154052734375,0.914003849029541
53,466.7015075683594,226.36807250976562,0.9381457567214966,358.9894104003906,344.7696838378906,0.9768475294113159,448.5955505371094,455.6612854003906,0.9285897016525269,265.1943054199219,446.8307189941406,0.9302986860275269,295.6228942871094,545.0888061523438,0.9127284288406372
54,466.9635009765625,226.64764404296875,0.9388280510902405,358.63134765625,342.8583679199219,0.9768567681312561,444.7134094238281,454.1622619628906,0.9274674654006958,261.03594970703125,445.0135803222656,0.9379613399505615,289.93212890625,544.2738647460938,0.9389209151268005
55,467.47454833984375,226.4418487548828,0.9253929257392883,358.4605712890625,341.52130126953125,0.978239893913269,443.8691101074219,453.8321533203125,0.9378926753997803,255.9957733154297,443.0307922363281,0.9610185027122498,284.6461181640625,544.2879638671875,0.9135130643844604
56,468.2226257324219,226.56057739257812,0.9237588047981262,358.1531677246094,340.0430603027344,0.981774091720581,442.7334899902344,452.9516906738281,0.923714816570282,253.30459594726562,442.2225646972656,0.9479458332061768,276.9582214355469,544.4368896484375,0.943378210067749
57,468.994873046875,226.05477905273438,0.9177873134613037,358.3150634765625,338.45989990234375,0.9788273572921753,442.1921691894531,452.2165222167969,0.9166058301925659,249.4796142578125,441.3924255371094,0.8981468677520752,271.6849365234375,542.78662109375,0.9028975963592529
58,470.9106140136719,225.25172424316406,0.9043481349945068,358.25982666015625,337.0732421875,0.978591799736023,437.701416015625,451.47393798828125,0.9341822266578674,245.3588104248047,438.09161376953125,0.8924366235733032,263.82568359375,543.0643310546875,0.9165911078453064
59,472.67291259765625,224.80775451660156,0.9069494009017944,358.21160888671875,335.153076171875,0.976003885269165,439.5972900390625,449.5683288574219,0.9288391470909119,240.50852966308594,438.1816711425781,0.9182271957397461,256.92901611328125,542.9525756835938,0.9418876767158508
60,473.6830139160156,224.4451904296875,0.9088778495788574,357.5439147949219,334.5538635253906,0.979117751121521,436.2579345703125,450.1062316894531,0.9300761222839355,236.14340209960938,436.916015625,0.8643090128898621,250.70216369628906,542.081298828125,0.9162095189094543
61,475.4110107421875,222.30484008789062,0.8937054872512817,356.8691711425781,332.74676513671875,0.9803656339645386,434.71258544921875,449.5305480957031,0.91839998960495,231.75608825683594,435.342041015625,0.8455616235733032,242.3135986328125,542.0057373046875,0.9520318508148193
62,476.30780029296875,222.22483825683594,0.9099893569946289,356.1767578125,331.3670959472656,0.9823794364929199,433.93731689453125,445.85791015625,0.9144803881645203,228.05213928222656,434.64801025390625,0.7683085799217224,236.31112670898438,542.04150390625,0.9216852188110352
63,477.0661315917969,222.50648498535156,0.8936578035354614,355.3568115234375,330.58416748046875,0.9806082248687744,432.8592224121094,444.9900207519531,0.9057562351226807,222.5520477294922,435.00238037109375,0.69752037525177,229.51316833496094,540.6837158203125,0.9520690441131592
64,479.0875244140625,222.8333282470703,0.914064884185791,354.60198974609375,329.57220458984375,0.9801610112190247,432.1701965332031,444.6156005859375,0.8822488784790039,218.21600341796875,432.2362365722656,0.6713444590568542,223.00167846679688,541.5924682617188,0.9112921953201294
65,479.4240417480469,222.0054473876953,0.9155413508415222,353.9300537109375,329.14471435546875,0.9740452766418457,427.3164367675781,443.80572509765625,0.8908472061157227,214.04124450683594,429.1737976074219,0.7374206781387329,216.7986297607422,540.5840454101562,0.9176599979400635
66,480.0125427246094,221.61524963378906,0.9349809288978577,353.6700439453125,327.0535583496094,0.9759634733200073,426.5782470703125,443.2870178222656,0.8910490274429321,211.24827575683594,429.0037841796875,0.655673086643219,210.08140563964844,540.0609741210938,0.9622938632965088
67,480.9997863769531,221.02542114257812,0.9283871054649353,353.2464294433594,326.0957946777344,0.9728747010231018,425.8812561035156,442.6286926269531,0.9003669619560242,204.58631896972656,429.518310546875,0.7483788728713989,203.95431518554688,539.9935913085938,0.9244897365570068
68,481.5326232910156,220.44058227539062,0.9323310852050781,353.19464111328125,325.2546081542969,0.9763205647468567,422.5234680175781,441.51422119140625,0.9179214239120483,202.29605102539062,429.4345703125,0.7013067603111267,197.1184539794922,538.4238891601562,0.9431898593902588
69,482.8972473144531,219.3968048095703,0.9364558458328247,352.36688232421875,324.5734558105469,0.9787286520004272,420.6204528808594,440.0921936035156,0.9321638345718384,198.3496551513672,426.63433837890625,0.8052639961242676,191.75775146484375,538.28076171875,0.9294962882995605
70,484.0869140625,218.73031616210938,0.9336061477661133,353.3477478027344,323.114990234375,0.9771410226821899,419.4010314941406,439.12823486328125,0.935673713684082,196.61485290527344,425.5455627441406,0.5867546796798706,183.58078002929688,534.41796875,0.9060157537460327
71,485.52410888671875,217.86178588867188,0.9180375933647156,353.7958984375,321.99884033203125,0.9740633368492126,419.2051696777344,438.3099060058594,0.9339463710784912,191.84930419921875,421.3343200683594,0.5737574696540833,178.09156799316406,532.9140625,0.9324305057525635
72,486.4917297363281,217.62042236328125,0.923324704170227,354.7651672363281,320.8614807128906,0.9728856086730957,418.76385498046875,437.7258605957031,0.9351744651794434,190.420654296875,419.5307922363281,0.4307674765586853,171.87847900390625,530.3516235351562,0.9158930778503418
73,486.2505187988281,216.3804168701172,0.9073870182037354,355.85418701171875,320.069580078125,0.9674350619316101,418.4625244140625,437.4309387207031,0.9359230995178223,189.6107635498047,416.6732177734375,0.6250368356704712,166.25830078125,525.6948852539062,0.929733395576477
74,489.1644287109375,216.76084899902344,0.9026774168014526,356.8822937011719,319.2244567871094,0.9760288000106812,419.0338439941406,436.9780578613281,0.9246912598609924,189.83724975585938,413.8163757324219,0.453911155462265,162.8581085205078,521.5944213867188,0.9226789474487305
75,490.1409606933594,216.6443328857422,0.9115668535232544,358.0801086425781,318.0757141113281,0.9789141416549683,419.5062255859375,436.9844665527344,0.9329354166984558,191.31837463378906,406.91717529296875,0.5780481100082397,160.20945739746094,515.1026611328125,0.9138777256011963
76,490.94879150390625,216.45281982421875,0.9164305329322815,359.2829284667969,316.9660339355469,0.9805736541748047,420.4761047363281,436.55828857421875,0.9344261884689331,192.39915466308594,401.7139587402344,0.7223654985427856,157.71824645996094,512.1668090820312,0.9155172109603882
77,491.82684326171875,214.5652313232422,0.921021044254303,360.2516784667969,316.498779296875,0.9755247831344604,421.8060607910156,435.97979736328125,0.9332796335220337,198.12843322753906,397.5104064941406,0.6363210082054138,157.25218200683594,507.621337890625,0.8840451240539551
78,495.13818359375,215.82772827148438,0.9306212663650513,361.28631591796875,316.250732421875,0.9566630125045776,426.70562744140625,436.0374450683594,0.9059421420097351,203.56936645507812,392.3521728515625,0.8009819984436035,157.44314575195312,501.72467041015625,0.8955740928649902
79,496.0912170410156,215.5532684326172,0.9441286325454712,362.874267578125,315.8986511230469,0.9621217846870422,429.1494140625,436.15203857421875,0.9105809926986694,207.4788818359375,385.58746337890625,0.8595963716506958,159.80218505859375,497.0829772949219,0.46472984552383423
80,496.7737121582031,214.75045776367188,0.9500765800476074,364.8946533203125,315.14739990234375,0.9711112380027771,433.8189392089844,437.7164306640625,0.9440351724624634,217.51095581054688,381.776123046875,0.8550047278404236,163.2829132080078,491.3188781738281,0.6577373743057251
81,497.69580078125,214.36924743652344,0.9585927724838257,369.16412353515625,314.46240234375,0.9602487087249756,435.6083068847656,437.9460754394531,0.9527271389961243,224.07522583007812,374.5269775390625,0.9226307272911072,172.67947387695312,491.6098327636719,0.05722677707672119
82,498.49249267578125,214.38299560546875,0.9560356140136719,371.9437255859375,313.7110595703125,0.9720903635025024,437.5010070800781,438.15155029296875,0.9552704095840454,233.3263397216797,371.39849853515625,0.9463729858398438,179.274658203125,488.6888122558594,0.046548694372177124
83,499.1072692871094,214.37307739257812,0.9568634033203125,373.75030517578125,311.0754089355469,0.958836555480957,442.4967956542969,436.9208984375,0.9575282335281372,238.5037078857422,366.3973693847656,0.9486719965934753,193.89071655273438,484.1131591796875,0.18679183721542358
84,499.8191833496094,214.35548400878906,0.9611923694610596,375.2013244628906,309.2260437011719,0.953324556350708,447.59039306640625,436.509521484375,0.9416931867599487,247.4453887939453,363.4611511230469,0.939334511756897,242.2685089111328,372.9084167480469,0.03909894824028015
85,500.43310546875,213.89817810058594,0.9592740535736084,378.07257080078125,307.3110656738281,0.9651359915733337,450.6644592285156,435.9879455566406,0.9648489952087402,257.4977111816406,361.5128173828125,0.9652570486068726,447.4975891113281,433.1189270019531,0.010608881711959839
86,500.9626159667969,213.56057739257812,0.958694338798523,380.51751708984375,305.61102294921875,0.9709064960479736,453.62066650390625,435.8525695800781,0.9616641402244568,262.0094299316406,361.09796142578125,0.9442977905273438,264.8671875,372.64208984375,0.01380649209022522
87,501.3399963378906,212.8197784423828,0.9537950754165649,382.3348083496094,305.51678466796875,0.9736239910125732,459.3892517089844,434.56396484375,0.9661303758621216,270.4442138671875,362.87640380859375,0.9646403789520264,276.0752868652344,374.1814880371094,0.016175508499145508
88,501.7875671386719,212.27610778808594,0.9500298500061035,385.05419921875,305.78399658203125,0.9653290510177612,465.3156433105469,434.97991943359375,0.9706002473831177,276.3354187011719,365.4687194824219,0.9529640674591064,284.9765319824219,486.279052734375,0.045819371938705444
89,503.3642883300781,211.0788116455078,0.9374551773071289,389.2852478027344,305.7215270996094,0.9622097015380859,467.9909362792969,431.2121887207031,0.9660189151763916,285.42596435546875,373.9705505371094,0.9660298824310303,305.1605224609375,487.99072265625,0.44444212317466736
90,504.3437805175781,210.3091583251953,0.9421162009239197,391.2322692871094,306.79901123046875,0.9508141279220581,476.44183349609375,432.57275390625,0.9610993266105652,291.882080078125,379.26129150390625,0.9747061729431152,325.34716796875,493.28106689453125,0.7348371744155884
91,505.7362365722656,209.22186279296875,0.9477041959762573,393.9458312988281,308.33807373046875,0.958580732345581,483.2939147949219,433.6611633300781,0.9690859317779541,300.85504150390625,389.68536376953125,0.9663605690002441,349.3071594238281,496.16021728515625,0.6614101529121399
92,506.8160095214844,208.1940460205078,0.9474276304244995,396.9251403808594,311.0201110839844,0.9525556564331055,486.78466796875,429.2569580078125,0.9567306041717529,310.0484619140625,397.3905334472656,0.9682902097702026,371.06085205078125,506.42901611328125,0.2341298758983612
93,507.64959716796875,206.72500610351562,0.9490445852279663,401.2809143066406,315.3372802734375,0.9618227481842041,495.5787658691406,429.7596435546875,0.9372367858886719,319.6709899902344,409.73077392578125,0.9657162427902222,389.24859619140625,497.7982177734375,0.6280251741409302
94,509.3863220214844,206.47921752929688,0.9357268214225769,405.5076599121094,318.11907958984375,0.9793704748153687,501.5767517089844,428.7493591308594,0.9640421867370605,331.0845642089844,420.64788818359375,0.9667654037475586,405.06451416015625,500.01300048828125,0.41300898790359497
95,512.35107421875,206.53121948242188,0.9362459182739258,409.04718017578125,319.58197021484375,0.9660344123840332,507.9732360839844,428.032958984375,0.9548397660255432,346.2158203125,433.4756164550781,0.9597718715667725,427.9473571777344,503.6847839355469,0.5896339416503906
96,514.2401123046875,205.9567413330078,0.9562751054763794,412.89422607421875,322.17364501953125,0.9708032011985779,516.3331298828125,428.3505554199219,0.9718605875968933,361.6154479980469,445.06658935546875,0.9584908485412598,451.1475830078125,512.258056640625,0.867072343826294
97,516.5680541992188,205.78262329101562,0.9447687268257141,418.6830749511719,325.4315490722656,0.9680612087249756,522.4081420898438,427.533935546875,0.9484792947769165,378.99676513671875,455.947265625,0.9678758978843689,468.773193359375,515.0330200195312,0.9243245720863342
98,517.9014892578125,205.33775329589844,0.9479714632034302,423.9349670410156,328.4310302734375,0.9711480140686035,531.4974365234375,428.8047180175781,0.9709516167640686,395.1585998535156,464.86663818359375,0.975507915019989,490.5032043457031,517.3281860351562,0.9208883047103882
99,520.0523071289062,204.28782653808594,0.9555389881134033,426.9276428222656,330.945556640625,0.9691931009292603,537.072021484375,427.7054138183594,0.9459166526794434,414.85223388671875,474.2763671875,0.9676147699356079,512.65283203125,523.0424194335938,0.9100993871688843
100,521.5525512695312,204.3280792236328,0.9617136716842651,433.65753173828125,331.6666259765625,0.9821159839630127,545.5084838867188,429.89117431640625,0.9670039415359497,432.6561279296875,482.44000244140625,0.9720699191093445,530.9683837890625,524.915283203125,0.9395842552185059
101,522.6856689453125,203.99533081054688,0.9633762836456299,438.7708740234375,333.2428283691406,0.9792906045913696,554.6564331054688,431.48785400390625,0.9559341669082642,453.107177734375,488.6751708984375,0.975756824016571,551.00244140625,526.560791015625,0.9198042154312134
102,524.453857421875,203.95599365234375,0.9631072878837585,443.2408142089844,333.69415283203125,0.9763554334640503,560.1411743164062,430.3833312988281,0.9573467969894409,471.53399658203125,494.6793212890625,0.9702258110046387,572.0674438476562,529.1671142578125,0.9411872029304504
103,527.6286010742188,204.0730743408203,0.9623126983642578,446.953369140625,334.4590148925781,0.9629735946655273,566.0352783203125,429.212646484375,0.9661622643470764,490.15875244140625,500.0113830566406,0.9771203398704529,590.9642333984375,530.60986328125,0.9169937372207642
104,529.1078491210938,203.9461212158203,0.9657411575317383,453.71136474609375,335.6344299316406,0.9687052369117737,573.4907836914062,429.1105041503906,0.9573197960853577,508.3843688964844,505.33880615234375,0.9652450084686279,608.5772705078125,531.6031494140625,0.9198042154312134
105,530.1688842773438,203.9277801513672,0.9680911302566528,457.171875,335.57879638671875,0.975454568862915,580.1297607421875,428.928955078125,0.9756542444229126,523.2061157226562,508.6712341308594,0.9757969379425049,624.898681640625,533.0086669921875,0.9196978807449341
106,531.7616577148438,203.87149047851562,0.9652687311172485,460.7817077636719,336.3618469238281,0.9802814722061157,587.2227172851562,428.5083312988281,0.9476979970932007,537.8468627929688,509.9648132324219,0.9797636866569519,640.4205932617188,534.1486206054688,0.9036217927932739
107,533.1995239257812,204.0420684814453,0.9613555669784546,464.18609619140625,337.8251037597656,0.965514063835144,593.6738891601562,429.1593933105469,0.9686410427093506,551.3612060546875,511.11688232421875,0.9667028188705444,653.3701782226562,536.3592529296875,0.8977614641189575
108,534.4912719726562,204.99867248535156,0.9560744762420654,468.6253356933594,340.8775329589844,0.9629426598548889,598.002685546875,428.62890625,0.9608980417251587,564.5328369140625,514.0165405273438,0.9638685584068298,662.7393798828125,535.908203125,0.8768370747566223
109,536.6206665039062,205.65353393554688,0.9611337184906006,470.47576904296875,341.81842041015625,0.959610104560852,603.364501953125,428.35107421875,0.9573662281036377,572.7178955078125,516.9240112304688,0.9655184745788574,676.3877563476562,538.2885131835938,0.9117950201034546
110,537.4779052734375,207.6676483154297,0.9566566348075867,473.7254943847656,345.4753112792969,0.9724986553192139,606.2897338867188,429.7229309082031,0.9432283639907837,583.2406005859375,517.555419921875,0.957690417766571,685.3900146484375,538.72265625,0.8522844314575195
111,538.2233276367188,209.57391357421875,0.9554624557495117,475.59246826171875,347.2261657714844,0.9715994596481323,610.3505249023438,433.593505859375,0.9374843835830688,588.97412109375,521.560546875,0.9593324661254883,690.3900756835938,539.2857055664062,0.9288069009780884
112,540.0465698242188,212.89422607421875,0.9543464183807373,477.4161376953125,349.7075500488281,0.9735428094863892,612.7261352539062,436.3609619140625,0.9369713068008423,593.2708740234375,521.9296264648438,0.9680018424987793,693.8817138671875,542.9218139648438,0.9172972440719604
113,543.1746826171875,217.6019744873047,0.9575914144515991,478.42047119140625,351.45556640625,0.9712398052215576,613.6061401367188,438.7775573730469,0.9476244449615479,594.846435546875,523.4173583984375,0.9760888814926147,694.4888305664062,545.7230224609375,0.9357100129127502
114,545.0009765625,220.4887237548828,0.958547830581665,480.16510009765625,354.850830078125,0.9600561857223511,615.1793212890625,442.5101013183594,0.9433165788650513,594.169677734375,524.9466552734375,0.9735909700393677,694.828857421875,549.9970092773438,0.940474271774292
115,545.5428466796875,225.177001953125,0.949181079864502,481.53656005859375,360.90106201171875,0.9433704018592834,614.1105346679688,445.480712890625,0.9537932872772217,587.9933471679688,528.5924682617188,0.9673225283622742,692.2290649414062,552.2607421875,0.9259127378463745
116,546.6728515625,229.0478057861328,0.963833749294281,480.7480163574219,363.46514892578125,0.9630640745162964,612.9361572265625,451.9327392578125,0.9407652616500854,583.7597045898438,529.1101684570312,0.9557700753211975,684.2391967773438,553.8543701171875,0.9180220365524292
117,547.167724609375,233.22579956054688,0.9359958171844482,478.591064453125,366.4725341796875,0.9637142419815063,611.7625122070312,456.5706481933594,0.9503210783004761,574.0856323242188,530.353759765625,0.9693114161491394,677.0299682617188,554.169677734375,0.9318443536758423
118,548.2401123046875,236.34812927246094,0.9486520290374756,477.58038330078125,367.55108642578125,0.9739160537719727,608.9505004882812,458.9785461425781,0.9660965204238892,568.3468627929688,529.2567138671875,0.9581263065338135,669.929443359375,554.2153930664062,0.9092114567756653
119,547.7610473632812,238.0408935546875,0.9444673657417297,475.9964294433594,368.4046936035156,0.9756299257278442,604.452880859375,460.8498229980469,0.9530328512191772,563.3828125,528.6788940429688,0.9651061296463013,665.3091430664062,555.4549560546875,0.9331091046333313
120,547.20703125,241.03466796875,0.9504563808441162,474.12078857421875,369.6197509765625,0.9724596738815308,603.6984252929688,463.87725830078125,0.9477782845497131,554.824462890625,529.1309204101562,0.9750150442123413,658.46142578125,555.249755859375,0.9247239828109741
121,546.9417724609375,242.54266357421875,0.9534457325935364,473.2905578613281,370.4267883300781,0.9670605659484863,596.263916015625,462.2535400390625,0.9620312452316284,549.341796875,526.064453125,0.9746788144111633,650.8663940429688,555.7549438476562,0.9368875026702881
122,546.2352905273438,243.73715209960938,0.9601660966873169,471.6852722167969,369.65533447265625,0.9633829593658447,594.7642822265625,465.8194274902344,0.9650735259056091,542.4447631835938,526.7877807617188,0.9593613147735596,644.6190185546875,555.2294311523438,0.9252092242240906
123,545.3729248046875,243.9681854248047,0.9619024991989136,470.99212646484375,369.7492980957031,0.9722340106964111,591.9970703125,465.55242919921875,0.9563643932342529,537.353759765625,525.0350952148438,0.9659075736999512,636.3446655273438,555.803466796875,0.926425576210022
124,545.086669921875,244.77120971679688,0.9643255472183228,469.90338134765625,369.5220031738281,0.9773372411727905,589.7246704101562,465.1990966796875,0.9466363191604614,530.0269165039062,522.5560302734375,0.9771357774734497,628.6063842773438,555.42529296875,0.9315614700317383
125,544.47314453125,244.677001953125,0.96153724193573,468.3992614746094,368.822265625,0.9771885871887207,582.3888549804688,462.31805419921875,0.9540702104568481,523.6840209960938,522.197998046875,0.9680987596511841,620.585205078125,556.0059814453125,0.9224071502685547
126,543.8868408203125,244.92849731445312,0.9545102715492249,466.7955017089844,368.2767333984375,0.9715439081192017,580.4085693359375,462.74237060546875,0.9620565176010132,515.9039916992188,520.27880859375,0.9709510803222656,613.614501953125,555.6392822265625,0.936930775642395
127,541.24755859375,243.83718872070312,0.9495869874954224,462.75592041015625,367.19476318359375,0.9779568910598755,578.3721923828125,465.362548828125,0.9663541913032532,509.4018249511719,520.89404296875,0.9735417366027832,609.0321655273438,555.1343383789062,0.919546365737915
128,540.4388427734375,243.90655517578125,0.9528803825378418,461.6449279785156,366.9327392578125,0.9805677533149719,575.9686279296875,465.62432861328125,0.9547890424728394,505.2991638183594,518.659423828125,0.9572247266769409,600.4130859375,555.4575805664062,0.9229313135147095
129,539.5372924804688,243.92596435546875,0.9532738924026489,460.69769287109375,366.9185485839844,0.9836891889572144,573.6116333007812,464.9267883300781,0.9503887295722961,500.6192321777344,516.3916625976562,0.974365234375,596.2138061523438,554.9491577148438,0.9411120414733887
130,538.6533813476562,244.49693298339844,0.9507799744606018,459.5348815917969,366.7894287109375,0.9827227592468262,570.7250366210938,464.8293762207031,0.9639259576797485,491.8167724609375,516.5090942382812,0.9808081984519958,588.2991333007812,555.7127685546875,0.8990790843963623
131,537.3016967773438,245.3070831298828,0.9376673102378845,457.5803527832031,367.41925048828125,0.9795489311218262,565.2301635742188,462.6146545410156,0.9696439504623413,486.75750732421875,513.6763916015625,0.9679993391036987,581.0363159179688,555.0646362304688,0.9546170234680176
132,536.2468872070312,245.83724975585938,0.9327972531318665,456.0404052734375,368.65362548828125,0.9668645858764648,563.3204345703125,462.6669921875,0.9674713015556335,479.3745422363281,512.9807739257812,0.975061297416687,569.8904418945312,555.7730102539062,0.883002758026123
133,534.0064697265625,246.6461639404297,0.9400496482849121,453.8756408691406,369.5002746582031,0.9749481678009033,561.5789794921875,465.6592102050781,0.9700604677200317,473.5633544921875,510.6448669433594,0.9699323177337646,565.9137573242188,554.5806884765625,0.9416764378547668
134,533.5252075195312,247.35081481933594,0.9402658939361572,451.63287353515625,369.82049560546875,0.9815306067466736,559.2802734375,466.11846923828125,0.9598791599273682,466.7416076660156,507.79150390625,0.9807978868484497,560.7941284179688,555.2167358398438,0.8981716632843018
135,532.1652221679688,247.87599182128906,0.9482604265213013,448.3974304199219,369.67425537109375,0.9766409397125244,557.1160278320312,465.1427307128906,0.9680694341659546,459.8837585449219,507.267333984375,0.9746641516685486,550.9847412109375,554.8343505859375,0.9301478862762451
136,531.0849609375,248.4420623779297,0.9351239800453186,446.35223388671875,369.75433349609375,0.9838826656341553,554.674560546875,466.13031005859375,0.9761329293251038,453.07470703125,504.51422119140625,0.9703506827354431,546.8016967773438,554.5391235351562,0.9321354031562805
137,529.7230834960938,248.7436981201172,0.9466811418533325,444.0066833496094,369.4406433105469,0.9858032464981079,550.5664672851562,466.71429443359375,0.9704497456550598,447.93438720703125,503.46112060546875,0.9711467027664185,536.8917846679688,555.1047973632812,0.9107234477996826
138,527.8336791992188,249.51499938964844,0.9520508050918579,441.7908020019531,369.9490661621094,0.9809178709983826,547.71630859375,467.297607421875,0.9796711206436157,442.37811279296875,502.05108642578125,0.9775018692016602,532.0901489257812,554.2461547851562,0.9432120323181152
139,526.1251220703125,249.51124572753906,0.9369147419929504,439.67578125,370.6059875488281,0.9722118973731995,545.3698120117188,466.5620422363281,0.9766200184822083,436.5290222167969,499.09906005859375,0.9781380891799927,523.8751831054688,553.278564453125,0.8777126669883728
140,522.3765869140625,249.26974487304688,0.929837167263031,437.945556640625,371.5173034667969,0.980526328086853,543.4780883789062,467.0002136230469,0.9660018682479858,429.5729675292969,498.0708923339844,0.990656852722168,517.81396484375,553.8216552734375,0.9219859838485718
141,520.435546875,248.97714233398438,0.9268732070922852,435.7186279296875,371.4389343261719,0.981930136680603,541.57275390625,466.2012939453125,0.9678070545196533,425.16876220703125,496.3663024902344,0.9798749685287476,509.1882019042969,552.5025634765625,0.9012618064880371
142,517.3335571289062,248.76458740234375,0.9215813875198364,431.8368225097656,370.71270751953125,0.981583833694458,538.396240234375,466.8993835449219,0.9711806774139404,419.1380615234375,491.9834289550781,0.984539270401001,502.2420959472656,551.671875,0.9344495534896851
143,515.1945190429688,248.97488403320312,0.9274928569793701,428.8995666503906,370.1275634765625,0.9857112169265747,534.359130859375,467.6895751953125,0.9681898355484009,414.08148193359375,492.1287536621094,0.9838595390319824,497.7403869628906,551.3474731445312,0.9404733180999756
144,513.3490600585938,249.1662139892578,0.9414392709732056,425.7921142578125,369.7253112792969,0.9826844930648804,531.11865234375,467.508544921875,0.9770820140838623,406.10345458984375,489.025390625,0.973203182220459,486.9866943359375,550.9446411132812,0.9228047132492065
145,511.1098327636719,249.3416748046875,0.9418227076530457,423.2922668457031,370.03289794921875,0.9735995531082153,528.9191284179688,467.8285217285156,0.9749503135681152,400.4122619628906,487.4976806640625,0.9765926599502563,482.1540832519531,550.3818359375,0.961674690246582
146,506.3623962402344,247.89657592773438,0.9136310815811157,421.03326416015625,370.262939453125,0.981046736240387,525.9021606445312,467.1943359375,0.9556733965873718,395.67779541015625,486.50390625,0.986562192440033,474.4242858886719,551.5875244140625,0.9071565866470337
147,505.16473388671875,248.75794982910156,0.9237714409828186,418.5623474121094,370.0049743652344,0.9810981750488281,523.9192504882812,469.1280517578125,0.9548017382621765,390.40020751953125,483.9854736328125,0.9814358949661255,467.3058776855469,550.0437622070312,0.9511862993240356
148,501.8438415527344,247.33135986328125,0.9350197315216064,414.14007568359375,368.5965576171875,0.9842017889022827,518.0880737304688,469.2387390136719,0.9656139612197876,385.3036193847656,484.4040832519531,0.9767360091209412,460.80401611328125,551.204345703125,0.9067365527153015
149,499.7413330078125,247.47702026367188,0.9437037706375122,411.5160217285156,368.1855163574219,0.9844004511833191,515.1470336914062,469.25006103515625,0.9811529517173767,380.04888916015625,482.44378662109375,0.986361563205719,452.6097717285156,550.6863403320312,0.9464164972305298
150,497.8480224609375,247.00836181640625,0.9518536329269409,408.8879699707031,368.09619140625,0.9807041883468628,513.254150390625,469.0236511230469,0.9698039293289185,372.6705627441406,477.4060974121094,0.9701926708221436,445.6512451171875,550.4926147460938,0.9173903465270996
151,495.9147033691406,246.84017944335938,0.9442790746688843,407.49493408203125,368.51324462890625,0.9714429378509521,509.8728942871094,468.97161865234375,0.9445082545280457,367.7404479980469,476.6657409667969,0.9816252589225769,439.3353271484375,550.0550537109375,0.9176204204559326
152,491.68182373046875,245.46702575683594,0.93641597032547,405.64984130859375,368.67413330078125,0.9754718542098999,507.1546630859375,469.2412109375,0.945642352104187,363.7497863769531,475.49310302734375,0.9853572249412537,432.21728515625,549.1384887695312,0.9217706918716431
153,489.4224548339844,245.59133911132812,0.9385061264038086,403.7795104980469,368.4132995605469,0.9761034846305847,503.0917663574219,470.3074645996094,0.9538284540176392,356.60748291015625,472.670166015625,0.976956844329834,423.77606201171875,548.9994506835938,0.9217698574066162
154,487.4552917480469,245.20736694335938,0.9451180696487427,400.917724609375,368.120849609375,0.9731539487838745,500.3152770996094,470.50384521484375,0.9716522693634033,354.0694580078125,471.66180419921875,0.9727649092674255,417.93096923828125,547.8540649414062,0.9498198628425598
155,485.49273681640625,245.15386962890625,0.9560867547988892,398.1484375,367.3150634765625,0.9779930710792542,499.1981506347656,470.1154479980469,0.9725039005279541,347.0712890625,469.9998474121094,0.9834627509117126,410.8507080078125,549.2221069335938,0.9143153429031372
156,484.7364807128906,245.21188354492188,0.9491152763366699,396.4898681640625,366.38946533203125,0.9798107147216797,496.9117431640625,469.4754638671875,0.9615254402160645,342.7332763671875,467.4696350097656,0.9691380262374878,404.6974182128906,546.9208984375,0.9459445476531982
157,483.990234375,245.9427947998047,0.946771502494812,394.92608642578125,366.1123962402344,0.9768922328948975,493.00128173828125,469.787841796875,0.9340188503265381,336.1221008300781,465.5304870605469,0.9774547815322876,396.45843505859375,547.6792602539062,0.929440975189209
158,482.6642150878906,246.23190307617188,0.9553529024124146,393.0217590332031,365.90234375,0.9761388301849365,490.7505798339844,469.66021728515625,0.929141640663147,333.1827697753906,464.15704345703125,0.9839766621589661,389.1778564453125,546.7973022460938,0.9516715407371521
159,481.926025390625,246.0041961669922,0.9526047706604004,391.5303649902344,365.8251037597656,0.9729448556900024,485.1576232910156,469.9179382324219,0.9544286727905273,327.49212646484375,463.3076171875,0.9689542055130005,383.72784423828125,546.537109375,0.9176852703094482
160,480.7055358886719,246.07196044921875,0.9521268606185913,389.91864013671875,365.04541015625,0.9838042855262756,483.53729248046875,469.89337158203125,0.9639424085617065,323.04083251953125,459.9556579589844,0.9740360975265503,374.836669921875,546.7428588867188,0.9387213587760925
161,479.7277526855469,246.11351013183594,0.9297986030578613,387.17181396484375,363.98419189453125,0.985939621925354,482.14202880859375,469.4623718261719,0.9665087461471558,318.8279113769531,459.2646179199219,0.9826689958572388,369.3572082519531,545.64794921875,0.9458354711532593
162,479.1911926269531,245.9135284423828,0.9294921159744263,384.2348327636719,362.5800476074219,0.9763956069946289,478.0316162109375,468.6368103027344,0.9339100122451782,313.63568115234375,457.65032958984375,0.9823912382125854,361.9052429199219,545.7537841796875,0.9246000647544861
163,476.69366455078125,245.13296508789062,0.9064947962760925,380.93255615234375,361.7068786621094,0.9638106226921082,475.41217041015625,468.7571105957031,0.9266905784606934,307.16754150390625,456.672119140625,0.9780991077423096,355.2219543457031,544.8201904296875,0.955302894115448
164,476.1572570800781,244.55694580078125,0.9259279370307922,379.512939453125,358.6833190917969,0.9658390283584595,470.3179626464844,469.62567138671875,0.9490987658500671,302.054443359375,456.79010009765625,0.9793725609779358,347.4972229003906,544.8530883789062,0.920647144317627
165,475.64263916015625,244.88778686523438,0.917026698589325,376.8810119628906,357.7127380371094,0.9707424640655518,467.8509216308594,469.399658203125,0.9588697552680969,296.0702209472656,453.3206481933594,0.9382573962211609,339.7644348144531,543.9619750976562,0.9530026316642761
166,474.951904296875,244.6160430908203,0.9215443134307861,374.39117431640625,356.2757568359375,0.9725778102874756,466.5308837890625,469.5422058105469,0.9715335369110107,289.2245788574219,452.65576171875,0.9487544298171997,332.30841064453125,543.6825561523438,0.9208956360816956
167,474.06793212890625,245.0704345703125,0.9265311360359192,372.9933166503906,355.7148132324219,0.9783977270126343,463.6982727050781,469.7012634277344,0.9455054998397827,284.3472595214844,451.3384094238281,0.9803873300552368,324.7212219238281,543.5357666015625,0.9399759769439697
168,473.3916931152344,245.5909423828125,0.931938111782074,371.3870544433594,355.4592590332031,0.9819722175598145,459.67828369140625,469.5314025878906,0.927910327911377,279.991455078125,449.15594482421875,0.9366285800933838,318.1383056640625,543.764404296875,0.9225185513496399
169,472.7464294433594,245.80221557617188,0.9070136547088623,369.4405212402344,355.2514343261719,0.9773446321487427,454.7535705566406,470.3255615234375,0.9317971467971802,271.9156799316406,446.3265380859375,0.9490612745285034,310.04248046875,543.0982666015625,0.914742112159729
170,472.03253173828125,245.4812774658203,0.9333804249763489,366.77020263671875,355.29571533203125,0.9776429533958435,452.3717956542969,470.5363464355469,0.9647265672683716,267.59735107421875,446.0098571777344,0.9400205612182617,304.58172607421875,542.5927734375,0.9232730865478516
171,471.8439025878906,245.60304260253906,0.9226815700531006,365.40093994140625,354.32952880859375,0.9769129753112793,451.069580078125,470.3984680175781,0.9665940999984741,261.892578125,442.3628845214844,0.9496244192123413,298.4766845703125,543.2034912109375,0.9166601300239563
172,471.5457458496094,245.54042053222656,0.9329570531845093,363.6684875488281,353.5954895019531,0.9733797311782837,448.1877746582031,469.93157958984375,0.9519014358520508,256.7579650878906,442.0745849609375,0.9426839351654053,291.1526184082031,541.8660278320312,0.9395579695701599
173,470.3197937011719,245.69366455078125,0.9353023767471313,362.4908142089844,352.90045166015625,0.9670183062553406,445.0654296875,469.646728515625,0.9315612316131592,252.24832153320312,440.2164611816406,0.9591612815856934,285.0465087890625,541.9144287109375,0.8799313306808472
174,470.3463439941406,245.54994201660156,0.934334397315979,361.4773864746094,352.36163330078125,0.9679261445999146,442.47479248046875,469.104736328125,0.9393541216850281,248.0369110107422,437.57257080078125,0.8791297078132629,277.2289123535156,540.4546508789062,0.9237439632415771
175,471.9952087402344,244.70762634277344,0.932748556137085,360.7385559082031,350.9964294433594,0.9666309952735901,438.25555419921875,468.9613037109375,0.930988073348999,244.1877899169922,435.88616943359375,0.9349497556686401,272.0602111816406,538.5967407226562,0.9030946493148804
176,472.2428283691406,244.74098205566406,0.9281082153320312,360.1613464355469,350.54388427734375,0.9693073034286499,436.2663879394531,468.1556396484375,0.9551347494125366,240.2153778076172,435.5722351074219,0.8867257833480835,263.73211669921875,538.02734375,0.9185455441474915
177,472.7900695800781,244.62481689453125,0.9225412607192993,359.9001159667969,349.2666931152344,0.9748018980026245,435.2915954589844,467.84552001953125,0.954422116279602,238.13491821289062,433.1220397949219,0.9037037491798401,257.8275451660156,537.5802612304688,0.940892219543457
178,473.3254089355469,244.30413818359375,0.9325505495071411,359.820068359375,348.58050537109375,0.9749996066093445,434.6346130371094,467.11297607421875,0.9475120306015015,235.14500427246094,429.91552734375,0.9347168207168579,251.88734436035156,536.4102172851562,0.9120945334434509
179,473.9268798828125,243.72071838378906,0.9300926327705383,359.9053039550781,347.8194580078125,0.971686840057373,434.32073974609375,466.668701171875,0.9419923424720764,232.45428466796875,427.9833679199219,0.9243337512016296,244.73060607910156,535.1266479492188,0.9416164755821228
180,474.67327880859375,243.38552856445312,0.9372575283050537,360.1222229003906,347.033203125,0.968469500541687,434.3107604980469,465.957275390625,0.9264980554580688,230.64248657226562,426.1845703125,0.9104175567626953,238.3341827392578,532.7733764648438,0.90135657787323
181,475.2261962890625,242.83106994628906,0.9300944805145264,360.6584777832031,346.7516174316406,0.963252067565918,434.4158935546875,465.53497314453125,0.9149795174598694,228.6140594482422,424.4715881347656,0.9215481281280518,234.11798095703125,532.7839965820312,0.9071294665336609
182,476.01837158203125,242.59695434570312,0.9405645728111267,361.2178955078125,345.8388977050781,0.9704810380935669,434.0610046386719,462.3652038574219,0.9056400656700134,227.21270751953125,424.0838623046875,0.8712280988693237,227.09181213378906,531.13671875,0.9390300512313843
183,476.34844970703125,242.46469116210938,0.9354602694511414,361.21337890625,342.60589599609375,0.9683846235275269,433.5857238769531,461.67083740234375,0.8924698829650879,223.18618774414062,421.4799499511719,0.9176356792449951,220.2728729248047,530.9636840820312,0.9187148809432983
184,476.9635925292969,242.27537536621094,0.9405152201652527,361.53564453125,342.2472839355469,0.9717634916305542,433.7662658691406,460.6498718261719,0.902008056640625,222.12692260742188,419.7823791503906,0.9324379563331604,215.01666259765625,527.1345825195312,0.939775824546814
185,477.3437194824219,241.9938201904297,0.9305623769760132,361.39337158203125,340.9776306152344,0.9755417108535767,433.65313720703125,459.0212707519531,0.9184176921844482,220.90521240234375,414.6335144042969,0.8853713274002075,209.00062561035156,525.0894775390625,0.9497989416122437
186,477.8569030761719,241.66700744628906,0.9348450899124146,361.3105773925781,340.08892822265625,0.9746875762939453,434.11712646484375,457.74493408203125,0.914137601852417,221.25228881835938,412.8767395019531,0.8590750694274902,204.43093872070312,523.0947875976562,0.8919075131416321
187,478.20281982421875,241.48802185058594,0.9308673739433289,361.7643737792969,338.9539489746094,0.9738330841064453,435.48162841796875,457.0155334472656,0.9283949732780457,222.89129638671875,407.38641357421875,0.8959335684776306,200.35418701171875,516.2638549804688,0.8991289734840393
188,478.9260559082031,241.36788940429688,0.9277030825614929,362.1390075683594,337.4311828613281,0.96638023853302,434.99957275390625,455.8085632324219,0.9323552846908569,225.7202911376953,399.4469909667969,0.9042766690254211,197.95523071289062,510.7482604980469,0.9141541719436646
189,480.7042236328125,239.4483184814453,0.9328206777572632,363.3523254394531,335.74786376953125,0.965833842754364,436.0113525390625,455.5622863769531,0.9339957237243652,229.22999572753906,394.6432189941406,0.9324195981025696,198.01380920410156,504.7343444824219,0.9047259092330933
190,481.2757263183594,240.7110595703125,0.9356591105461121,363.861328125,334.18096923828125,0.9703954458236694,436.9721984863281,455.79327392578125,0.9320085048675537,237.21885681152344,388.95257568359375,0.9563325047492981,202.5072784423828,498.45330810546875,0.8351250886917114
191,481.5484313964844,240.3603515625,0.9264002442359924,365.5127258300781,331.979736328125,0.9608935117721558,438.6012268066406,455.6751708984375,0.9154569506645203,242.26956176757812,379.50640869140625,0.9581048488616943,207.9884490966797,496.19219970703125,0.7405140995979309
192,482.3453674316406,240.2333221435547,0.927939772605896,367.98980712890625,327.6212158203125,0.9368079900741577,442.0533752441406,454.6574401855469,0.9345970749855042,250.3275146484375,374.4650573730469,0.9498114585876465,213.58135986328125,490.52825927734375,0.04524686932563782
193,482.6402587890625,238.62481689453125,0.931836724281311,371.7508850097656,324.5559997558594,0.9633696675300598,445.53961181640625,452.44140625,0.9239660501480103,255.79541015625,368.1057434082031,0.9569217562675476,230.0612335205078,490.2156066894531,0.18524408340454102
194,483.4867248535156,238.22824096679688,0.9397946000099182,374.76727294921875,321.00042724609375,0.9538824558258057,450.31060791015625,452.5300598144531,0.9572527408599854,264.2947082519531,364.74749755859375,0.8980799913406372,264.36376953125,374.4876403808594,0.03046378493309021
195,484.1733093261719,237.3717041015625,0.9386241436004639,377.892822265625,318.44097900390625,0.9597650766372681,452.6737976074219,452.2769470214844,0.9580646753311157,270.99151611328125,364.7937927246094,0.9687783122062683,276.0408020019531,375.0289611816406,0.01600879430770874
196,484.71868896484375,237.1320037841797,0.9422647953033447,380.6854248046875,317.7767028808594,0.9637538194656372,460.0169982910156,450.76873779296875,0.9376691579818726,278.8424072265625,370.3940124511719,0.9402615427970886,279.64166259765625,377.48907470703125,0.019496172666549683
197,485.3984680175781,235.91265869140625,0.9253162145614624,383.2103271484375,319.2886047363281,0.9530378580093384,466.239013671875,449.6913757324219,0.9416928291320801,287.33868408203125,378.26055908203125,0.9781707525253296,342.9671325683594,448.1253662109375,0.035940319299697876
198,486.2510986328125,235.21572875976562,0.9196158647537231,388.3310241699219,321.5483093261719,0.9503884315490723,471.6470031738281,446.0702209472656,0.9468924403190613,296.2908630371094,387.52508544921875,0.9369139671325684,354.2712707519531,451.711669921875,0.07251405715942383
199,487.19708251953125,233.85157775878906,0.9055569171905518,390.6722412109375,323.8766174316406,0.9369775056838989,483.4219055175781,446.7264404296875,0.963244616985321,307.17803955078125,397.35028076171875,0.9668354988098145,380.0588684082031,464.7054138183594,0.14116841554641724
200,488.4907531738281,232.73257446289062,0.8987635970115662,394.17572021484375,329.95953369140625,0.9378916025161743,490.5639343261719,443.8621520996094,0.9509357213973999,317.9172668457031,413.01104736328125,0.9660607576370239,398.7683410644531,505.72662353515625,0.021214038133621216
201,489.3048400878906,232.04954528808594,0.8980514407157898,397.59808349609375,333.4532470703125,0.9507352113723755,500.2291564941406,443.7723693847656,0.9767011404037476,330.6326904296875,426.71905517578125,0.9662233591079712,413.8982238769531,497.3575134277344,0.1056361198425293
202,490.7259826660156,229.7043914794922,0.9353970289230347,404.3146667480469,338.4370422363281,0.9553996920585632,506.718994140625,442.4364929199219,0.9614400267601013,345.5194091796875,441.8493957519531,0.9599233269691467,437.57952880859375,507.804931640625,0.06475356221199036
203,492.5872802734375,229.34156799316406,0.9189661145210266,408.422607421875,344.1866760253906,0.953581690788269,516.8941040039062,442.6650085449219,0.9770650863647461,361.9281311035156,454.3984680175781,0.9628115892410278,457.46392822265625,513.1878662109375,0.829869270324707
204,495.95257568359375,229.43878173828125,0.9316654205322266,413.24420166015625,348.0343322753906,0.9716371297836304,523.9484252929688,442.35882568359375,0.9656117558479309,380.7825622558594,467.6003723144531,0.974228024482727,480.9844970703125,519.02294921875,0.8761377334594727
205,498.20648193359375,228.66903686523438,0.9651985168457031,420.9693603515625,351.4556579589844,0.9737879633903503,533.4017944335938,442.5413513183594,0.9704294204711914,402.9463806152344,479.17962646484375,0.9512443542480469,501.4329528808594,523.7402954101562,0.9248626232147217
206,500.02093505859375,227.99453735351562,0.9560002088546753,426.3670959472656,351.879638671875,0.9769446849822998,541.0535888671875,443.2975158691406,0.968302845954895,424.9482421875,490.3222961425781,0.9655146598815918,526.4180908203125,529.3701171875,0.9287031888961792
207,500.8773498535156,227.4998016357422,0.9605041742324829,432.69879150390625,354.7119140625,0.9688316583633423,550.1923217773438,443.4342956542969,0.9630818963050842,445.228271484375,499.3507385253906,0.9788014888763428,549.0892944335938,532.9764404296875,0.9531790018081665
208,502.8520202636719,227.33096313476562,0.9514592885971069,438.9129638671875,356.9840393066406,0.9690043926239014,559.7828979492188,445.3580322265625,0.9513825178146362,468.89129638671875,506.7208557128906,0.9785997867584229,567.0806884765625,538.861083984375,0.9253013730049133
209,504.8190002441406,227.16941833496094,0.9496802091598511,445.2200622558594,358.62158203125,0.9458334445953369,566.4070434570312,444.58984375,0.9571043252944946,489.476318359375,514.2568969726562,0.9714251756668091,593.1751098632812,539.8744506835938,0.8920538425445557
210,506.8641357421875,227.05264282226562,0.9519481658935547,450.38287353515625,360.9115295410156,0.9690464735031128,573.6045532226562,444.33251953125,0.9572710990905762,510.42889404296875,518.6326293945312,0.9573537111282349,612.0322265625,540.346923828125,0.9095414876937866
211,508.87139892578125,227.38917541503906,0.94746994972229,455.0217590332031,361.2962951660156,0.9665021300315857,580.9985961914062,444.7933044433594,0.9744248390197754,529.587890625,522.63134765625,0.9779120683670044,634.113037109375,541.7410278320312,0.8868705034255981
212,512.469970703125,228.24488830566406,0.9478517174720764,459.26837158203125,362.8097229003906,0.9620733261108398,588.6779174804688,444.82159423828125,0.9554972648620605,546.2200927734375,525.0935668945312,0.9759764671325684,651.673828125,544.302978515625,0.9304276704788208
213,514.8137817382812,228.40982055664062,0.9557451009750366,462.7316589355469,362.960693359375,0.9419289827346802,594.842041015625,445.0013732910156,0.9716950058937073,557.7098999023438,529.5166625976562,0.9734143018722534,666.5393676757812,545.4971923828125,0.9268957376480103
214,515.9400024414062,228.74053955078125,0.9503540992736816,466.70697021484375,363.6158142089844,0.9741284847259521,601.0146484375,444.8683776855469,0.9514992833137512,570.2420654296875,531.164306640625,0.9643414616584778,674.7738647460938,547.6748046875,0.9300650358200073
215,517.071044921875,229.55284118652344,0.9520156383514404,469.65985107421875,364.4089660644531,0.9750513434410095,605.3379516601562,445.59991455078125,0.9512101411819458,581.2826538085938,532.1171264648438,0.9636902809143066,682.2266845703125,551.0096435546875,0.8951975703239441
216,518.2394409179688,230.7749481201172,0.9312969446182251,472.01922607421875,365.23345947265625,0.9647718071937561,608.9834594726562,446.6531677246094,0.9431588649749756,586.8552856445312,534.8717651367188,0.9506509304046631,689.9283447265625,551.68359375,0.8989190459251404
217,522.2275390625,233.11338806152344,0.9358707666397095,475.2066345214844,366.4905700683594,0.9680365920066833,611.7597045898438,450.1689147949219,0.9412924647331238,590.381103515625,537.45654296875,0.9498655796051025,693.220703125,554.2862548828125,0.9036811590194702
218,524.3268432617188,234.59774780273438,0.9465711712837219,476.2358093261719,367.8612060546875,0.9768505096435547,612.76708984375,451.4981384277344,0.9407934546470642,590.837646484375,538.041748046875,0.953876256942749,693.4002075195312,554.3319702148438,0.9228767156600952
219,527.6785888671875,237.33636474609375,0.9460567235946655,477.7386779785156,370.50091552734375,0.9653580188751221,613.6864624023438,453.9156494140625,0.9367901682853699,588.6547241210938,537.7222290039062,0.9543936252593994,692.7557983398438,554.9190063476562,0.9441680908203125
220,529.61279296875,241.7357635498047,0.9549802541732788,478.2220764160156,373.3258361816406,0.9583972692489624,613.5932006835938,457.68017578125,0.9361318349838257,582.0555419921875,536.0204467773438,0.9498332738876343,688.2628784179688,555.6906127929688,0.9347308874130249
221,531.4886474609375,244.1490936279297,0.9633653163909912,477.80865478515625,375.7368469238281,0.9315537214279175,613.3444213867188,460.7792663574219,0.9524110555648804,574.445556640625,536.6241455078125,0.9508335590362549,678.68310546875,556.1993408203125,0.9477221965789795
222,532.19970703125,246.46484375,0.9505951404571533,477.3352355957031,378.33123779296875,0.9518454074859619,610.5335083007812,465.1199951171875,0.9504604935646057,568.2857055664062,534.1658935546875,0.9330451488494873,672.8587036132812,557.1732788085938,0.9380617737770081
223,532.8292236328125,247.76243591308594,0.935422420501709,475.52984619140625,378.3363037109375,0.9643211960792542,608.351318359375,467.19287109375,0.9507529735565186,560.7381591796875,534.225341796875,0.9509646892547607,665.4492797851562,557.413818359375,0.9428350925445557
224,533.3864135742188,248.15159606933594,0.925758957862854,473.462158203125,378.04730224609375,0.9672081470489502,604.1220703125,467.3147888183594,0.940597414970398,554.7850952148438,534.1426391601562,0.9577480554580688,658.1940307617188,557.9496459960938,0.9297112226486206
225,533.8920288085938,248.34976196289062,0.9118080139160156,472.41607666015625,377.0612487792969,0.9625788927078247,598.1824951171875,468.75030517578125,0.9527065753936768,547.9761962890625,532.1204223632812,0.9647355079650879,650.7450561523438,558.4758911132812,0.9385464191436768
226,534.3345336914062,248.344970703125,0.9000020623207092,470.4013977050781,374.60345458984375,0.9646744728088379,594.8570556640625,468.32928466796875,0.9687545299530029,540.4027709960938,531.7200927734375,0.9779594540596008,643.4371948242188,558.9689331054688,0.929623007774353
227,536.0829467773438,248.3008575439453,0.8956223130226135,469.1920166015625,372.5496520996094,0.9746456146240234,592.2210083007812,468.8918762207031,0.9551942348480225,535.8087768554688,530.3256225585938,0.9639111757278442,636.0927124023438,559.3079833984375,0.9472295045852661
228,537.2171630859375,248.98460388183594,0.9137662053108215,468.7131042480469,370.9241638183594,0.9752670526504517,589.3821411132812,468.5393981933594,0.9586577415466309,530.4666748046875,529.2493896484375,0.9690406322479248,629.7656860351562,559.2662353515625,0.9481164216995239
229,537.9486083984375,249.23046875,0.9210081100463867,468.4579162597656,370.0304870605469,0.9739687442779541,585.63671875,469.5048828125,0.9592792987823486,522.0428466796875,528.8824462890625,0.9706747531890869,622.6184692382812,560.2080078125,0.9470738768577576
230,538.6939086914062,249.29901123046875,0.9276009798049927,468.3006896972656,369.1345520019531,0.9766992330551147,581.4081420898438,469.2802429199219,0.9671670198440552,516.8457641601562,525.6798095703125,0.9780598878860474,614.7369995117188,559.5731811523438,0.9355920553207397
231,539.0289916992188,249.6985321044922,0.9399060606956482,467.6621398925781,368.8968811035156,0.9733484387397766,579.677734375,469.71435546875,0.9723505973815918,509.56787109375,525.1480712890625,0.9650824666023254,607.1897583007812,560.2577514648438,0.9373816847801208
232,539.1492309570312,250.04164123535156,0.9419053792953491,464.18756103515625,367.7876892089844,0.9729472994804382,578.0957641601562,471.8968505859375,0.9649234414100647,503.03143310546875,522.8378295898438,0.9692668914794922,599.2503051757812,558.8123779296875,0.9244970083236694
233,539.1258544921875,250.34738159179688,0.9509084224700928,463.23822021484375,367.70233154296875,0.9770447015762329,575.9696044921875,473.0584716796875,0.9603289365768433,497.22509765625,521.4275512695312,0.9739468097686768,594.8911743164062,558.2760009765625,0.9505302906036377
234,538.7501220703125,251.04446411132812,0.9426250457763672,462.07666015625,367.47869873046875,0.9798378348350525,572.4864501953125,470.1896057128906,0.9592108726501465,491.8793029785156,521.6865844726562,0.966668426990509,587.5986938476562,558.8803100585938,0.9379005432128906
235,538.031494140625,251.77381896972656,0.9387108683586121,460.96209716796875,367.7195739746094,0.9837182760238647,569.2526245117188,473.0468444824219,0.9614582061767578,486.0571594238281,518.2999267578125,0.9664803147315979,581.2260131835938,558.2684936523438,0.9531440734863281
236,537.6135864257812,252.43487548828125,0.9365849494934082,459.8967590332031,368.20989990234375,0.9838163256645203,565.4078369140625,471.886474609375,0.9668810963630676,477.9629211425781,518.3036499023438,0.9725403785705566,573.2134399414062,559.089599609375,0.9284583330154419
237,536.9681396484375,253.2504119873047,0.9184200763702393,457.9421081542969,368.8760986328125,0.9823532104492188,564.5111083984375,473.7434997558594,0.974702000617981,472.2484130859375,516.6195068359375,0.964287519454956,567.5333251953125,558.9459228515625,0.9401785731315613
238,535.876708984375,255.7853546142578,0.9109476804733276,456.227783203125,370.35968017578125,0.9777612686157227,562.1235961914062,474.34259033203125,0.978929877281189,464.62860107421875,515.458740234375,0.9748309850692749,561.9723510742188,557.663818359375,0.93718421459198
239,533.7959594726562,257.13720703125,0.9217829704284668,454.73681640625,372.1564636230469,0.9783112406730652,560.4111938476562,475.5107727050781,0.9770569801330566,458.9216613769531,514.3460083007812,0.9797241687774658,552.3108520507812,557.2067260742188,0.9348163604736328
240,533.1622924804688,258.4813232421875,0.9407395124435425,453.4371337890625,373.8894958496094,0.9817771315574646,557.57666015625,475.7940673828125,0.9604403376579285,452.5977478027344,510.2937927246094,0.9740148782730103,547.1347045898438,556.74853515625,0.9481496810913086
241,532.1345825195312,259.6228942871094,0.9518799185752869,451.3332214355469,375.0028991699219,0.9759767055511475,555.4334716796875,475.7621154785156,0.9583163857460022,448.6723937988281,509.0150146484375,0.9723029136657715,539.773681640625,556.1536254882812,0.9013903737068176
242,530.9713745117188,260.9419250488281,0.9589318037033081,449.3719177246094,376.6794128417969,0.9703963994979858,553.6967163085938,476.084228515625,0.9522385001182556,441.78387451171875,508.39501953125,0.9664576053619385,533.7061157226562,556.017578125,0.9444693326950073
243,529.48486328125,261.656494140625,0.9482884407043457,447.7071228027344,377.4761047363281,0.9635542631149292,550.3919677734375,477.28411865234375,0.9665406942367554,434.4766845703125,505.3547668457031,0.9800461530685425,529.2249145507812,556.449462890625,0.9104591012001038
244,528.3895263671875,263.1930236816406,0.9486970901489258,444.88787841796875,378.5376892089844,0.970583438873291,548.4027099609375,478.1500549316406,0.9649180173873901,429.30950927734375,505.3427734375,0.9801493883132935,518.5121459960938,556.2403564453125,0.9258811473846436
245,527.3925170898438,264.6387634277344,0.9331216812133789,442.688720703125,379.3825988769531,0.9789878726005554,546.8432006835938,481.616943359375,0.960066556930542,422.583740234375,501.0394287109375,0.9703672528266907,513.521240234375,555.5844116210938,0.9018430709838867
246,523.4639892578125,263.5487060546875,0.9137462377548218,441.05548095703125,379.6878967285156,0.9783871173858643,544.3755493164062,481.4864196777344,0.9578778743743896,418.9272155761719,500.0246887207031,0.9722979068756104,503.5998229980469,555.8685302734375,0.8858574032783508
247,522.321533203125,265.0404357910156,0.9005341529846191,439.3890380859375,380.39923095703125,0.981712281703949,543.294677734375,482.23175048828125,0.9504942297935486,411.3351745605469,498.9264831542969,0.9855939149856567,500.06524658203125,555.14111328125,0.9315165877342224
248,520.7338256835938,265.299072265625,0.9109241962432861,437.8972473144531,380.65777587890625,0.9856847524642944,541.0138549804688,481.1568298339844,0.9353781938552856,405.08453369140625,493.77667236328125,0.9752964973449707,488.4095458984375,555.7295532226562,0.8713266253471375
249,519.3059692382812,265.6609802246094,0.8992623090744019,435.16796875,381.42340087890625,0.9885052442550659,538.0669555664062,482.8858337402344,0.9432228803634644,400.29205322265625,493.5967102050781,0.9709234237670898,484.3299255371094,555.1080932617188,0.939437747001648
250,517.3253784179688,265.9150085449219,0.9012141227722168,432.5009765625,382.0137939453125,0.9855501651763916,533.5669555664062,483.651611328125,0.9567331671714783,395.6504821777344,491.3565979003906,0.981230616569519,476.0108642578125,555.1665649414062,0.842068076133728
251,515.4614868164062,266.32611083984375,0.9294025897979736,430.1617736816406,381.7006530761719,0.9798442125320435,532.8062133789062,484.6200256347656,0.9715942144393921,388.4762268066406,488.888427734375,0.9820048213005066,468.56451416015625,554.2733154296875,0.9342493414878845
252,513.5244140625,266.5654602050781,0.93593430519104,428.612060546875,382.13507080078125,0.9839882254600525,530.475830078125,485.1750183105469,0.9772571325302124,383.58148193359375,488.21661376953125,0.9770475625991821,464.44110107421875,555.0084838867188,0.87226802110672
253,511.9890441894531,267.35882568359375,0.9443525671958923,426.9794006347656,382.5876770019531,0.9825043678283691,529.1364135742188,485.10760498046875,0.9677317142486572,378.8671569824219,486.41864013671875,0.9821323752403259,454.699951171875,554.16455078125,0.9207209348678589
254,510.8019104003906,267.4259338378906,0.9293134212493896,424.9515075683594,383.0343017578125,0.9792556762695312,527.7318725585938,484.87408447265625,0.9368816614151001,373.1936950683594,483.2554626464844,0.9755117893218994,449.9279479980469,554.0384521484375,0.9243903160095215
255,508.0941162109375,267.02398681640625,0.9136903882026672,423.48358154296875,383.9076232910156,0.9720356464385986,523.9953002929688,485.083984375,0.9398328065872192,367.74798583984375,481.28485107421875,0.9763232469558716,439.535400390625,554.1302490234375,0.9155579209327698
256,506.4688720703125,267.5487365722656,0.9267206192016602,421.9017333984375,384.0959167480469,0.9756593108177185,519.6812133789062,486.2261047363281,0.9344440698623657,363.55560302734375,478.197509765625,0.9709581136703491,433.6297607421875,552.0786743164062,0.9279623031616211
257,505.4043273925781,268.1214904785156,0.9215889573097229,420.4936218261719,384.8017578125,0.9800702333450317,517.7293701171875,486.6263427734375,0.9569692015647888,357.77008056640625,475.0277099609375,0.9743947386741638,427.4659423828125,553.824951171875,0.9011595249176025
258,503.9891662597656,268.4320373535156,0.9063143730163574,418.99261474609375,384.8379211425781,0.9776941537857056,516.1193237304688,486.5408630371094,0.9638135433197021,353.62567138671875,473.36981201171875,0.9752111434936523,420.1670837402344,553.1229858398438,0.937935471534729
259,502.738525390625,270.37188720703125,0.8983558416366577,418.0732116699219,384.7618103027344,0.9715815186500549,515.1822509765625,486.4896240234375,0.95982825756073,350.5578918457031,473.3079833984375,0.9832471609115601,412.2625732421875,552.0409545898438,0.8956544399261475
260,501.6141662597656,271.72186279296875,0.8978010416030884,414.577392578125,383.85162353515625,0.9772240519523621,513.9481201171875,486.4403076171875,0.9576441049575806,345.02740478515625,470.73040771484375,0.9703705310821533,405.70751953125,551.3209228515625,0.9262730479240417
261,501.1165466308594,272.7228698730469,0.9116690754890442,413.42572021484375,382.76654052734375,0.9766722917556763,512.5125732421875,486.33642578125,0.9475303888320923,341.625,468.3742370605469,0.9707505702972412,397.299560546875,550.6025390625,0.9101039171218872
262,500.7040710449219,273.46942138671875,0.9255061149597168,412.8710632324219,382.0657958984375,0.9746310710906982,508.0522155761719,485.8851013183594,0.9367215633392334,335.9540710449219,467.9826965332031,0.972536563873291,391.0442810058594,550.6719970703125,0.9073219299316406
263,500.5080261230469,274.2118835449219,0.9327930808067322,411.7536926269531,381.4181823730469,0.9634546041488647,506.1849060058594,486.3918762207031,0.9324973821640015,331.51751708984375,466.4449768066406,0.9826091527938843,384.3620300292969,549.5662841796875,0.9324415922164917
264,500.52984619140625,274.314453125,0.9370828866958618,410.3712158203125,380.2532043457031,0.9619513154029846,501.119140625,486.617919921875,0.9556297659873962,325.9338073730469,459.8042907714844,0.9643396139144897,375.427490234375,550.0540161132812,0.9006224870681763
265,500.31976318359375,274.61895751953125,0.9307198524475098,409.452880859375,378.8065490722656,0.9657336473464966,499.60186767578125,486.1981201171875,0.9680519104003906,322.08349609375,458.9288024902344,0.9681435823440552,369.4875183105469,547.8802490234375,0.9557436108589172
266,500.18487548828125,274.48553466796875,0.9347090125083923,408.1944580078125,376.93743896484375,0.9611361026763916,497.8843994140625,485.6340026855469,0.9619475603103638,316.0061950683594,458.2867126464844,0.9826371669769287,363.1861267089844,548.8983764648438,0.9132510423660278
267,499.8979187011719,274.56060791015625,0.943120002746582,405.2568054199219,372.8645324707031,0.9786838293075562,496.2502746582031,484.7227478027344,0.9423437714576721,310.89453125,455.93109130859375,0.9581719636917114,355.4150390625,547.0765380859375,0.9612641334533691
268,499.7328186035156,273.89141845703125,0.9405269026756287,403.7986145019531,371.31329345703125,0.9810566902160645,491.00616455078125,483.7822265625,0.9275989532470703,306.7255859375,455.6489562988281,0.9620140790939331,349.28326416015625,546.9651489257812,0.9166550636291504
269,499.39752197265625,273.4377746582031,0.9451413154602051,401.9828186035156,369.955078125,0.9715549349784851,486.6893615722656,483.99530029296875,0.9309712648391724,301.01971435546875,454.1979064941406,0.9632911682128906,342.0538024902344,547.4431762695312,0.936846911907196
270,499.20819091796875,273.4559326171875,0.9436631202697754,399.31121826171875,368.98553466796875,0.9777476787567139,484.02105712890625,483.5392150878906,0.947885274887085,296.35589599609375,452.6478576660156,0.9324725866317749,335.76092529296875,546.0642700195312,0.9309714436531067
271,499.2153015136719,273.0047302246094,0.9298371076583862,397.8835144042969,367.4736022949219,0.9799960255622864,483.4604187011719,483.2773742675781,0.929504930973053,292.48797607421875,450.7919921875,0.9237828850746155,327.8721923828125,546.0049438476562,0.9074007272720337
272,499.2737731933594,272.5528259277344,0.9136349558830261,397.07080078125,366.6961975097656,0.9789366722106934,482.21087646484375,483.97247314453125,0.9570906162261963,286.0160827636719,450.6173400878906,0.9664492011070251,322.00823974609375,545.225341796875,0.9499285221099854
273,499.22344970703125,272.422119140625,0.908488392829895,396.2681579589844,366.2756042480469,0.9783927202224731,480.8814697265625,483.2225036621094,0.935765266418457,280.4980163574219,446.9874267578125,0.9555002450942993,315.33660888671875,544.5684204101562,0.9183880686759949
274,498.9731750488281,271.07830810546875,0.9106479287147522,395.5814514160156,365.6135559082031,0.9766910672187805,479.14361572265625,482.4378967285156,0.9138524532318115,276.81951904296875,444.87921142578125,0.9648742079734802,307.6161193847656,544.136474609375,0.953696608543396
275,499.1453552246094,270.74566650390625,0.9197514057159424,394.3157043457031,365.2347717285156,0.9717592000961304,476.30902099609375,480.9143371582031,0.9184281229972839,270.009765625,444.108154296875,0.9658373594284058,300.60333251953125,544.0956420898438,0.920232892036438
276,499.17718505859375,270.4915466308594,0.9228736162185669,393.8605651855469,364.74139404296875,0.9758685827255249,469.5955505371094,477.72528076171875,0.9281518459320068,265.442138671875,443.0852355957031,0.9530372023582458,293.7369079589844,543.7954711914062,0.9291602969169617
277,499.2883605957031,269.76702880859375,0.9276412725448608,393.242919921875,364.2168884277344,0.9671739935874939,468.3282470703125,477.6390380859375,0.9248632192611694,261.5251159667969,441.02044677734375,0.9384136199951172,287.6198425292969,543.3568115234375,0.9102590084075928
278,499.3143615722656,269.05706787109375,0.9378006458282471,392.4073791503906,363.3872375488281,0.9656026363372803,467.0059509277344,476.85650634765625,0.9421600699424744,258.37091064453125,440.8381652832031,0.9181690216064453,279.9465026855469,542.6690673828125,0.8880602717399597
279,499.6257019042969,268.1738586425781,0.9409621953964233,392.0040588378906,362.2874450683594,0.9680428504943848,466.25384521484375,475.8262634277344,0.944237470626831,253.3080291748047,437.72869873046875,0.9664287567138672,274.1743469238281,541.1799926757812,0.9334964752197266
280,499.964599609375,267.16729736328125,0.9463619589805603,391.9168701171875,360.99334716796875,0.9653714895248413,464.0941467285156,474.5980529785156,0.9252403974533081,249.28872680664062,437.2904052734375,0.9395344257354736,269.1985168457031,540.566650390625,0.9326540231704712
281,500.7133483886719,265.87652587890625,0.9347630739212036,389.92449951171875,357.6506042480469,0.9718048572540283,461.5762023925781,473.8074951171875,0.9139775037765503,247.3303985595703,435.16387939453125,0.895541787147522,261.2564392089844,539.0887451171875,0.955810546875
282,501.01678466796875,264.6765441894531,0.9278727769851685,389.6431579589844,356.3747253417969,0.9723144769668579,460.6587219238281,473.50994873046875,0.909738302230835,244.91912841796875,433.16790771484375,0.8772314190864563,256.12652587890625,538.5701293945312,0.9325450658798218
283,500.2391052246094,263.4272766113281,0.9335358142852783,389.222900390625,354.61688232421875,0.9706034064292908,459.6454162597656,472.3404235839844,0.9211690425872803,243.26358032226562,429.0933532714844,0.8815250396728516,250.70382690429688,538.2124633789062,0.9356958270072937
284,500.6702575683594,261.8547058105469,0.9538043737411499,389.28875732421875,353.18670654296875,0.9729704856872559,458.74920654296875,470.3699035644531,0.920347273349762,242.2777862548828,426.63079833984375,0.9083117246627808,243.50845336914062,536.213134765625,0.934725821018219
285,500.68170166015625,261.0523986816406,0.9527583718299866,388.9251403808594,352.14849853515625,0.9701709747314453,458.4513854980469,469.9918212890625,0.9243696928024292,238.82101440429688,422.71502685546875,0.9215810894966125,238.51144409179688,533.8045043945312,0.8720614910125732
286,500.73681640625,259.99237060546875,0.9500083923339844,389.4369201660156,350.8119201660156,0.9755933880805969,458.48193359375,468.9180603027344,0.9269710183143616,238.42469787597656,420.91143798828125,0.8949333429336548,234.01947021484375,531.47021484375,0.9081498980522156
287,500.6119689941406,258.7895812988281,0.9481226205825806,389.68902587890625,349.7756042480469,0.9799590110778809,458.7717590332031,468.1430358886719,0.9285393953323364,237.62550354003906,415.5372314453125,0.8360060453414917,228.35546875,526.2999877929688,0.956189751625061
288,500.52301025390625,257.7120666503906,0.9447231292724609,390.25860595703125,348.9134216308594,0.9788055419921875,459.7596740722656,467.7296447753906,0.9278721809387207,238.9766082763672,412.2310791015625,0.8611629009246826,224.36276245117188,522.7722778320312,0.938332736492157
289,500.54339599609375,256.537841796875,0.9372081756591797,390.7679138183594,347.8868713378906,0.9759460091590881,460.2810974121094,467.1384582519531,0.9129049777984619,240.23361206054688,406.5102844238281,0.8355894088745117,220.89431762695312,518.8472290039062,0.9155440926551819
290,500.7057189941406,254.39303588867188,0.9329578876495361,391.20281982421875,346.922119140625,0.9661293625831604,462.49224853515625,467.9345703125,0.9129084348678589,244.51934814453125,403.4148254394531,0.9355947971343994,217.85374450683594,515.2671508789062,0.8991377353668213
291,500.53076171875,253.68026733398438,0.9392501711845398,391.55908203125,345.2852478027344,0.9488711357116699,463.7972412109375,467.4408874511719,0.9309673309326172,244.76611328125,398.02056884765625,0.928102970123291,215.35504150390625,510.4153747558594,0.8927745819091797
292,500.45660400390625,253.0447540283203,0.9325124025344849,391.1270751953125,341.73712158203125,0.9602197408676147,464.7660217285156,466.7948303222656,0.9192044138908386,250.05735778808594,396.0547790527344,0.9463858604431152,215.26275634765625,508.5839538574219,0.7420969009399414
293,500.04498291015625,252.7266387939453,0.9397518634796143,392.9375,339.4713134765625,0.9563962817192078,465.1673583984375,463.1484680175781,0.8971024751663208,254.85211181640625,390.1959228515625,0.9176192283630371,216.31285095214844,505.4945068359375,0.7921602725982666
294,499.7359924316406,252.51092529296875,0.9462422132492065,393.63409423828125,336.6390075683594,0.9619811773300171,467.2254333496094,461.8141784667969,0.9131861329078674,259.82696533203125,383.407470703125,0.8749037981033325,221.77944946289062,502.32696533203125,0.5452179908752441
295,499.8279724121094,251.83360290527344,0.9361451864242554,394.9422607421875,334.2807312011719,0.9612489938735962,468.941162109375,460.71539306640625,0.9255791902542114,266.050048828125,378.78656005859375,0.9436084032058716,226.11253356933594,499.1904602050781,0.44726020097732544
296,499.3302917480469,251.6171875,0.9445396661758423,394.7491760253906,331.34698486328125,0.9702770709991455,469.3689880371094,459.1955871582031,0.9250587224960327,273.0976867675781,372.9546203613281,0.9387577176094055,236.4353485107422,497.7461242675781,0.1575002670288086
297,499.5115966796875,250.95289611816406,0.9421205520629883,396.3439025878906,327.2639465332031,0.9641411304473877,469.37945556640625,456.2496643066406,0.9053386449813843,278.6845397949219,369.7870178222656,0.9314401149749756,474.4526062011719,460.4785461425781,0.026723653078079224
298,499.35736083984375,250.32774353027344,0.9415708780288696,397.4889221191406,324.51776123046875,0.9488282203674316,471.37457275390625,455.69775390625,0.9185786843299866,284.14129638671875,368.230712890625,0.9421476125717163,475.12103271484375,459.5126647949219,0.026157617568969727
299,499.0350036621094,249.20046997070312,0.949702262878418,399.0508117675781,323.1888427734375,0.9689313769340515,472.1541442871094,453.4033508300781,0.9247431755065918,287.8661193847656,365.7754821777344,0.9367207288742065,475.2330627441406,457.81591796875,0.023512929677963257
300,498.8804931640625,248.67584228515625,0.9500994682312012,399.70013427734375,322.7142333984375,0.9658383131027222,477.2712707519531,452.3685607910156,0.8828252553939819,293.7471618652344,369.9832763671875,0.9256077408790588,476.8326416015625,456.9013977050781,0.021583139896392822
301,498.3266296386719,247.26278686523438,0.9400707483291626,400.3297424316406,323.3319396972656,0.9487428665161133,482.3482971191406,452.89642333984375,0.9393351674079895,297.016845703125,373.6471862792969,0.924767255783081,315.9640197753906,488.06744384765625,0.19105029106140137
302,498.506591796875,246.71817016601562,0.9507064819335938,401.3000183105469,324.48492431640625,0.9293752908706665,484.7083740234375,452.9059143066406,0.9623215794563293,302.9497375488281,379.6988525390625,0.9741020202636719,331.9986572265625,494.9207763671875,0.7367337346076965
303,498.6895446777344,245.8345184326172,0.9519516825675964,404.1935119628906,326.7054748535156,0.9478687047958374,490.5205078125,452.8723449707031,0.9494376182556152,308.794921875,389.373046875,0.9633349180221558,351.4613342285156,500.12847900390625,0.700442910194397
304,498.92327880859375,245.37081909179688,0.9575290679931641,406.06475830078125,331.28326416015625,0.9547693729400635,496.7578125,452.72039794921875,0.9396190643310547,314.0489501953125,399.3990783691406,0.9572231769561768,369.4695739746094,507.29193115234375,0.4649328589439392
305,499.2654724121094,244.81687927246094,0.9515014886856079,407.5478515625,334.520751953125,0.9498744606971741,501.298095703125,452.9670715332031,0.9635113477706909,323.51385498046875,410.2762756347656,0.9777629375457764,387.3482666015625,507.7096862792969,0.627316415309906
306,499.6300048828125,244.38739013671875,0.9554234147071838,409.41119384765625,338.1265563964844,0.9488955140113831,509.4855651855469,452.13433837890625,0.9309968948364258,333.3033752441406,426.00543212890625,0.9688516855239868,405.4672546386719,494.64129638671875,0.037615567445755005
307,499.94256591796875,244.17376708984375,0.9557691812515259,411.5144958496094,345.72705078125,0.942321240901947,515.716796875,453.4527282714844,0.9620481133460999,344.0166015625,437.92706298828125,0.9660964608192444,419.04736328125,494.7657470703125,0.2633153796195984
308,500.2304382324219,243.7684783935547,0.9522251486778259,414.0975036621094,349.46514892578125,0.9729046821594238,522.7614135742188,452.80218505859375,0.9515674114227295,356.9559326171875,450.8792724609375,0.9643211364746094,438.98046875,511.5395812988281,0.1746518611907959
309,500.19488525390625,243.60841369628906,0.9543256163597107,419.88812255859375,354.0763854980469,0.9722436666488647,530.0776977539062,452.90765380859375,0.9664269685745239,368.6667175292969,464.9986572265625,0.9634560346603394,467.1296081542969,524.1844482421875,0.742212176322937
310,500.3602600097656,243.5090789794922,0.9509015083312988,422.94293212890625,357.9476318359375,0.9583134055137634,534.7803955078125,452.7487487792969,0.9575754404067993,387.1333312988281,477.1302795410156,0.977766752243042,485.99627685546875,526.0684814453125,0.8393858671188354
311,500.3350524902344,243.5084991455078,0.9577402472496033,427.0009460449219,363.3812255859375,0.9719528555870056,543.8624877929688,452.6048278808594,0.9579973220825195,406.6319580078125,489.6695556640625,0.976715087890625,502.46087646484375,532.2564086914062,0.9110392332077026
312,500.39251708984375,243.17959594726562,0.9523012638092041,431.94677734375,365.6974182128906,0.9741306304931641,549.1182250976562,452.6204833984375,0.9692589044570923,425.18365478515625,500.90557861328125,0.9665684700012207,526.4628295898438,537.0919189453125,0.8800594210624695
313,500.3283996582031,243.0989532470703,0.9495806694030762,437.61920166015625,367.72283935546875,0.9712746143341064,557.838134765625,452.0206298828125,0.9560656547546387,445.0610656738281,510.4716796875,0.9687094688415527,547.4207763671875,541.0128173828125,0.9316462278366089
314,500.2743835449219,243.10806274414062,0.9489900469779968,441.16314697265625,368.3580322265625,0.9736127853393555,563.6181030273438,452.8433532714844,0.9729964733123779,464.8343811035156,518.4927978515625,0.9623074531555176,570.4326782226562,543.1832275390625,0.9094027280807495
315,500.30181884765625,243.1751251220703,0.9434422254562378,444.7842712402344,369.4930725097656,0.9805213809013367,572.5724487304688,451.47442626953125,0.9579006433486938,485.79052734375,523.9537963867188,0.9782629013061523,590.5377807617188,544.1603393554688,0.9184167385101318
316,499.9374084472656,243.71070861816406,0.95208740234375,448.30548095703125,371.578369140625,0.9669896364212036,578.5054321289062,452.6418151855469,0.969469428062439,505.25274658203125,530.0064697265625,0.9729787707328796,611.4470825195312,544.6934204101562,0.9345285892486572
317,499.5037841796875,244.11944580078125,0.9482905864715576,452.820068359375,374.15057373046875,0.9662579298019409,585.3792114257812,452.1398620605469,0.9372077584266663,523.886474609375,533.3665771484375,0.9732812643051147,630.0581665039062,544.4583740234375,0.9162427186965942
318,499.38690185546875,244.78521728515625,0.9384684562683105,454.8108825683594,375.245361328125,0.956350564956665,591.0702514648438,449.9815979003906,0.9448235034942627,540.9613647460938,536.5546264648438,0.9636720418930054,649.9534301757812,545.29345703125,0.9288620352745056
319,498.8649597167969,246.2963409423828,0.940678060054779,458.6444396972656,378.5147705078125,0.9679579734802246,595.750244140625,451.2633972167969,0.9542757868766785,556.6085205078125,538.0619506835938,0.9660066366195679,663.111572265625,547.729248046875,0.9165446758270264
320,498.6333312988281,247.92584228515625,0.9339050650596619,461.2471923828125,379.7178649902344,0.9580228328704834,603.5245361328125,451.2313537597656,0.9329941272735596,570.7752075195312,539.19775390625,0.9684772491455078,677.2420654296875,547.3974609375,0.9155592918395996
321,499.69891357421875,250.2936248779297,0.9204649925231934,463.4076232910156,381.21893310546875,0.9563790559768677,607.4134521484375,449.6046142578125,0.9348713159561157,581.1463012695312,538.5487060546875,0.9808363914489746,689.7996215820312,550.0416259765625,0.9126676321029663
322,498.89154052734375,251.752685546875,0.9306081533432007,466.9872131347656,383.0979919433594,0.9370614290237427,610.3710327148438,452.4328918457031,0.9376096725463867,588.6898803710938,540.6017456054688,0.9772260189056396,692.5863037109375,553.778076171875,0.9076477289199829
323,498.7296447753906,253.47769165039062,0.9302716255187988,467.96923828125,386.0003662109375,0.9475505352020264,612.734130859375,453.3785400390625,0.9336968660354614,594.1427612304688,540.6243286132812,0.9746661186218262,699.692626953125,559.9888305664062,0.9297627210617065
324,498.93365478515625,258.0456237792969,0.9428895115852356,467.3183898925781,389.4795837402344,0.9348048567771912,613.0806884765625,454.7778625488281,0.9031946659088135,595.0245361328125,541.7386474609375,0.9735676050186157,699.5663452148438,565.2344970703125,0.9520316123962402
325,498.8701477050781,261.0398254394531,0.9447888135910034,467.506591796875,393.60504150390625,0.9563772082328796,613.8748168945312,458.19586181640625,0.9201772212982178,589.2883911132812,544.89111328125,0.9666224718093872,693.5691528320312,566.78955078125,0.9344885349273682
326,498.7706604003906,265.1231994628906,0.9401044845581055,467.61004638671875,396.9768981933594,0.9554650783538818,612.1591186523438,460.5907897949219,0.9207261204719543,583.2996215820312,544.0996704101562,0.9475761651992798,688.6969604492188,567.8193359375,0.9011996388435364
327,497.2444152832031,267.8605651855469,0.9449962377548218,463.8249206542969,398.8135070800781,0.9534987211227417,611.7638549804688,467.1861267089844,0.9453737735748291,575.9686279296875,545.9688720703125,0.9612467288970947,682.4072265625,570.328369140625,0.9143258929252625
328,493.8599548339844,269.49163818359375,0.9212870001792908,462.2342529296875,402.1297607421875,0.9733216762542725,608.9525146484375,470.0328369140625,0.9250409603118896,569.8226928710938,545.7139892578125,0.9628839492797852,675.101806640625,570.804931640625,0.9460767507553101
329,491.3059997558594,273.0077819824219,0.9292888641357422,460.6046142578125,405.20794677734375,0.9670674800872803,605.2252807617188,472.86981201171875,0.9410387277603149,564.6553344726562,544.253662109375,0.9614390134811401,668.5964965820312,571.0606079101562,0.9319387674331665
330,489.9055480957031,275.1419677734375,0.9316133260726929,457.8507080078125,406.2120361328125,0.9600800275802612,598.676513671875,474.0790100097656,0.9239188432693481,556.079345703125,545.1021728515625,0.9720046520233154,661.189453125,570.8433227539062,0.9461748600006104
331,487.74029541015625,276.7062683105469,0.9282399415969849,453.9360656738281,406.97088623046875,0.9565119743347168,595.9906005859375,476.0463562011719,0.9339313507080078,551.0601196289062,543.8903198242188,0.9608893394470215,653.9935302734375,571.20654296875,0.928118109703064
332,485.4387512207031,278.3390197753906,0.914379358291626,452.2009582519531,408.2064208984375,0.9627043008804321,593.0073852539062,480.6280212402344,0.9420433044433594,542.5328979492188,544.0528564453125,0.9613168835639954,646.6655883789062,571.7308349609375,0.9343900680541992
333,483.989013671875,279.44439697265625,0.9096940159797668,449.117431640625,408.769775390625,0.9556760191917419,589.6787719726562,480.2920227050781,0.939616322517395,537.22705078125,542.978271484375,0.9653284549713135,641.811279296875,572.2862548828125,0.9405157566070557
334,482.7073669433594,280.3279113769531,0.9142420887947083,445.5688171386719,406.600341796875,0.9693435430526733,580.2850341796875,478.7027587890625,0.9429182410240173,530.631103515625,541.54638671875,0.9709823727607727,634.0613403320312,572.4378662109375,0.9143108129501343
335,481.7618408203125,281.4419250488281,0.9361522197723389,441.7101745605469,405.88970947265625,0.974722146987915,577.946044921875,483.0721740722656,0.9598342180252075,523.524169921875,541.9119262695312,0.9699196815490723,626.8933715820312,572.197265625,0.9412605166435242
336,480.3597106933594,281.9393310546875,0.9364606142044067,439.0282897949219,405.5927429199219,0.977604866027832,574.52294921875,482.5089416503906,0.9462255239486694,516.0355224609375,540.6256103515625,0.9754443168640137,618.5673217773438,571.8851318359375,0.9259740114212036
337,477.1019287109375,281.8629150390625,0.9072942733764648,436.71343994140625,406.0400695800781,0.9785025119781494,569.5055541992188,484.07281494140625,0.9359932541847229,509.5445556640625,541.2181396484375,0.9687578678131104,611.8181762695312,571.9439697265625,0.948350727558136
338,475.74810791015625,282.2303771972656,0.9049757719039917,432.6353759765625,405.9299011230469,0.9654741287231445,563.6253051757812,485.01251220703125,0.9663712978363037,503.2962341308594,539.281005859375,0.9684950709342957,604.4385986328125,572.1756591796875,0.9281328916549683
339,473.4838562011719,282.6142272949219,0.9019581079483032,430.6510925292969,405.67730712890625,0.9688865542411804,560.5328979492188,485.127685546875,0.9521057605743408,495.4574890136719,539.8385620117188,0.9673409461975098,598.0620727539062,572.392578125,0.9429019689559937
340,470.7391662597656,283.42547607421875,0.8513815402984619,427.3753662109375,405.4006652832031,0.9754791259765625,556.8082885742188,487.38623046875,0.9399466514587402,490.7798156738281,538.87548828125,0.9634049534797668,592.87890625,572.0848388671875,0.9242942929267883
341,468.94378662109375,284.71563720703125,0.8825563788414001,423.8253173828125,405.6579895019531,0.9710366725921631,549.65869140625,485.8728332519531,0.9574892520904541,482.8018798828125,537.701904296875,0.9736284017562866,583.5748901367188,571.8477172851562,0.9124445915222168
342,466.0147399902344,285.25323486328125,0.9215397238731384,420.8603820800781,406.4849853515625,0.9778486490249634,548.2838745117188,487.7589416503906,0.9561744928359985,477.09173583984375,538.4362182617188,0.9696062803268433,578.8333740234375,571.94873046875,0.9325621128082275
343,461.4398498535156,284.578857421875,0.8990354537963867,417.5726013183594,408.4967346191406,0.964268684387207,544.634033203125,488.5337219238281,0.958398699760437,468.5083312988281,536.4924926757812,0.9678244590759277,570.9448852539062,572.4156494140625,0.9022611379623413
344,459.4609680175781,285.2852478027344,0.871394157409668,413.57232666015625,409.5178527832031,0.9469054341316223,534.9495849609375,486.9430847167969,0.9447846412658691,461.5014953613281,536.6939697265625,0.9618585109710693,563.0812377929688,571.2064208984375,0.9426509737968445
345,455.5689392089844,287.5306396484375,0.866986095905304,410.104248046875,410.185791015625,0.9746230840682983,534.281005859375,488.94580078125,0.9588837623596191,455.1131591796875,533.88623046875,0.9604080319404602,556.1273193359375,571.5883178710938,0.9086775779724121
346,452.3854675292969,288.2793884277344,0.8902727961540222,406.8523864746094,409.4603576660156,0.9789880514144897,530.650634765625,490.181396484375,0.9643034934997559,446.4413757324219,534.0624389648438,0.9737089276313782,547.239501953125,570.8154907226562,0.9471932649612427
347,449.91131591796875,289.3143005371094,0.8887835144996643,403.3666687011719,410.90411376953125,0.9830101728439331,525.3321533203125,490.54022216796875,0.9483703374862671,440.17962646484375,532.0313110351562,0.9675675630569458,539.8363647460938,570.773681640625,0.9123450517654419
348,444.6031799316406,289.3598327636719,0.8964889645576477,399.9470520019531,411.44122314453125,0.9703991413116455,521.3922729492188,490.56787109375,0.9349223971366882,432.905029296875,532.4359130859375,0.9681882858276367,533.1572265625,570.8072509765625,0.9404791593551636
349,441.3898010253906,289.8031921386719,0.8987269401550293,395.2444152832031,411.7951965332031,0.9792072772979736,517.1431274414062,491.01904296875,0.9648621082305908,426.2705078125,531.6248168945312,0.977331280708313,527.9533081054688,571.0992431640625,0.9112406969070435
350,437.70068359375,291.86614990234375,0.8885607719421387,392.3954772949219,412.0115051269531,0.9761782884597778,514.4931640625,492.205810546875,0.9598041772842407,422.0425720214844,529.7703857421875,0.9714826345443726,519.4678955078125,571.167236328125,0.903718888759613
351,435.6224365234375,292.47979736328125,0.9200962781906128,389.10382080078125,412.5084228515625,0.9828603267669678,507.9823303222656,491.6887512207031,0.9277828931808472,413.3159484863281,529.675048828125,0.9815992116928101,513.9419555664062,570.508544921875,0.929460346698761
352,431.8583679199219,293.5617370605469,0.907055139541626,384.7652587890625,413.08074951171875,0.9818328619003296,503.4197082519531,491.4114990234375,0.9511873126029968,408.4588317871094,528.0548095703125,0.9707343578338623,506.5459899902344,570.90966796875,0.9008966684341431
353,425.8809509277344,293.3043212890625,0.8938111066818237,379.8531799316406,412.56781005859375,0.9810911417007446,500.4309387207031,493.070556640625,0.9690521359443665,402.01629638671875,525.7009887695312,0.9691882133483887,499.1675720214844,570.463623046875,0.9369946718215942
354,421.69110107421875,293.59368896484375,0.8842599391937256,377.0379333496094,413.2671813964844,0.9784343242645264,497.2071228027344,493.6511535644531,0.9466822147369385,393.57598876953125,527.2420043945312,0.9645528793334961,487.758544921875,570.6768188476562,0.9062942862510681
355,418.8006286621094,293.9173278808594,0.9125802516937256,372.0038146972656,413.1641540527344,0.9829195737838745,492.2813415527344,494.74169921875,0.9413633346557617,386.8528747558594,524.2037963867188,0.9776437282562256,483.089599609375,570.3104248046875,0.9315011501312256
356,414.2972412109375,295.9996643066406,0.8869543075561523,366.5020751953125,413.403564453125,0.9770677089691162,484.87127685546875,493.7322998046875,0.9696343541145325,380.9244689941406,523.912353515625,0.9713501930236816,474.72149658203125,569.5234375,0.8895499110221863
357,407.9710693359375,294.3082580566406,0.8731154203414917,363.1180725097656,412.963134765625,0.9858468770980835,481.5015869140625,496.68218994140625,0.9517878293991089,374.04644775390625,521.9166870117188,0.9737756252288818,468.0626525878906,569.83837890625,0.9305980205535889
358,404.3691101074219,294.7077331542969,0.9044257402420044,358.7373352050781,413.12030029296875,0.9792807102203369,476.9734802246094,495.1212158203125,0.9257005453109741,367.63189697265625,522.1336669921875,0.9782618284225464,459.470458984375,568.8679809570312,0.8993921279907227
359,400.7457580566406,294.7833557128906,0.9044603109359741,354.2377014160156,412.7878112792969,0.9848871827125549,469.2798767089844,494.0036315917969,0.9690918922424316,359.32659912109375,519.5704345703125,0.9648610353469849,452.49853515625,567.7310791015625,0.9325813055038452
360,394.82275390625,294.4227600097656,0.8677974939346313,348.624755859375,412.43505859375,0.9825941324234009,465.4383850097656,497.03369140625,0.9554241895675659,355.544677734375,519.060791015625,0.9641071557998657,444.40802001953125,567.7919921875,0.9154969453811646
361,389.95306396484375,294.3528137207031,0.8639073371887207,345.3148193359375,412.0224304199219,0.9820799827575684,461.4524230957031,496.41168212890625,0.9381661415100098,347.9670104980469,519.3655395507812,0.9766429662704468,437.64471435546875,567.8681030273438,0.9266018867492676
362,387.5926818847656,294.5030822753906,0.90959632396698,340.5477294921875,411.62353515625,0.9853331446647644,452.7071838378906,494.0918273925781,0.9744061827659607,341.5363464355469,517.809326171875,0.9743956327438354,430.3202209472656,567.1813354492188,0.9027187824249268
363,384.0147399902344,294.71246337890625,0.8902907371520996,336.43341064453125,411.3687438964844,0.9822934865951538,447.93695068359375,495.1170654296875,0.961292028427124,333.4634094238281,516.9521484375,0.9830132126808167,421.6902770996094,566.9569091796875,0.9323157072067261
364,378.17413330078125,293.4752197265625,0.8843684196472168,330.8731689453125,411.2811584472656,0.985075831413269,446.0013122558594,496.9218444824219,0.942988395690918,326.6958923339844,516.1176147460938,0.9754245281219482,417.3139953613281,566.7817993164062,0.9199756979942322
365,373.5887145996094,293.8329772949219,0.88446044921875,326.85797119140625,410.66717529296875,0.9805729389190674,436.38409423828125,494.6926574707031,0.974083662033081,318.5173645019531,514.0233154296875,0.9795253872871399,404.9153137207031,565.9110107421875,0.9398183226585388
366,371.3192443847656,293.5005798339844,0.9079989194869995,322.6428527832031,409.8847961425781,0.9829193353652954,430.6778869628906,494.84295654296875,0.9339187145233154,312.4620666503906,512.13427734375,0.9620035886764526,401.12646484375,565.939697265625,0.934567928314209
367,368.46514892578125,293.0359802246094,0.8783142566680908,316.9266662597656,409.6932678222656,0.9753670692443848,424.3138732910156,493.8686218261719,0.9527338147163391,306.05145263671875,509.4054260253906,0.9634532928466797,390.1888122558594,566.5187377929688,0.9273393154144287
368,362.4762878417969,291.123046875,0.8855496048927307,312.7974853515625,408.725341796875,0.9782811999320984,419.7817077636719,494.5754089355469,0.9722423553466797,299.698974609375,510.765380859375,0.9624536633491516,386.0970458984375,566.095703125,0.9332642555236816
369,359.21307373046875,291.0741882324219,0.8844383955001831,308.9349060058594,406.297607421875,0.9855732917785645,412.3619384765625,493.9970703125,0.9380492568016052,293.1950988769531,507.3793640136719,0.9702316522598267,375.6363830566406,565.9817504882812,0.9055877923965454
370,356.2389831542969,291.26593017578125,0.9071323871612549,304.6857604980469,405.2850646972656,0.9765579700469971,407.2088623046875,492.97161865234375,0.9687660932540894,287.4900207519531,506.14971923828125,0.9753322601318359,371.34588623046875,566.0867309570312,0.9441497325897217
371,353.93603515625,291.3061828613281,0.9080860614776611,300.3343811035156,403.2674255371094,0.9834972620010376,403.6194152832031,494.5032043457031,0.9794944524765015,280.09674072265625,502.97650146484375,0.9590810537338257,363.6160888671875,566.2410278320312,0.8987923860549927
372,348.4051208496094,290.1762390136719,0.8657318353652954,295.36920166015625,402.63055419921875,0.9734262228012085,399.4436950683594,494.84429931640625,0.9544917345046997,273.5824890136719,502.8052673339844,0.9719038009643555,356.3050537109375,565.037109375,0.9404842853546143
373,345.3714294433594,288.5035400390625,0.8727139234542847,292.2431335449219,402.2813720703125,0.9798915386199951,392.5654296875,493.42254638671875,0.9534232020378113,268.5872802734375,503.4570007324219,0.980637788772583,348.42095947265625,564.6445922851562,0.9097341299057007
374,343.1647033691406,288.60858154296875,0.9143276214599609,287.02593994140625,401.7434387207031,0.9840261340141296,389.2955017089844,493.0667724609375,0.9776222705841064,262.5236511230469,500.3722839355469,0.9746415615081787,341.12744140625,563.7394409179688,0.9306507706642151
375,340.13330078125,288.7139892578125,0.910419225692749,283.0558776855469,399.8965759277344,0.9805614352226257,384.8796691894531,494.10357666015625,0.9617308378219604,255.99327087402344,497.84490966796875,0.975849986076355,332.87249755859375,563.0444946289062,0.921326756477356
376,337.4262390136719,287.1725158691406,0.8961911201477051,279.3233947753906,399.31683349609375,0.969903826713562,379.0986328125,493.5863342285156,0.9446094036102295,249.4025421142578,497.487060546875,0.9647416472434998,326.1136169433594,563.022216796875,0.9068542718887329
377,333.0220947265625,287.65399169921875,0.8642704486846924,275.40875244140625,399.2571105957031,0.9826279878616333,375.2081298828125,493.11138916015625,0.9689466953277588,243.6246337890625,494.92620849609375,0.9526945948600769,318.5016174316406,562.30810546875,0.8974802494049072
378,331.0575256347656,284.79345703125,0.8402255177497864,270.5108642578125,397.6212158203125,0.9808264374732971,370.1485900878906,493.2118225097656,0.9705004692077637,237.97061157226562,494.7609558105469,0.9751166105270386,310.7944030761719,563.5264892578125,0.8936572670936584
379,328.27374267578125,284.55963134765625,0.8439322113990784,267.2878112792969,396.1001892089844,0.9792553782463074,366.55670166015625,493.6841735839844,0.9207602739334106,228.20208740234375,489.7833557128906,0.9770084619522095,304.4688415527344,562.0838623046875,0.9020872116088867
380,324.92919921875,283.712890625,0.8803794980049133,264.1004943847656,395.85247802734375,0.98292076587677,359.8079833984375,492.26898193359375,0.9534374475479126,224.39181518554688,488.3425598144531,0.9717687368392944,295.60546875,562.4796752929688,0.8779774308204651
381,322.3002014160156,282.9351806640625,0.9477904438972473,259.6810607910156,394.29461669921875,0.9902588129043579,357.6056823730469,492.9795227050781,0.9624216556549072,218.3105926513672,488.53973388671875,0.9834206104278564,288.8437805175781,562.0667114257812,0.9090332984924316
382,319.3280334472656,281.878173828125,0.8930416107177734,254.49888610839844,391.6272888183594,0.9806028604507446,352.4229736328125,492.10906982421875,0.9199750423431396,213.5508575439453,486.3058776855469,0.9752693176269531,282.68511962890625,562.5665283203125,0.8739041090011597
383,315.58709716796875,280.6677551269531,0.8650436997413635,251.12664794921875,389.46429443359375,0.9850432872772217,346.4148864746094,490.92828369140625,0.9283202290534973,206.23289489746094,483.8704833984375,0.9911282062530518,275.1076354980469,560.2012939453125,0.9118466377258301
384,310.5296325683594,278.29559326171875,0.8489484786987305,247.1106414794922,387.7434387207031,0.9790902137756348,342.1146545410156,490.3645324707031,0.960451602935791,200.16795349121094,483.69036865234375,0.9771806597709656,268.5604553222656,561.1856689453125,0.8533985018730164
385,308.802734375,276.8525695800781,0.9168226718902588,242.9564971923828,386.5739440917969,0.9808707237243652,337.1278076171875,490.54278564453125,0.9234741926193237,197.62937927246094,482.8533630371094,0.9757596254348755,260.12518310546875,560.0570678710938,0.9038619995117188
386,306.8721923828125,275.81610107421875,0.9281534552574158,237.74856567382812,384.1174621582031,0.9843793511390686,331.3037109375,490.07611083984375,0.9032816886901855,187.9937744140625,478.49371337890625,0.9858793020248413,252.31204223632812,559.7045288085938,0.8398601412773132
387,302.81658935546875,273.8471984863281,0.8735147714614868,233.89727783203125,381.8270568847656,0.9723151922225952,328.980712890625,489.4169006347656,0.9157520532608032,180.52352905273438,475.5967102050781,0.972058892250061,244.5563201904297,557.1300048828125,0.8825007081031799
388,299.8926086425781,272.4151916503906,0.8622161149978638,230.4808349609375,381.46002197265625,0.9883079528808594,321.9891052246094,487.3118591308594,0.9364473819732666,177.39141845703125,475.0355529785156,0.9784203767776489,238.02133178710938,558.6422729492188,0.8224436044692993
389,298.26397705078125,269.16015625,0.8458436727523804,226.1295928955078,380.6429138183594,0.9846991896629333,316.40252685546875,486.07391357421875,0.9083834886550903,169.64505004882812,473.9350280761719,0.983460545539856,229.0731964111328,556.1898803710938,0.8669024705886841
390,294.96533203125,269.1798400878906,0.8828911781311035,220.79953002929688,379.17352294921875,0.9810531139373779,310.47979736328125,485.48419189453125,0.9192506074905396,163.5600128173828,471.3684387207031,0.9745081663131714,225.49070739746094,554.7401123046875,0.8527231216430664
391,293.1431579589844,268.0673522949219,0.9113065600395203,218.0851287841797,377.83172607421875,0.9802466034889221,308.48468017578125,486.53631591796875,0.9170406460762024,158.74398803710938,470.6132507324219,0.9860103130340576,219.04296875,555.0767822265625,0.8580112457275391
392,291.45147705078125,267.0443115234375,0.9299885034561157,214.30052185058594,376.4184875488281,0.9826071858406067,305.8221130371094,485.548095703125,0.9253659248352051,154.02191162109375,469.83331298828125,0.9785685539245605,209.20326232910156,553.755126953125,0.8948139548301697
393,288.9931640625,266.3246765136719,0.9215761423110962,211.27957153320312,373.4938049316406,0.9764102697372437,303.6121520996094,485.4993896484375,0.9011093378067017,149.55258178710938,469.4407043457031,0.9665961265563965,203.3182830810547,554.1957397460938,0.8444470167160034
394,285.7236328125,265.3493957519531,0.8872890472412109,207.15280151367188,372.1593322753906,0.9851828813552856,293.8782958984375,485.2964782714844,0.9307857751846313,143.07818603515625,468.61285400390625,0.9806053042411804,193.46263122558594,553.0404052734375,0.9090465307235718
395,283.6724853515625,264.5743713378906,0.8646560311317444,203.6776580810547,369.9739074707031,0.9818929433822632,292.2490234375,485.43572998046875,0.9141940474510193,136.26133728027344,465.2831115722656,0.9731619358062744,187.9019012451172,553.616943359375,0.858270525932312
396,280.7467956542969,261.5973815917969,0.8676908016204834,200.4309844970703,368.37158203125,0.9766980409622192,289.3795471191406,484.670166015625,0.9304767847061157,128.4850616455078,462.0162353515625,0.8492710590362549,177.54640197753906,551.5065307617188,0.8193086385726929
397,279.2654724121094,260.3481750488281,0.8716306686401367,198.3282470703125,368.22406005859375,0.978967547416687,285.0820007324219,483.1024169921875,0.9162871837615967,122.58087921142578,460.659423828125,0.9474023580551147,171.00869750976562,550.330078125,0.7109848856925964
398,277.2709655761719,259.81243896484375,0.8905931711196899,194.93150329589844,366.6195983886719,0.9866882562637329,277.1022033691406,481.08270263671875,0.9032933115959167,116.12156677246094,459.5710754394531,0.7653632164001465,161.88804626464844,549.490234375,0.8164638876914978
399,276.03009033203125,258.8001403808594,0.9130536317825317,190.37477111816406,365.3966064453125,0.9813330173492432,275.5536804199219,483.3612060546875,0.8841610550880432,111.50437927246094,457.2730407714844,0.6190690398216248,155.16311645507812,548.857177734375,0.6584264039993286
400,275.2676086425781,257.0812683105469,0.9059095978736877,187.99205017089844,364.4221496582031,0.9771972894668579,272.529052734375,480.1444091796875,0.8654940724372864,104.7755126953125,452.5620422363281,0.8297145366668701,148.51446533203125,548.7003173828125,0.8317379951477051
401,274.2261657714844,254.6604461669922,0.9006833434104919,186.11746215820312,363.135498046875,0.9819302558898926,272.744873046875,482.88702392578125,0.8617992997169495,101.15313720703125,450.9390869140625,0.6839174628257751,143.28456115722656,548.652587890625,0.8128506541252136
402,273.4595947265625,253.75450134277344,0.9058403372764587,183.28884887695312,361.610107421875,0.9809190034866333,264.0412902832031,478.54278564453125,0.8688210248947144,94.19456481933594,451.5868835449219,0.8519240021705627,138.54029846191406,549.2529907226562,0.6531447768211365
403,271.99908447265625,253.21678161621094,0.8763127326965332,181.45880126953125,360.3692932128906,0.9743640422821045,262.0400390625,478.0809020996094,0.9072687029838562,89.66639709472656,447.86090087890625,0.7999559640884399,128.259765625,548.0464477539062,0.7920123338699341
404,271.2874450683594,251.77420043945312,0.8728264570236206,179.54808044433594,357.78387451171875,0.9782779216766357,259.8249206542969,477.2704772949219,0.8947536945343018,82.73188781738281,445.98077392578125,0.8007432222366333,118.77920532226562,546.9342651367188,0.5373668670654297
405,269.4410705566406,250.3768310546875,0.8560743927955627,177.7218780517578,356.0340576171875,0.9715434312820435,257.91851806640625,477.0751953125,0.8972130417823792,77.09796905517578,445.17864990234375,0.3889789581298828,111.3147964477539,544.1875610351562,0.7377978563308716
406,268.832275390625,249.66441345214844,0.8907159566879272,174.55929565429688,354.07080078125,0.9814249277114868,256.70330810546875,475.9114990234375,0.8876128792762756,70.77108001708984,444.8497314453125,0.4511831998825073,103.2212905883789,544.5995483398438,0.7307324409484863
407,268.74334716796875,248.82374572753906,0.8725957870483398,172.85394287109375,351.8138732910156,0.9762474298477173,247.31536865234375,471.7439270019531,0.8563950657844543,67.63057708740234,438.0965576171875,0.7053561806678772,97.12215423583984,542.9288330078125,0.5605320334434509
408,268.4449462890625,247.89505004882812,0.8714314699172974,171.6028594970703,349.70111083984375,0.967875599861145,245.93360900878906,470.6526184082031,0.9084839820861816,61.4764289855957,438.01751708984375,0.6592463254928589,92.3456039428711,544.8726806640625,0.17714408040046692
409,267.76953125,244.84048461914062,0.8785814642906189,169.73126220703125,348.8874206542969,0.9737098813056946,244.28688049316406,469.0374450683594,0.9008601903915405,58.965545654296875,437.2190246582031,0.6302881836891174,82.53093719482422,542.0663452148438,0.0427476167678833
410,268.2149963378906,242.6857147216797,0.8852651119232178,168.6602325439453,347.35064697265625,0.9671244025230408,243.69622802734375,468.62847900390625,0.9032652974128723,55.03252410888672,436.996826171875,0.5163893699645996,54.268707275390625,444.54376220703125,0.10645389556884766
411,268.4521789550781,240.45884704589844,0.8747377395629883,168.41712951660156,345.60662841796875,0.9708921909332275,243.29396057128906,467.83477783203125,0.924740195274353,50.1928825378418,430.7403869628906,0.20392724871635437,52.7707633972168,441.55780029296875,0.03078654408454895
412,271.75933837890625,237.63778686523438,0.8759450912475586,166.49534606933594,341.52520751953125,0.9711403846740723,243.6403350830078,467.06829833984375,0.8878278136253357,47.769874572753906,432.6035461425781,0.06250610947608948,239.68344116210938,464.6714172363281,0.02478143572807312
413,272.4442138671875,236.01588439941406,0.8978655338287354,166.3101348876953,338.85150146484375,0.9702720642089844,242.44964599609375,462.77508544921875,0.8586368560791016,46.54642868041992,432.18341064453125,0.027174264192581177,238.92898559570312,462.9947814941406,0.0342768132686615
414,273.6810607910156,233.7923583984375,0.9190368056297302,165.8125,336.1427307128906,0.9616560935974121,243.20098876953125,461.1455078125,0.8573248386383057,45.95531463623047,424.8001708984375,0.041464537382125854,239.2738037109375,461.8096008300781,0.027149170637130737
415,274.1826171875,230.57315063476562,0.9210333228111267,165.33938598632812,333.8282470703125,0.9726210236549377,244.3164825439453,459.6121520996094,0.8927221298217773,47.84215545654297,422.229248046875,0.33697038888931274,240.16009521484375,460.4170837402344,0.017544984817504883
416,275.8804931640625,228.890625,0.9394420385360718,165.34329223632812,330.7164001464844,0.9718178510665894,244.88833618164062,457.6282958984375,0.8976499438285828,50.46893310546875,420.27069091796875,0.3309817314147949,51.11687088012695,428.3734436035156,0.12469953298568726
417,277.0997619628906,227.08969116210938,0.930399477481842,165.98451232910156,325.16595458984375,0.9665867686271667,244.24766540527344,453.4461669921875,0.9012845754623413,52.899627685546875,413.2782287597656,0.13778668642044067,55.01906967163086,423.4417419433594,0.04059615731239319
418,279.527587890625,224.8242950439453,0.8944275379180908,167.83782958984375,321.1080322265625,0.9653628468513489,249.15606689453125,452.29034423828125,0.8734302520751953,55.502960205078125,402.9223327636719,0.2065611183643341,249.28219604492188,456.48529052734375,0.021624982357025146
419,281.3935546875,223.665771484375,0.8760398030281067,169.0449676513672,317.6187438964844,0.9684422612190247,250.60887145996094,448.4023742675781,0.8697314262390137,60.23334884643555,391.4110107421875,0.5811040997505188,250.05328369140625,448.05230712890625,0.015857666730880737
420,284.11798095703125,221.73757934570312,0.8755796551704407,170.7682647705078,314.7470703125,0.964875340461731,250.89686584472656,443.6984558105469,0.8896163105964661,65.23699951171875,379.40216064453125,0.11107292771339417,251.5928192138672,445.31005859375,0.02407914400100708
421,288.0495910644531,221.17269897460938,0.8676231503486633,173.7271728515625,308.22137451171875,0.9647049903869629,251.53024291992188,439.97113037109375,0.8405529260635376,72.67843627929688,370.2637939453125,0.27169159054756165,252.8406982421875,447.2390441894531,0.044770240783691406
422,290.06427001953125,220.3408203125,0.8987130522727966,176.73233032226562,304.20904541015625,0.9648226499557495,257.3562927246094,437.5780334472656,0.7813765406608582,80.60272216796875,365.4141540527344,0.4786580801010132,254.4744110107422,444.396240234375,0.05229467153549194
423,292.0780029296875,218.53970336914062,0.9136122465133667,181.8752899169922,300.29620361328125,0.9653739929199219,257.90203857421875,433.98876953125,0.8845931887626648,88.3371810913086,355.45123291015625,0.5660357475280762,259.6972351074219,444.8235778808594,0.0200919508934021
424,292.66790771484375,216.60498046875,0.8626915216445923,184.80960083007812,297.64239501953125,0.9482789039611816,262.8877868652344,430.0583190917969,0.8543155789375305,96.29212951660156,356.30914306640625,0.9397057294845581,266.1307678222656,434.1680908203125,0.025943607091903687
425,293.8395080566406,214.50802612304688,0.8731834888458252,188.42486572265625,294.7309875488281,0.9490306377410889,270.30816650390625,429.5072021484375,0.9108335971832275,105.74443054199219,359.90399169921875,0.8861308097839355,168.96913146972656,428.1427001953125,0.04104575514793396
426,296.4367980957031,213.47756958007812,0.8784812092781067,192.1184844970703,294.66241455078125,0.9437254667282104,276.9981689453125,422.893310546875,0.904367208480835,117.29032897949219,368.85205078125,0.9323358535766602,117.82784271240234,377.961669921875,0.01760399341583252
427,298.8268737792969,211.42884826660156,0.8888682126998901,197.38034057617188,298.1908264160156,0.9516158699989319,286.22186279296875,423.0943298339844,0.8994996547698975,125.81624603271484,378.3095703125,0.94969642162323,209.9718780517578,445.07379150390625,0.3227160573005676
428,303.911865234375,210.7485809326172,0.8891506195068359,201.36746215820312,301.091064453125,0.9628390073776245,292.8943176269531,420.6632995605469,0.9395552277565002,138.2120819091797,391.59375,0.9540349245071411,216.62698364257812,445.64019775390625,0.17463579773902893
429,306.2354736328125,209.01412963867188,0.9212868213653564,204.9498748779297,304.2843933105469,0.958531379699707,303.6401062011719,420.9555358886719,0.9422972202301025,154.92623901367188,410.0277404785156,0.9408736824989319,154.54237365722656,414.0766906738281,0.03143024444580078
430,308.6146240234375,207.4736328125,0.9078294038772583,208.95407104492188,309.5421142578125,0.960437536239624,312.8413391113281,418.9045104980469,0.9512581825256348,169.84381103515625,423.56707763671875,0.9312644004821777,253.47694396972656,464.75555419921875,0.04222264885902405
431,310.4263610839844,206.37985229492188,0.9248820543289185,215.66139221191406,315.6851501464844,0.9658151865005493,321.6121826171875,419.9427490234375,0.9617746472358704,189.3027801513672,437.3529052734375,0.9596165418624878,297.6214904785156,496.7195739746094,0.4901730418205261
432,313.4927978515625,204.64028930664062,0.9444900155067444,221.3239288330078,317.93505859375,0.9644501209259033,331.16363525390625,420.3988037109375,0.9691545963287354,213.81436157226562,452.285888671875,0.9346296787261963,317.3822326660156,500.73150634765625,0.7924942970275879
433,314.3514404296875,204.22247314453125,0.9582785367965698,228.20184326171875,321.0321044921875,0.9534367322921753,339.2947692871094,421.87255859375,0.9773351550102234,233.45858764648438,465.3698425292969,0.9632234573364258,335.2973327636719,504.33746337890625,0.8837469220161438
434,316.53094482421875,204.06100463867188,0.9421112537384033,234.9363555908203,321.3023681640625,0.9552956223487854,349.77734375,422.5974426269531,0.9525366425514221,256.513916015625,477.1136474609375,0.9638888835906982,362.8764953613281,509.9524841308594,0.9212812185287476
435,320.1093444824219,203.59149169921875,0.9515991806983948,240.4040985107422,324.2339782714844,0.9532322287559509,357.7870178222656,424.86846923828125,0.9633041620254517,282.06988525390625,485.6153259277344,0.971870481967926,381.86962890625,515.2044677734375,0.950293779373169
436,322.239990234375,203.6036376953125,0.9346482753753662,244.73336791992188,326.17559814453125,0.9492042064666748,366.52081298828125,427.2809143066406,0.9504934549331665,302.1912536621094,493.46484375,0.9713507890701294,404.2087707519531,520.6337280273438,0.8935704231262207
437,324.1120910644531,204.136474609375,0.9511668086051941,248.87176513671875,328.4139404296875,0.9533682465553284,373.63824462890625,427.2558288574219,0.959649920463562,318.7700500488281,500.0242614746094,0.9797652959823608,426.31207275390625,525.7756958007812,0.9006460309028625
438,326.054931640625,204.58583068847656,0.933025598526001,253.11219787597656,330.0397033691406,0.9527168273925781,381.0111389160156,427.56256103515625,0.9535472393035889,337.360595703125,504.8068542480469,0.9656298756599426,443.2659912109375,528.1327514648438,0.9583187699317932
439,328.6296081542969,204.67843627929688,0.9345993399620056,257.58123779296875,330.9175109863281,0.9532569646835327,387.77752685546875,429.6718444824219,0.9636963605880737,350.55194091796875,510.02105712890625,0.9655932188034058,453.5119323730469,532.3843994140625,0.954011082649231
440,330.34649658203125,206.02630615234375,0.9257413148880005,260.59564208984375,332.20733642578125,0.9706215858459473,392.9871826171875,430.0482482910156,0.921037495136261,360.8604431152344,513.212646484375,0.9612789154052734,462.8592529296875,536.0459594726562,0.9126745462417603
441,332.4165954589844,208.86233520507812,0.9371195435523987,263.6191711425781,333.5069580078125,0.9729930758476257,400.0862731933594,434.4319152832031,0.9363638162612915,368.1920471191406,516.1384887695312,0.965682864189148,469.9755859375,539.8822631835938,0.9075534343719482
442,336.6003112792969,211.9378662109375,0.9257262945175171,266.1165771484375,334.01025390625,0.9740223288536072,402.84735107421875,436.68353271484375,0.9502115845680237,374.2605895996094,517.8672485351562,0.9672563076019287,474.15521240234375,544.5680541992188,0.9282852411270142
443,338.9425354003906,214.44195556640625,0.9479253888130188,268.18109130859375,336.68109130859375,0.9672706127166748,403.2476501464844,437.9339294433594,0.9293310046195984,375.0462951660156,520.9629516601562,0.9677729606628418,474.81658935546875,550.3429565429688,0.9374075531959534
444,340.53997802734375,217.02557373046875,0.9083577990531921,269.9219970703125,340.6689758300781,0.938799262046814,408.07672119140625,443.8573913574219,0.9348641633987427,372.1767578125,522.3032836914062,0.9756799936294556,471.7939147949219,555.314208984375,0.9141560196876526
445,344.6521301269531,220.0396728515625,0.9303278923034668,269.08917236328125,345.60009765625,0.9304652214050293,405.37255859375,446.640869140625,0.9455772042274475,365.5243835449219,524.8745727539062,0.9668166637420654,466.1322937011719,556.3992919921875,0.9473621845245361
446,345.9281921386719,223.9725341796875,0.9505841732025146,268.45819091796875,347.619384765625,0.9615578651428223,404.4105224609375,452.77032470703125,0.9242998361587524,357.8996887207031,525.1312255859375,0.9749552011489868,458.8170471191406,559.4066772460938,0.9140815734863281
447,347.47650146484375,227.33648681640625,0.9522969722747803,268.6656799316406,349.4908447265625,0.9682263135910034,402.7812805175781,457.9587097167969,0.9598780870437622,350.3309326171875,527.4999389648438,0.9622675180435181,451.311767578125,559.5780029296875,0.9308428764343262
448,349.6827392578125,230.34629821777344,0.9347521066665649,268.4388427734375,350.51458740234375,0.9699417352676392,401.9554443359375,461.8972473144531,0.9357826709747314,345.61181640625,525.9066162109375,0.964719295501709,445.14459228515625,559.3724975585938,0.9211360216140747
449,353.0710144042969,233.68238830566406,0.9370534420013428,268.007568359375,351.45928955078125,0.9591166973114014,395.45635986328125,461.234130859375,0.9438880085945129,339.2801513671875,524.18310546875,0.9731392860412598,436.7144775390625,559.6417846679688,0.9403365254402161
450,353.62054443359375,235.0634002685547,0.92857426404953,267.11993408203125,351.74176025390625,0.9580556750297546,394.4872741699219,465.53643798828125,0.9511966109275818,334.2163391113281,523.8746337890625,0.9619548320770264,430.646240234375,560.0376586914062,0.9120252728462219
451,354.7787170410156,235.8918914794922,0.9318603873252869,265.9864807128906,351.6256408691406,0.9520794153213501,388.1610107421875,463.3920593261719,0.9560843706130981,326.35980224609375,520.726806640625,0.96695876121521,422.32977294921875,559.37451171875,0.918889045715332
452,355.6896667480469,236.92556762695312,0.9234176874160767,265.5517578125,351.4161071777344,0.9533920884132385,386.6108093261719,467.67327880859375,0.9646815061569214,322.3944091796875,519.2318725585938,0.9569466710090637,417.3029479980469,560.6356201171875,0.9173401594161987
453,356.71929931640625,237.30162048339844,0.9104536771774292,263.7826843261719,350.5431823730469,0.965121865272522,383.7623596191406,467.63079833984375,0.946836531162262,314.2076110839844,517.4078979492188,0.9655187129974365,405.8754577636719,559.0812377929688,0.9194996356964111
454,357.9479675292969,237.3675537109375,0.8817298412322998,263.5245361328125,349.3962097167969,0.9753570556640625,379.7266845703125,466.5314025878906,0.9596593379974365,308.5396728515625,513.9474487304688,0.9589071273803711,401.4598388671875,559.6293334960938,0.9034513235092163
455,359.3184509277344,238.45628356933594,0.9038186073303223,262.7169189453125,348.2796630859375,0.9810284376144409,377.62078857421875,467.76788330078125,0.9654432535171509,300.1272277832031,513.0564575195312,0.9801283478736877,391.49609375,558.5277709960938,0.916069507598877
456,359.8423767089844,238.9045867919922,0.8994964361190796,261.8897705078125,347.121826171875,0.9798874855041504,372.21990966796875,467.39276123046875,0.9659806489944458,294.1158142089844,509.3331604003906,0.9668596386909485,386.8299560546875,558.4431762695312,0.9266932010650635
457,360.4971923828125,239.38784790039062,0.9117633104324341,261.09814453125,346.1705322265625,0.9803098440170288,369.8297119140625,467.4917297363281,0.9719947576522827,287.74847412109375,508.24395751953125,0.9677872061729431,379.73419189453125,556.9176025390625,0.9317630529403687
458,361.0557556152344,239.48704528808594,0.9025697708129883,260.0627746582031,344.844482421875,0.9674773216247559,367.74334716796875,468.12127685546875,0.9478774070739746,282.71868896484375,505.3194274902344,0.953494668006897,371.251953125,558.1841430664062,0.9222680330276489
459,361.30267333984375,239.77264404296875,0.8924872279167175,259.1324768066406,344.2412109375,0.945232629776001,364.87451171875,467.1202697753906,0.9495223760604858,277.1971130371094,503.7359313964844,0.9516572952270508,364.0428771972656,556.2866821289062,0.905521035194397
460,361.38446044921875,240.30706787109375,0.8962822556495667,257.1983642578125,342.2129821777344,0.9313358068466187,362.764404296875,467.0725402832031,0.9642657041549683,272.2655944824219,501.42791748046875,0.973737359046936,357.91802978515625,558.0131225585938,0.9161379337310791
461,361.50628662109375,239.98580932617188,0.8837400674819946,256.2760009765625,341.07354736328125,0.9403796195983887,360.9422912597656,468.02435302734375,0.9719905853271484,265.5368347167969,498.6749267578125,0.9736098051071167,352.4482421875,557.0862426757812,0.8877147436141968
462,361.779541015625,239.8175811767578,0.8656579256057739,255.2219696044922,339.5637512207031,0.951239287853241,356.46844482421875,467.8547668457031,0.9775053858757019,257.31707763671875,495.7393798828125,0.9552140831947327,342.37060546875,556.5936279296875,0.9130188226699829
463,361.8538818359375,239.71194458007812,0.871412456035614,254.2010040283203,338.5181884765625,0.9638177156448364,354.9361572265625,467.346435546875,0.9740961194038391,254.14967346191406,493.91766357421875,0.9733145833015442,336.7972106933594,556.79052734375,0.8798949718475342
464,361.6617736816406,239.7187042236328,0.8781943321228027,252.35304260253906,336.51007080078125,0.9707435369491577,352.4242248535156,467.2409973144531,0.9705111980438232,246.17550659179688,490.88427734375,0.9686309099197388,326.8575744628906,556.1771240234375,0.9051961898803711
465,361.46978759765625,239.54737854003906,0.8820823431015015,250.52882385253906,335.2933349609375,0.9760274887084961,350.4954528808594,466.5736999511719,0.9502532482147217,241.14439392089844,489.69244384765625,0.9795181155204773,322.07379150390625,556.1519775390625,0.9101139307022095
466,361.7758483886719,237.1660919189453,0.888051450252533,249.35218811035156,334.7575378417969,0.9738341569900513,348.2103576660156,464.5780029296875,0.951646089553833,234.71627807617188,487.4124450683594,0.979074239730835,312.4696350097656,555.0012817382812,0.8757803440093994
467,361.77081298828125,237.07907104492188,0.8688541054725647,248.43637084960938,334.4565124511719,0.9668897986412048,346.43145751953125,464.2335510253906,0.947899580001831,230.2552490234375,485.84564208984375,0.9637322425842285,306.8244323730469,555.0010986328125,0.9314634799957275
468,361.8077697753906,236.7028350830078,0.8980368375778198,246.6243133544922,334.74591064453125,0.9669501781463623,342.32574462890625,461.61138916015625,0.9503767490386963,224.61830139160156,483.6208190917969,0.9763278365135193,296.7604064941406,554.384765625,0.8707011938095093
469,362.1852111816406,235.9873809814453,0.8670352697372437,245.4931182861328,334.0329284667969,0.9678362011909485,341.6709899902344,462.1059265136719,0.9340411424636841,218.0227813720703,480.6549987792969,0.9671867489814758,292.1505126953125,554.0162353515625,0.9367507696151733
470,362.0673522949219,235.69451904296875,0.8848907947540283,244.58599853515625,333.3673095703125,0.9747704267501831,339.8251953125,461.7734069824219,0.9495891332626343,211.21597290039062,476.9872741699219,0.982825517654419,285.0174560546875,552.97998046875,0.8906471729278564
471,362.3581237792969,235.19105529785156,0.8889568448066711,243.54208374023438,332.751953125,0.9796145558357239,339.0205078125,461.5998840332031,0.9396588206291199,207.93975830078125,476.7673034667969,0.9856153726577759,277.54998779296875,553.5390625,0.9246934056282043
472,362.4246826171875,234.9166717529297,0.8895516395568848,242.6967010498047,332.2218322753906,0.9799326658248901,337.396240234375,461.49114990234375,0.9318199157714844,203.12966918945312,476.2730407714844,0.9745234847068787,272.2984313964844,553.796875,0.8994224071502686
473,362.5160827636719,234.84564208984375,0.8611906170845032,241.53890991210938,331.5636901855469,0.9662336707115173,336.8080139160156,461.8312072753906,0.9193609952926636,195.7963104248047,472.7009582519531,0.9664732217788696,260.314208984375,551.612060546875,0.9260865449905396
474,362.4007568359375,234.6026153564453,0.8643483519554138,240.93682861328125,330.9979553222656,0.9606641530990601,333.147216796875,460.1789855957031,0.9227499961853027,192.3158416748047,471.1387023925781,0.9755481481552124,256.39739990234375,553.1301879882812,0.9090988636016846
475,362.140625,234.4481964111328,0.8568898439407349,240.3983612060547,331.119873046875,0.9515553116798401,331.4335632324219,459.6409912109375,0.9206357002258301,188.58636474609375,468.2241516113281,0.9768893718719482,246.70314025878906,550.9281616210938,0.9119977951049805
476,361.9975280761719,234.089599609375,0.8602839708328247,238.4807586669922,330.4644775390625,0.9480584859848022,330.1111755371094,459.3370361328125,0.9213190078735352,182.9881591796875,465.9546203613281,0.9415375590324402,240.70945739746094,553.2451782226562,0.9034135341644287
477,361.7644958496094,233.79539489746094,0.8526190519332886,237.7078094482422,330.55889892578125,0.9522523283958435,330.3668212890625,459.5154724121094,0.9332181811332703,178.44039916992188,462.8915100097656,0.9308935403823853,234.57064819335938,551.4222412109375,0.8742399215698242
478,361.45550537109375,233.85011291503906,0.88643878698349,237.25624084472656,330.84674072265625,0.9598277807235718,326.6049499511719,458.9169006347656,0.9322232604026794,174.1929473876953,461.19171142578125,0.9559656381607056,225.59544372558594,549.9638061523438,0.9080051183700562
479,361.0370178222656,233.65188598632812,0.8955090045928955,236.69810485839844,331.1044921875,0.9570932388305664,326.5213928222656,459.3990783691406,0.9342439770698547,168.75827026367188,460.6224365234375,0.9482556581497192,219.98500061035156,550.2098999023438,0.8432832956314087
480,360.9314880371094,233.7712860107422,0.9026004076004028,236.36141967773438,331.4178771972656,0.9616947174072266,325.24078369140625,458.5460205078125,0.9479082822799683,164.13128662109375,457.98468017578125,0.8874527215957642,211.47000122070312,548.8809814453125,0.9144945740699768
481,360.7367858886719,233.96812438964844,0.892171323299408,235.97695922851562,331.5897521972656,0.9597786068916321,324.76568603515625,459.02154541015625,0.9382426738739014,159.68356323242188,454.7105712890625,0.9584437608718872,203.37335205078125,548.518310546875,0.8552858233451843
482,359.926025390625,234.48439025878906,0.8752994537353516,236.14114379882812,331.87799072265625,0.9634796380996704,323.7463684082031,458.87933349609375,0.9443638920783997,156.2419891357422,452.5521545410156,0.9496747255325317,196.9838104248047,546.64111328125,0.9225876927375793
483,359.2777099609375,234.88034057617188,0.8428757190704346,235.97793579101562,332.5006408691406,0.9659283757209778,324.087646484375,458.8798522949219,0.942272424697876,152.35784912109375,451.9588623046875,0.8953888416290283,191.03970336914062,546.7630615234375,0.8357124328613281
484,358.3135986328125,235.1063690185547,0.8721148371696472,236.4173583984375,332.792724609375,0.9683833122253418,322.4877014160156,458.86114501953125,0.9372186660766602,145.98826599121094,446.6347351074219,0.7755653858184814,181.73623657226562,545.0929565429688,0.8338717222213745
485,357.4649658203125,235.62403869628906,0.8742614984512329,236.56114196777344,333.3289489746094,0.9681181311607361,321.1563720703125,459.0019836425781,0.9294607639312744,141.4982147216797,445.81268310546875,0.8764693737030029,175.96827697753906,545.07080078125,0.8676265478134155
486,357.29510498046875,236.33480834960938,0.8862224817276001,236.9217071533203,333.4504699707031,0.9705811142921448,319.9017028808594,458.6861572265625,0.9029272198677063,137.77235412597656,444.59912109375,0.8643530607223511,170.09432983398438,545.455322265625,0.7872549295425415
487,356.88360595703125,236.80812072753906,0.8874512314796448,237.038330078125,333.935302734375,0.9702807664871216,316.489013671875,458.9842834472656,0.8636834025382996,132.31109619140625,440.05419921875,0.49742430448532104,161.9161376953125,543.3151245117188,0.8807908296585083
488,356.5254211425781,237.3268585205078,0.8996729254722595,237.2605743408203,334.0747985839844,0.9609414339065552,315.2796630859375,458.5740051269531,0.9016300439834595,127.362060546875,439.14422607421875,0.6903576850891113,155.60069274902344,544.196533203125,0.7481853365898132
489,356.5440673828125,237.82882690429688,0.8883851766586304,237.63670349121094,334.21881103515625,0.9670151472091675,315.8294372558594,459.052001953125,0.8965358138084412,123.31256103515625,437.933349609375,0.653743326663971,147.5115509033203,542.6964721679688,0.8261222839355469
490,356.56231689453125,238.4152374267578,0.8863971829414368,238.98760986328125,334.6163024902344,0.9709056615829468,314.69122314453125,458.7989196777344,0.9199186563491821,119.4727554321289,436.31768798828125,0.512200117111206,140.36862182617188,541.2846069335938,0.5728446841239929
491,357.121337890625,238.57696533203125,0.882498025894165,237.81846618652344,333.74432373046875,0.9739233255386353,315.3673400878906,459.20068359375,0.908387303352356,113.42138671875,433.4640197753906,0.502653956413269,132.41697692871094,538.8790893554688,0.7877208590507507
492,357.632568359375,238.818359375,0.877108633518219,237.66627502441406,333.8533020019531,0.9701469540596008,314.57391357421875,458.6126403808594,0.9225819706916809,110.85785675048828,434.3202819824219,0.39644113183021545,125.8477783203125,539.8947143554688,0.7191553115844727
493,358.3766784667969,239.3319549560547,0.8797755241394043,237.7135772705078,333.8666076660156,0.97175133228302,313.7467346191406,458.40478515625,0.9212049245834351,105.80868530273438,431.2570495605469,0.32229727506637573,116.70208740234375,540.00439453125,0.7737462520599365
494,359.6116027832031,240.7094268798828,0.8843360543251038,237.4685821533203,333.97882080078125,0.9688010215759277,313.67791748046875,458.6366271972656,0.9226112961769104,102.47911834716797,431.5367736816406,0.2629568576812744,111.40138244628906,540.5037841796875,0.6464458107948303
495,360.8228454589844,241.5960693359375,0.8960509300231934,237.08334350585938,333.9867248535156,0.9725788831710815,308.1993103027344,458.403076171875,0.9014170169830322,94.78611755371094,424.70111083984375,0.07287660241127014,103.84342193603516,539.0984497070312,0.706121563911438
496,361.9220886230469,242.89215087890625,0.8871844410896301,236.7179412841797,334.1943664550781,0.9702391624450684,308.12841796875,459.0542907714844,0.9040230512619019,90.91213989257812,429.85186767578125,0.06792578101158142,98.15624237060547,540.18017578125,0.6393767595291138
497,362.8343505859375,244.37673950195312,0.8757798075675964,237.02439880371094,334.456787109375,0.966558039188385,306.4349365234375,459.8208312988281,0.8599979877471924,88.164794921875,429.52874755859375,0.12225344777107239,91.9594497680664,536.6942749023438,0.6544362306594849
498,366.763427734375,246.9658660888672,0.8829156160354614,236.8201446533203,335.0896911621094,0.9678029417991638,305.5755615234375,460.2021484375,0.8070163726806641,84.40119171142578,422.96875,0.1584465205669403,83.93187713623047,537.5261840820312,0.5401017665863037
499,367.65460205078125,247.336669921875,0.9196948409080505,236.695068359375,335.7917785644531,0.9718652367591858,304.7643127441406,460.4390869140625,0.7901536822319031,77.94428253173828,429.4410095214844,0.11371681094169617,75.20201873779297,537.0164184570312,0.4323822259902954
500,368.2567138671875,246.20164489746094,0.9353810548782349,236.86668395996094,336.7353820800781,0.9729971885681152,300.73382568359375,459.5367431640625,0.8022861480712891,72.03124237060547,429.74609375,0.06022709608078003,68.51383209228516,537.1312255859375,0.5538838505744934
501,369.2030944824219,246.02166748046875,0.9447797536849976,236.67425537109375,336.820556640625,0.9703174829483032,299.6874084472656,459.24102783203125,0.8583929538726807,68.60395050048828,421.9562683105469,0.15216994285583496,68.10575866699219,429.3728332519531,0.15987440943717957
502,370.33392333984375,245.7845458984375,0.9522852897644043,236.58926391601562,337.1412048339844,0.9715025424957275,299.06500244140625,458.78564453125,0.8500961661338806,69.75982666015625,422.8985595703125,0.03924182057380676,65.62146759033203,430.0995178222656,0.2189476490020752
503,371.41607666015625,245.30526733398438,0.9585667252540588,236.32264709472656,336.74847412109375,0.9717963933944702,295.46923828125,457.3935241699219,0.8919103145599365,58.581050872802734,428.2452087402344,0.06163090467453003,58.29005432128906,430.984619140625,0.20415300130844116
504,372.3042297363281,245.46249389648438,0.9525843262672424,236.0932159423828,336.3140563964844,0.968694806098938,297.1216125488281,457.21856689453125,0.8983156681060791,57.10280990600586,429.2842102050781,0.045843690633773804,57.056846618652344,432.0500183105469,0.24046790599822998
505,373.0820617675781,244.7797393798828,0.9421436190605164,236.34605407714844,335.3067626953125,0.9694315195083618,296.872802734375,456.86370849609375,0.9011529684066772,60.15330123901367,422.5232238769531,0.10404211282730103,59.1435432434082,429.8140869140625,0.2007194459438324
506,374.2727355957031,243.81622314453125,0.9213812947273254,236.98268127441406,334.0363464355469,0.970232367515564,298.37432861328125,457.4767150878906,0.9064913988113403,63.41944122314453,417.8480529785156,0.06645286083221436,64.05284881591797,425.6385803222656,0.16286182403564453
507,376.8608093261719,241.6186065673828,0.9183650016784668,237.73318481445312,333.619873046875,0.9660303592681885,300.3211669921875,457.735595703125,0.8924685716629028,65.89116668701172,414.3887023925781,0.32128405570983887,66.44097900390625,422.4533996582031,0.3451821208000183
508,378.5744323730469,240.30267333984375,0.9126719236373901,241.62440490722656,333.02984619140625,0.9791218042373657,304.1100769042969,457.6415710449219,0.8975474834442139,67.6435775756836,413.131591796875,0.1496695578098297,65.22825622558594,421.68017578125,0.2388080358505249
509,380.65643310546875,238.5651397705078,0.9037586450576782,245.70054626464844,332.35089111328125,0.9737552404403687,306.1086120605469,457.3188171386719,0.9197218418121338,73.81422424316406,407.2450866699219,0.2110961675643921,71.37406158447266,412.2326354980469,0.30114373564720154
510,384.1077575683594,238.3168182373047,0.9142988324165344,248.01776123046875,332.0940856933594,0.9659441709518433,309.79571533203125,457.54522705078125,0.9186913371086121,78.82473754882812,404.28802490234375,0.521733283996582,77.40218353271484,408.8076477050781,0.1378708779811859
511,385.78277587890625,237.7650604248047,0.929114818572998,249.9624481201172,331.87628173828125,0.9528212547302246,314.5540466308594,458.838134765625,0.9291605949401855,82.58936309814453,396.7838134765625,0.6372738480567932,84.43716430664062,405.87646484375,0.10883259773254395
512,387.1502990722656,237.61534118652344,0.9382196068763733,251.66497802734375,331.3227844238281,0.968906044960022,316.7196044921875,458.8194274902344,0.9282824993133545,89.4002914428711,392.0257568359375,0.6428999900817871,86.26110076904297,398.58245849609375,0.07949957251548767
513,388.0543518066406,237.4146270751953,0.9249324798583984,255.9196014404297,329.9787292480469,0.9615306854248047,321.16265869140625,458.2899169921875,0.9222350120544434,96.68806457519531,383.9343566894531,0.7471878528594971,97.29278564453125,391.0448913574219,0.052368342876434326
514,389.7695617675781,237.27626037597656,0.9041163325309753,258.83563232421875,328.9812316894531,0.9706453084945679,323.9267883300781,458.0155029296875,0.9469808340072632,104.73400115966797,379.9932556152344,0.7977695465087891,101.47010040283203,385.41583251953125,0.0408843457698822
515,390.5753173828125,237.3482666015625,0.8994206786155701,261.1298522949219,325.9525146484375,0.9658156633377075,326.32061767578125,457.8348388671875,0.9341716766357422,112.26947784423828,372.833984375,0.7891958355903625,111.59774780273438,377.89715576171875,0.07967451214790344
516,391.401611328125,238.1942138671875,0.8975149393081665,264.3121032714844,323.93804931640625,0.9586157202720642,329.2599792480469,457.96575927734375,0.9217212200164795,122.48199462890625,366.4375305175781,0.7842025756835938,117.87165069580078,373.0680236816406,0.06845450401306152
517,392.41046142578125,238.0485076904297,0.9043476581573486,265.84619140625,321.07379150390625,0.9619314670562744,331.9443664550781,455.8421630859375,0.9122368693351746,129.78257751464844,364.4459533691406,0.6338342428207397,128.6939239501953,371.5880432128906,0.1310482919216156
518,394.2245178222656,236.4292755126953,0.9153868556022644,268.54010009765625,318.43499755859375,0.9699571132659912,335.945068359375,453.8254699707031,0.9065901041030884,139.58816528320312,360.84210205078125,0.9119648933410645,137.6473388671875,371.3645935058594,0.02491605281829834
519,395.4270935058594,236.14117431640625,0.9123374223709106,269.8345642089844,317.17413330078125,0.9629690647125244,338.6872253417969,452.5223388671875,0.9365007281303406,145.50828552246094,357.66302490234375,0.8958945274353027,145.36412048339844,362.12200927734375,0.03202849626541138
520,396.69683837890625,235.5305938720703,0.9297264814376831,274.5060119628906,315.6641540527344,0.969382107257843,341.3650207519531,452.323486328125,0.9356486201286316,155.30770874023438,358.06866455078125,0.9494174718856812,344.11822509765625,461.2493591308594,0.02000206708908081
521,399.72882080078125,234.91490173339844,0.9424066543579102,278.0879211425781,315.1427001953125,0.9650785326957703,347.11083984375,450.71728515625,0.937506914138794,160.59278869628906,359.49505615234375,0.9268399477005005,164.18475341796875,364.0719909667969,0.02228376269340515
522,401.90216064453125,234.27745056152344,0.9398394823074341,280.8934631347656,314.5164794921875,0.9582359790802002,353.1616516113281,450.9925842285156,0.9544356465339661,169.83949279785156,364.3743896484375,0.9203537106513977,182.38522338867188,478.33978271484375,0.021075308322906494
523,404.15325927734375,232.8213653564453,0.9346916675567627,282.92022705078125,315.1379699707031,0.9655734300613403,360.602294921875,449.9656066894531,0.9378533363342285,176.22210693359375,370.23541259765625,0.9597306251525879,201.7985382080078,482.1941833496094,0.048119306564331055
524,404.6979675292969,231.1497039794922,0.9270726442337036,286.4126281738281,315.77813720703125,0.9611842632293701,368.31390380859375,450.00048828125,0.9376814365386963,185.61741638183594,377.8694763183594,0.9320029020309448,224.6906280517578,492.2065734863281,0.020492255687713623
525,405.9114685058594,229.7589111328125,0.9213095307350159,292.37127685546875,318.0927734375,0.9731022119522095,373.4920349121094,446.9523620605469,0.9542686939239502,195.9496307373047,388.9466552734375,0.928231418132782,191.79168701171875,394.8745422363281,0.03336438536643982
526,409.1316223144531,228.67404174804688,0.9273014068603516,296.524658203125,318.9503479003906,0.9687423706054688,385.3523254394531,449.6458435058594,0.9373350143432617,204.3402557373047,398.567626953125,0.9640990495681763,203.12362670898438,407.0813293457031,0.024276673793792725
527,411.52935791015625,226.9116668701172,0.9375227689743042,300.0470886230469,321.35833740234375,0.9498154520988464,394.52764892578125,447.6483459472656,0.9401081800460815,215.66729736328125,410.97467041015625,0.9556766748428345,295.614013671875,476.9027099609375,0.24957135319709778
528,416.1371765136719,226.904052734375,0.9355438351631165,303.8575439453125,324.92138671875,0.961273729801178,401.8266906738281,446.3462829589844,0.9472609758377075,228.12135314941406,424.44171142578125,0.9262795448303223,226.82252502441406,429.40057373046875,0.027946561574935913
529,418.7274169921875,225.32992553710938,0.9400143623352051,309.87127685546875,329.1165466308594,0.9523612856864929,409.24493408203125,444.1948547363281,0.9464560747146606,241.0955352783203,436.5540771484375,0.9533853530883789,241.51702880859375,441.91046142578125,0.01762402057647705
530,421.00897216796875,223.41944885253906,0.919904887676239,314.35491943359375,331.63421630859375,0.960470974445343,418.9323425292969,444.926513671875,0.9650373458862305,256.74566650390625,449.21014404296875,0.9621888995170593,353.1846923828125,511.92315673828125,0.7746269702911377
531,423.9684753417969,220.8708038330078,0.9319844245910645,320.8052673339844,333.9942321777344,0.9725820422172546,425.69171142578125,442.10113525390625,0.9580512642860413,279.4416809082031,461.2782897949219,0.970536470413208,371.3194885253906,516.7911376953125,0.9198027849197388
532,426.32025146484375,219.86151123046875,0.9522112607955933,328.12091064453125,335.1750183105469,0.9632430076599121,435.3475646972656,442.3362731933594,0.9650406241416931,298.41961669921875,470.9540100097656,0.959402322769165,392.3693542480469,522.6464233398438,0.8668663501739502
533,431.2633972167969,219.14498901367188,0.9538086652755737,333.1064453125,335.1949462890625,0.9710337519645691,442.8638916015625,441.5533752441406,0.955532431602478,315.9471435546875,480.4157409667969,0.9499578475952148,413.8986511230469,527.5838012695312,0.9176111221313477
534,434.3380126953125,218.17977905273438,0.9402393698692322,339.88006591796875,337.0783996582031,0.9711928367614746,452.796875,440.5497741699219,0.9720131158828735,336.81158447265625,489.7775573730469,0.9650514125823975,434.098388671875,531.480712890625,0.9392991065979004
535,436.1253356933594,216.49526977539062,0.9299986362457275,345.5753173828125,336.2637634277344,0.9677624702453613,461.587890625,440.99945068359375,0.9535002708435059,355.7894287109375,496.36053466796875,0.9640142917633057,453.5481262207031,534.2293090820312,0.924595832824707
536,437.82452392578125,215.0856475830078,0.9286801218986511,350.5810241699219,336.67901611328125,0.9664368629455566,470.02252197265625,439.98101806640625,0.9722074866294861,374.9412841796875,503.0709228515625,0.9563711881637573,475.6702880859375,537.7830810546875,0.8963308334350586
537,441.8259582519531,214.0892791748047,0.9283167123794556,357.0328063964844,338.1033020019531,0.9686609506607056,480.23211669921875,440.2792053222656,0.9568870067596436,394.2456359863281,509.58074951171875,0.9780557155609131,494.5142517089844,538.6480712890625,0.8929756283760071
538,444.84918212890625,213.42185974121094,0.950398325920105,361.9371643066406,336.8210144042969,0.9693604111671448,486.2015686035156,438.4267883300781,0.964446485042572,412.3570861816406,515.0631713867188,0.9721623063087463,515.3081665039062,541.3676147460938,0.9122397899627686
539,449.4837951660156,213.6066436767578,0.944060206413269,366.7373352050781,337.5069274902344,0.9715148210525513,496.1632385253906,439.92279052734375,0.964097261428833,430.1214904785156,520.1563110351562,0.956838846206665,533.7313842773438,541.711181640625,0.9093019962310791
540,451.27850341796875,214.18959045410156,0.9538580179214478,372.3420104980469,339.9805908203125,0.95735764503479,501.43084716796875,437.6968078613281,0.9632599353790283,445.8908996582031,524.2765502929688,0.9768892526626587,550.2742309570312,542.830810546875,0.914157509803772
541,453.0601501464844,214.85882568359375,0.9523965120315552,376.716796875,340.7014465332031,0.9603100419044495,511.0621337890625,441.11114501953125,0.9576786160469055,459.7105712890625,526.55712890625,0.9779775142669678,564.042236328125,545.70361328125,0.9351330995559692
542,456.6907958984375,216.8437957763672,0.9207230806350708,381.06427001953125,342.0587463378906,0.9393280744552612,515.450927734375,440.34112548828125,0.953941285610199,472.5769348144531,527.9143676757812,0.962096095085144,577.7733154296875,547.8998413085938,0.9148486256599426
543,458.5635681152344,218.3326873779297,0.9542567729949951,385.27978515625,346.2144470214844,0.9613958597183228,521.4185791015625,442.65093994140625,0.9436036348342896,484.4424133300781,529.470947265625,0.960519552230835,588.0099487304688,550.7310180664062,0.9016034603118896
544,461.1560363769531,219.9946746826172,0.9433232545852661,387.5605773925781,348.3955078125,0.9741494059562683,524.5554809570312,444.0174865722656,0.9345753192901611,490.49102783203125,531.4037475585938,0.9649861454963684,595.2637939453125,549.9237060546875,0.9293202757835388
545,464.7179260253906,222.7423095703125,0.943038821220398,390.6344909667969,350.1060485839844,0.9711712598800659,526.2468872070312,445.2626953125,0.9304471015930176,493.40130615234375,533.6190185546875,0.961341381072998,596.8945922851562,551.9450073242188,0.9118591547012329
546,466.9422912597656,226.24127197265625,0.9607456922531128,393.4751892089844,351.29693603515625,0.9664658308029175,530.0687255859375,450.4403076171875,0.950167179107666,496.8993225097656,535.9821166992188,0.9420539140701294,598.998046875,558.8538818359375,0.9207748174667358
547,468.6949462890625,228.8594512939453,0.9577451944351196,395.3549499511719,354.24578857421875,0.9676990509033203,530.5393676757812,453.0741271972656,0.9468801617622375,495.1299133300781,538.5957641601562,0.9665829539299011,598.5386352539062,562.5570678710938,0.9571076035499573
548,469.8380126953125,231.79904174804688,0.9183298945426941,396.4159851074219,358.37200927734375,0.9517890214920044,531.0430297851562,458.2930908203125,0.9481744766235352,487.91973876953125,539.362060546875,0.9709102511405945,590.2019653320312,565.1591796875,0.9481137990951538
549,473.1400146484375,235.17710876464844,0.9541616439819336,395.64794921875,361.88134765625,0.9714635610580444,530.414794921875,464.8031311035156,0.9444246292114258,481.9513854980469,539.8386840820312,0.9737456440925598,581.6270751953125,568.17626953125,0.9343124628067017
550,474.9350891113281,237.70736694335938,0.9322271347045898,395.3528137207031,363.6856689453125,0.983354389667511,528.2369995117188,468.11004638671875,0.9463597536087036,474.59814453125,541.735107421875,0.9708806276321411,577.7202758789062,569.7639770507812,0.925460696220398
551,475.4014892578125,241.4709014892578,0.9384435415267944,394.4324645996094,364.8316650390625,0.9811513423919678,523.5370483398438,470.1772155761719,0.9477827548980713,467.7989501953125,539.8079223632812,0.9789595603942871,569.8800659179688,569.6912841796875,0.9275312423706055
552,476.5337219238281,244.15745544433594,0.9526848196983337,393.8351745605469,365.5548400878906,0.9799272418022156,518.0322265625,470.75750732421875,0.9533421397209167,462.9799499511719,539.99462890625,0.973655104637146,564.0864868164062,569.7145385742188,0.9437055587768555
553,476.54864501953125,245.34532165527344,0.9476128816604614,392.9991760253906,366.5064392089844,0.9659475088119507,517.00634765625,473.4485168457031,0.9564435482025146,455.64849853515625,537.9703369140625,0.970819354057312,555.4083862304688,570.0352783203125,0.9159576892852783
554,476.81549072265625,246.79339599609375,0.9435199499130249,392.1505432128906,367.23272705078125,0.9670617580413818,514.844970703125,474.7654113769531,0.957569420337677,451.1323547363281,536.552001953125,0.9725643396377563,549.2931518554688,569.8093872070312,0.9381067752838135
555,478.99920654296875,249.4501495361328,0.9416416883468628,391.5169982910156,367.7640380859375,0.9680802822113037,512.9131469726562,476.464111328125,0.9567970633506775,444.55133056640625,536.7031860351562,0.9667049646377563,540.385498046875,569.0208129882812,0.9175406694412231
556,478.8457336425781,250.5875244140625,0.9540015459060669,390.12054443359375,368.4022216796875,0.9707486629486084,508.7254333496094,475.63580322265625,0.9416275024414062,438.8158264160156,533.3795166015625,0.9661777019500732,534.5968017578125,570.2940673828125,0.940388023853302
557,476.4189758300781,250.907958984375,0.9480614066123962,389.3186950683594,368.7699279785156,0.9731876254081726,505.7874755859375,475.48876953125,0.9541857838630676,430.2192687988281,532.9627075195312,0.9789019823074341,529.4264526367188,570.1904296875,0.9215891361236572
558,475.9670715332031,252.18980407714844,0.9404540061950684,388.1203308105469,369.89898681640625,0.9720979928970337,502.3484191894531,475.5096130371094,0.9589856266975403,424.42962646484375,530.8785400390625,0.9568341970443726,519.6491088867188,570.7553100585938,0.9282802939414978
559,474.8358154296875,253.10452270507812,0.9336202144622803,387.0290832519531,371.01275634765625,0.9640002250671387,500.3157653808594,477.0191345214844,0.9763861298561096,419.3636779785156,528.475830078125,0.9677518606185913,514.7789916992188,570.06640625,0.9369336366653442
560,473.6919250488281,255.37994384765625,0.9111902117729187,384.80377197265625,370.7898254394531,0.9666478633880615,497.9569091796875,477.3921203613281,0.9657589197158813,410.594482421875,528.0074462890625,0.9769238233566284,503.86572265625,570.4035034179688,0.9178293943405151
561,472.97747802734375,256.3406677246094,0.9276060461997986,384.1181945800781,371.3497009277344,0.9680408239364624,496.1968688964844,480.24774169921875,0.9543205499649048,404.1700439453125,523.85888671875,0.9810231924057007,499.76043701171875,569.2946166992188,0.9375509023666382
562,471.8134460449219,257.6098937988281,0.9353538751602173,382.7976379394531,371.54241943359375,0.970749020576477,494.1731262207031,479.36328125,0.9470212459564209,397.4003601074219,523.7945556640625,0.9726001024246216,487.5837097167969,568.2906494140625,0.9140535593032837
563,469.9469909667969,258.1250915527344,0.9415628910064697,380.7928771972656,371.745361328125,0.97564697265625,491.6478576660156,480.03436279296875,0.9630322456359863,389.2388916015625,520.4846801757812,0.9655958414077759,484.2165222167969,569.602783203125,0.9301179647445679
564,469.3243408203125,259.0093994140625,0.9487742185592651,378.75006103515625,372.4691162109375,0.97483891248703,488.9804992675781,480.4793701171875,0.9644320011138916,385.0539245605469,519.5885620117188,0.9655563831329346,475.5058898925781,567.93359375,0.918021559715271
565,468.33050537109375,258.8329162597656,0.9496486186981201,377.061767578125,373.40155029296875,0.9725330471992493,485.3277282714844,481.22930908203125,0.9581737518310547,376.84063720703125,517.6146850585938,0.9568365812301636,468.6551208496094,567.927490234375,0.939648449420929
566,466.9353332519531,259.0144348144531,0.9458359479904175,374.94122314453125,374.26385498046875,0.9747365713119507,482.6000061035156,482.004638671875,0.9697979092597961,372.1589660644531,515.469482421875,0.9701128005981445,461.3857727050781,567.8628540039062,0.9196860790252686
567,464.9735107421875,258.5386962890625,0.944985568523407,373.3526306152344,374.6590881347656,0.9739577770233154,480.9988098144531,482.4089050292969,0.9730799198150635,364.4789123535156,513.9739990234375,0.9845134019851685,453.9581604003906,566.68603515625,0.9464808702468872
568,463.201171875,258.51715087890625,0.9385374188423157,371.22552490234375,375.17138671875,0.9678481817245483,479.4881591796875,482.4129638671875,0.9613909721374512,357.514892578125,509.61517333984375,0.976992130279541,446.5529479980469,566.0247802734375,0.9264935255050659
569,458.918212890625,257.619384765625,0.9208507537841797,368.87738037109375,374.6815490722656,0.960529088973999,476.8632507324219,481.1741027832031,0.9623441696166992,353.7970886230469,508.1788635253906,0.9788596630096436,438.17095947265625,565.63671875,0.9545291662216187
570,457.0923767089844,257.6572570800781,0.9215071201324463,366.66754150390625,374.36358642578125,0.9600216150283813,474.30560302734375,481.94354248046875,0.9545416831970215,347.7584533691406,505.949462890625,0.9801172018051147,433.8931579589844,566.0494384765625,0.948009729385376
571,455.0421447753906,257.4203796386719,0.8977304100990295,364.4346008300781,374.00555419921875,0.964763879776001,470.049560546875,482.97967529296875,0.9478964805603027,339.87261962890625,503.31500244140625,0.9687410593032837,423.2481689453125,565.5188598632812,0.9319471716880798
572,452.6850891113281,257.2807312011719,0.9149647951126099,361.54022216796875,374.2705078125,0.9684815406799316,468.010986328125,482.9302062988281,0.962283730506897,333.9030456542969,501.8069152832031,0.9828770160675049,417.978759765625,564.8148803710938,0.9539543390274048
573,450.3966369628906,256.0482482910156,0.891880989074707,359.6372375488281,374.4165954589844,0.9676213264465332,466.2073974609375,482.5552978515625,0.9692635536193848,328.11114501953125,499.56500244140625,0.9680868983268738,410.29510498046875,565.3887329101562,0.901002049446106
574,448.19879150390625,256.2228698730469,0.9075219631195068,358.158203125,374.6130676269531,0.9761444330215454,464.5777587890625,482.828857421875,0.9541082382202148,325.38836669921875,498.6888732910156,0.9661928415298462,402.0395812988281,563.7666625976562,0.9445277452468872
575,445.1484375,254.82373046875,0.9065238237380981,355.68023681640625,374.97113037109375,0.9739009141921997,461.4469299316406,480.8509216308594,0.9103996157646179,318.0447692871094,496.15460205078125,0.9785736203193665,395.1047058105469,564.4564819335938,0.9129338264465332
576,443.34637451171875,254.44635009765625,0.8994674682617188,353.935791015625,376.0936279296875,0.9719860553741455,459.2909851074219,481.33880615234375,0.9190327525138855,311.1355895996094,491.9564514160156,0.9654128551483154,386.20074462890625,563.115966796875,0.9384808540344238
577,439.9237060546875,256.1583557128906,0.8826445937156677,351.507568359375,374.6709289550781,0.9715762138366699,453.8452453613281,482.4405517578125,0.9219424724578857,307.3909912109375,490.37701416015625,0.9754166603088379,379.06536865234375,564.3798217773438,0.9114210605621338
578,437.8658142089844,257.04278564453125,0.8857902884483337,349.71044921875,374.6649169921875,0.9734985828399658,451.9441223144531,482.84539794921875,0.9332231879234314,303.468017578125,489.0323486328125,0.9848950505256653,372.9985656738281,563.4927978515625,0.9476943016052246
579,436.633056640625,257.2622985839844,0.9077214002609253,348.0744323730469,374.7874755859375,0.9757298231124878,450.8359069824219,482.9120788574219,0.9430914521217346,297.70379638671875,488.6901550292969,0.9735894799232483,363.33740234375,563.9976196289062,0.884181022644043
580,435.66082763671875,258.1373596191406,0.921281099319458,345.9891052246094,374.706298828125,0.9738302230834961,448.27728271484375,482.25164794921875,0.9116874933242798,293.84930419921875,485.1346435546875,0.9702677130699158,357.5201416015625,562.3969116210938,0.9316647052764893
581,434.4300842285156,258.1943664550781,0.9260628819465637,345.148193359375,374.17816162109375,0.9733731746673584,443.5492858886719,480.7900695800781,0.9168068170547485,288.94024658203125,484.2677001953125,0.9798468351364136,349.7384338378906,561.6759033203125,0.9171866774559021
582,432.8423767089844,258.1294250488281,0.9242846965789795,342.8738708496094,373.2584228515625,0.9784835577011108,438.39971923828125,482.04754638671875,0.9181985855102539,283.39935302734375,481.29669189453125,0.9847267866134644,342.70867919921875,561.4366455078125,0.9045594930648804
583,429.1173095703125,258.2442626953125,0.894414484500885,341.5749206542969,372.773681640625,0.9852402210235596,437.6435852050781,482.89349365234375,0.9264097213745117,277.6253662109375,475.575927734375,0.9681949615478516,337.1781311035156,561.1253051757812,0.9223078489303589
584,427.4718017578125,258.4213562011719,0.8873337507247925,340.69317626953125,372.4815368652344,0.9857636094093323,435.4513854980469,483.3222961425781,0.9342718720436096,273.04730224609375,475.1869201660156,0.9770370721817017,330.149169921875,560.8092651367188,0.9026303291320801
585,426.6657409667969,258.676513671875,0.883150577545166,339.44366455078125,371.42047119140625,0.9850440621376038,434.7626953125,483.0085754394531,0.9298639893531799,269.60198974609375,473.0381774902344,0.9840022921562195,322.77471923828125,559.5354614257812,0.9265486001968384
586,425.6526794433594,258.9510498046875,0.8915538787841797,338.2553405761719,370.7937927246094,0.9820712208747864,432.5422668457031,482.13507080078125,0.9225365519523621,265.51116943359375,470.7178955078125,0.9646918773651123,315.74456787109375,559.344970703125,0.8894504308700562
587,424.98345947265625,259.1737060546875,0.8792019486427307,335.5334777832031,369.8061828613281,0.9822260737419128,429.42108154296875,480.2717590332031,0.916864812374115,262.719970703125,467.8576354980469,0.9501792192459106,307.9023742675781,559.2241821289062,0.9213658571243286
588,424.9064025878906,258.8246154785156,0.8789018988609314,333.995361328125,368.3137512207031,0.9822590351104736,423.0231018066406,477.98638916015625,0.9267936944961548,256.2963562011719,467.61077880859375,0.956299901008606,300.9511413574219,558.3880004882812,0.8375439643859863
589,424.7374572753906,258.99713134765625,0.8900574445724487,332.62017822265625,366.501953125,0.9801579713821411,422.2314147949219,478.7159729003906,0.9042181372642517,251.648193359375,464.4052429199219,0.9540387392044067,294.4691467285156,557.0428466796875,0.9219475984573364
590,424.45245361328125,258.5447692871094,0.8989977836608887,331.127197265625,365.2600402832031,0.9767751693725586,419.94976806640625,477.9322509765625,0.9203395843505859,245.36415100097656,460.8976135253906,0.862542986869812,288.5747985839844,556.52392578125,0.8844794034957886
591,423.9752502441406,258.3641662597656,0.8842931389808655,329.7798767089844,364.6279602050781,0.9809012413024902,419.4803161621094,478.3463134765625,0.9105744361877441,239.37591552734375,460.93505859375,0.8252299427986145,279.5209655761719,556.5025024414062,0.8502906560897827
592,422.1227722167969,259.2327880859375,0.8867905139923096,328.24517822265625,363.609375,0.9854936599731445,418.3517761230469,478.2290954589844,0.9285441637039185,234.59396362304688,458.8450622558594,0.9314525127410889,272.8683776855469,555.0116577148438,0.8971571326255798
593,421.8155822753906,258.8846130371094,0.9104132652282715,326.9310302734375,363.31292724609375,0.9855867624282837,415.7634582519531,481.7817077636719,0.8686919212341309,229.18112182617188,456.97723388671875,0.8929312229156494,266.4830322265625,553.9653930664062,0.8985529541969299
594,421.2417297363281,258.1332092285156,0.9258356094360352,326.0482482910156,362.78570556640625,0.986761748790741,411.31744384765625,477.4991455078125,0.9091620445251465,222.84371948242188,455.3778381347656,0.9439148306846619,258.0487365722656,554.5964965820312,0.9347244501113892
595,421.0153503417969,258.1195983886719,0.9147111177444458,325.18743896484375,362.43377685546875,0.9884029030799866,406.9150390625,476.9395751953125,0.9203323125839233,219.70245361328125,454.5982666015625,0.959364652633667,251.16232299804688,554.0844116210938,0.8954955339431763
596,420.7644958496094,257.1582946777344,0.923809826374054,323.90625,362.24542236328125,0.9881073236465454,404.4222412109375,476.4755554199219,0.9323331117630005,214.9177703857422,450.78594970703125,0.8572967052459717,243.36708068847656,554.4146728515625,0.9323797225952148
597,420.6583557128906,257.0265197753906,0.9182019829750061,323.48260498046875,361.6956481933594,0.9856665134429932,404.5386047363281,477.76385498046875,0.9158139228820801,208.69049072265625,449.1058349609375,0.9353548884391785,237.12486267089844,554.1657104492188,0.8712954521179199
598,420.6708068847656,255.9821014404297,0.919979453086853,322.89080810546875,361.3783264160156,0.9840072393417358,403.7471618652344,476.79083251953125,0.9388937950134277,206.10989379882812,447.7825622558594,0.9416140913963318,229.4764862060547,553.3938598632812,0.9004197120666504
599,420.56878662109375,254.3002471923828,0.912451982498169,322.1602783203125,360.3761291503906,0.9725738763809204,402.6771545410156,476.35870361328125,0.9265903234481812,201.59889221191406,447.0274963378906,0.9024447798728943,224.6616973876953,553.1469116210938,0.8818343281745911
600,420.8394775390625,253.5977325439453,0.9166058301925659,321.7576599121094,357.9304504394531,0.9749248027801514,400.2242431640625,475.8077697753906,0.9134739637374878,197.8997344970703,444.0599670410156,0.9064746499061584,214.6273651123047,549.7760620117188,0.861624538898468
601,420.81304931640625,253.2259979248047,0.9311684370040894,320.6823425292969,356.549072265625,0.9779868125915527,399.2021789550781,475.292236328125,0.8996846675872803,192.82635498046875,442.5471496582031,0.9177387952804565,210.95518493652344,552.1328125,0.9112648963928223
602,421.65478515625,252.0957794189453,0.9122865200042725,320.1800537109375,355.3885192871094,0.9826288223266602,394.7168884277344,473.8724365234375,0.9318082332611084,188.81544494628906,443.2988586425781,0.8782236576080322,202.84962463378906,550.2763671875,0.750941276550293
603,422.6499938964844,250.9839324951172,0.8794004917144775,318.9269104003906,353.3304138183594,0.9848488569259644,393.52569580078125,472.9996337890625,0.9259544610977173,184.9119415283203,441.8971252441406,0.8911581039428711,195.7903289794922,547.7498779296875,0.9230238199234009
604,423.75103759765625,249.64959716796875,0.8776006698608398,318.6150817871094,352.0643005371094,0.983138382434845,388.8811950683594,470.2333068847656,0.9148194789886475,181.67742919921875,437.42291259765625,0.8075201511383057,191.67164611816406,548.4075927734375,0.8286937475204468
605,424.7735595703125,249.25503540039062,0.8698319792747498,317.6981506347656,350.3346862792969,0.9783934354782104,388.32916259765625,469.4926452636719,0.9383419156074524,179.07557678222656,436.10919189453125,0.8900129199028015,183.19967651367188,546.0074462890625,0.8780577182769775
606,425.4827575683594,248.42892456054688,0.8988721370697021,316.54083251953125,348.6240539550781,0.9777575731277466,387.87237548828125,468.22174072265625,0.9372220039367676,175.65277099609375,435.6974792480469,0.8140763640403748,178.31060791015625,545.4456176757812,0.9016474485397339
607,425.9132080078125,247.3071746826172,0.9007046222686768,316.22796630859375,347.0855407714844,0.9698410630226135,387.8553466796875,466.4580078125,0.9244922399520874,173.72885131835938,432.49713134765625,0.7892934083938599,171.04153442382812,544.0508422851562,0.898522138595581
608,426.4814147949219,244.45855712890625,0.9263941049575806,316.518798828125,342.8682556152344,0.9742592573165894,387.6490478515625,462.1800231933594,0.9069374799728394,172.30972290039062,429.86126708984375,0.8388411998748779,164.71632385253906,541.2012939453125,0.9341184496879578
609,427.4878234863281,243.17726135253906,0.9159265756607056,316.82171630859375,339.7803039550781,0.9761587977409363,387.44024658203125,460.4963684082031,0.913589358329773,171.4681396484375,427.2095031738281,0.7987250089645386,159.50460815429688,538.3836059570312,0.8712992072105408
610,428.37890625,242.28436279296875,0.9209145307540894,316.828369140625,337.95343017578125,0.9796335697174072,388.9444580078125,459.794921875,0.9178462028503418,172.21519470214844,422.3179626464844,0.8416659832000732,153.00033569335938,536.4124755859375,0.7968491315841675
611,429.3982849121094,241.45968627929688,0.9139105081558228,317.3547668457031,336.5838928222656,0.9805399775505066,389.7398681640625,459.6022644042969,0.9002923965454102,173.1009979248047,414.55078125,0.8156929016113281,151.0695037841797,528.8009033203125,0.9131958484649658
612,430.2640686035156,241.0687255859375,0.9093242883682251,318.2595520019531,335.1931457519531,0.9789406061172485,390.1844482421875,459.0195007324219,0.8915510177612305,174.75439453125,407.9433898925781,0.7792038321495056,150.37852478027344,523.8633422851562,0.7902035117149353
613,431.2535400390625,240.32579040527344,0.9187940359115601,320.3788757324219,333.83135986328125,0.9762986898422241,393.1003112792969,459.24127197265625,0.8771541118621826,178.26449584960938,399.6579895019531,0.8035662174224854,151.0364532470703,517.3347778320312,0.8393161296844482
614,433.0749816894531,238.7119140625,0.9254209995269775,321.315673828125,331.6900329589844,0.9783971309661865,394.8334655761719,458.52239990234375,0.8881874084472656,182.57943725585938,393.9894714355469,0.8803595900535583,153.9181365966797,510.6633605957031,0.5097540020942688
615,433.86614990234375,238.37429809570312,0.9330860376358032,322.59259033203125,329.3359680175781,0.9667161703109741,396.4861755371094,457.53900146484375,0.8803876638412476,190.2275390625,386.18359375,0.9187444448471069,159.4731903076172,504.8719177246094,0.11942031979560852
616,434.0155944824219,237.53599548339844,0.9506564140319824,324.3500671386719,325.5962829589844,0.9771817922592163,397.29925537109375,453.8713073730469,0.8494325280189514,196.4575653076172,378.55426025390625,0.9264026880264282,165.88241577148438,499.7734069824219,0.29755255579948425
617,434.148193359375,237.39593505859375,0.9480761885643005,325.5757141113281,321.1980895996094,0.9742950797080994,401.042724609375,452.9146728515625,0.8849294185638428,204.48707580566406,374.2999267578125,0.9330377578735352,178.33677673339844,495.8549499511719,0.33603519201278687
618,434.4676818847656,236.99700927734375,0.9532912969589233,327.5184326171875,319.1191711425781,0.9703708291053772,402.9657897949219,452.8947448730469,0.9168130159378052,212.45787048339844,370.3494873046875,0.9258766174316406,399.56744384765625,449.3468017578125,0.020420610904693604
619,434.76385498046875,236.7206573486328,0.9444609880447388,328.3959045410156,316.9881591796875,0.9674568176269531,404.6632080078125,452.2438659667969,0.933390200138092,218.74432373046875,370.68988037109375,0.9476197957992554,400.408203125,448.6321716308594,0.017428547143936157
620,434.8948059082031,236.08041381835938,0.9459571838378906,330.2295837402344,316.28485107421875,0.9707983136177063,409.9260559082031,451.14990234375,0.9039971828460693,224.6114959716797,372.7921447753906,0.9455728530883789,410.3249816894531,448.8608093261719,0.01785978674888611
621,434.7005920410156,235.5546875,0.9443961381912231,331.19158935546875,316.7229919433594,0.9706809520721436,416.2767028808594,451.35064697265625,0.9210470914840698,233.8062286376953,378.2165222167969,0.8982735872268677,255.4318084716797,494.7949523925781,0.3176119327545166
622,434.9395446777344,235.0816650390625,0.9457907676696777,333.19677734375,317.9824523925781,0.9702098965644836,419.6873779296875,449.9981384277344,0.9062255024909973,239.09718322753906,385.9783630371094,0.961042046546936,279.92816162109375,496.2187194824219,0.2319256067276001
623,434.9200744628906,234.3455047607422,0.9502739906311035,334.8753967285156,321.9024353027344,0.9755362272262573,427.82373046875,448.0414123535156,0.9209872484207153,248.39962768554688,395.0292053222656,0.9617455005645752,303.1748962402344,502.2048645019531,0.19551050662994385
624,435.5455627441406,233.641845703125,0.9426883459091187,338.4886779785156,326.57708740234375,0.9595092535018921,433.3811950683594,446.814208984375,0.9272467494010925,256.4676818847656,410.9188537597656,0.9521180987358093,322.22369384765625,507.1192932128906,0.25380727648735046
625,435.9526062011719,233.0697021484375,0.9317787885665894,342.55596923828125,332.3767395019531,0.9745424389839172,442.4040832519531,448.4198913574219,0.9234786033630371,266.4786376953125,423.2245178222656,0.9273355603218079,334.20623779296875,467.12847900390625,0.11770188808441162
626,436.4707946777344,232.74981689453125,0.9275245666503906,345.316650390625,336.38836669921875,0.9609420299530029,448.91986083984375,449.7314453125,0.9364928007125854,279.9407958984375,437.8442687988281,0.9578309655189514,367.82330322265625,522.0643920898438,0.034301310777664185
627,435.9195556640625,231.97683715820312,0.9118802547454834,349.4281921386719,341.78857421875,0.9691429138183594,457.6371154785156,447.9188537597656,0.9499174356460571,294.965087890625,454.1810302734375,0.9625579118728638,385.6368408203125,524.8126220703125,0.6643418073654175
628,436.3818054199219,231.76025390625,0.9229462742805481,354.7159729003906,348.3127746582031,0.9852927923202515,465.0537414550781,450.373046875,0.9500283598899841,312.6468200683594,469.1244812011719,0.9527443647384644,406.8249206542969,526.649169921875,0.7692584991455078
629,436.66680908203125,231.71900939941406,0.9164902567863464,360.390625,352.12841796875,0.9650169014930725,472.8108825683594,449.7730407714844,0.9542074203491211,330.7134704589844,483.57281494140625,0.9778537154197693,431.37841796875,528.4861450195312,0.8809232711791992
630,437.206298828125,231.81832885742188,0.8919734954833984,366.0858154296875,355.4239501953125,0.9727984070777893,480.9267272949219,451.1541442871094,0.9709049463272095,354.6847229003906,495.18231201171875,0.9586015939712524,454.59478759765625,533.8782958984375,0.9365172386169434
631,439.2231140136719,233.05955505371094,0.8934483528137207,372.26226806640625,361.3816223144531,0.9777814149856567,489.79638671875,451.9881286621094,0.961172342300415,378.7827453613281,507.2016906738281,0.9708310961723328,477.2958068847656,538.6131591796875,0.9153082370758057
632,440.46258544921875,233.3639678955078,0.9075298309326172,377.6309814453125,364.13958740234375,0.982994556427002,498.0609436035156,453.01519775390625,0.9715671539306641,399.12640380859375,515.3538208007812,0.9751547574996948,500.845703125,540.92822265625,0.9195255041122437
633,441.7092590332031,234.27308654785156,0.923234224319458,381.942626953125,366.0207214355469,0.9703176021575928,506.8608093261719,454.0010986328125,0.960486650466919,424.3438415527344,523.430908203125,0.9675072431564331,526.2554321289062,544.5425415039062,0.9367848038673401
634,442.374755859375,234.9361572265625,0.9306849241256714,388.0707702636719,367.92193603515625,0.9690847396850586,515.4158325195312,455.00347900390625,0.9648483991622925,445.62213134765625,530.11962890625,0.981478214263916,546.2652587890625,546.439208984375,0.946367084980011
635,442.28533935546875,235.80197143554688,0.940517783164978,393.3492736816406,368.3396911621094,0.9732414484024048,523.718994140625,456.9775085449219,0.9518142938613892,468.7884826660156,532.76953125,0.9654192924499512,565.6378784179688,548.8447875976562,0.9342221021652222
636,443.2076721191406,236.5703582763672,0.9330171942710876,397.143798828125,369.576171875,0.9787328243255615,530.8026123046875,454.7754821777344,0.956486701965332,484.34808349609375,536.4983520507812,0.9762129783630371,586.4756469726562,551.6849975585938,0.8874613046646118
637,444.30218505859375,237.46302795410156,0.906757116317749,400.11541748046875,371.18951416015625,0.9692959785461426,538.1008911132812,457.0609436035156,0.9283692836761475,499.89300537109375,538.1878051757812,0.9821915626525879,602.9375,552.1405029296875,0.8664853572845459
638,445.14501953125,239.61465454101562,0.9113746881484985,404.1325988769531,373.7480163574219,0.9674385190010071,545.281494140625,456.7209777832031,0.9365088939666748,513.6295166015625,539.3424072265625,0.9782974123954773,613.8359375,552.3472290039062,0.851404070854187
639,446.2698059082031,240.60238647460938,0.9180550575256348,406.7749938964844,374.5448913574219,0.9634270071983337,547.3759765625,454.47650146484375,0.9356206655502319,522.9412231445312,541.7012939453125,0.9688123464584351,626.483642578125,555.7920532226562,0.9093621969223022
640,449.8649597167969,241.2686004638672,0.9234559535980225,410.10333251953125,377.4666442871094,0.962648332118988,549.9434814453125,454.8645324707031,0.9233222603797913,530.2276611328125,541.6362915039062,0.9688825607299805,634.2429809570312,559.68798828125,0.9087119102478027
641,452.05828857421875,242.8761444091797,0.9471899271011353,412.4655456542969,378.7096252441406,0.9627732038497925,555.4796752929688,457.7962951660156,0.9292078018188477,534.6639404296875,542.8712768554688,0.9611169099807739,636.5135498046875,566.982666015625,0.9120347499847412
642,452.93011474609375,244.30734252929688,0.9464880228042603,413.55328369140625,379.5161437988281,0.9661214351654053,557.9385375976562,459.482666015625,0.9420076608657837,538.1873779296875,545.7662963867188,0.9633474946022034,641.28759765625,572.8928833007812,0.894672691822052
643,454.36932373046875,245.76812744140625,0.9351629018783569,413.9450378417969,381.6318664550781,0.9646086096763611,558.9354858398438,460.713134765625,0.9375323057174683,537.72509765625,547.45947265625,0.9636160135269165,640.3644409179688,577.3084106445312,0.9001553058624268
644,456.998291015625,248.02096557617188,0.9231487512588501,414.6846618652344,383.0561218261719,0.9677606821060181,559.8866577148438,465.43951416015625,0.934841513633728,533.5443725585938,548.3114624023438,0.9593613147735596,634.0171508789062,579.4354248046875,0.9222488403320312
645,459.2499084472656,250.45933532714844,0.9376870393753052,414.4315185546875,385.1923828125,0.9772529602050781,559.6498413085938,469.2081604003906,0.9192615151405334,525.5022583007812,550.790283203125,0.9490724802017212,626.1762084960938,579.3271484375,0.9392836093902588
646,460.0440673828125,253.26502990722656,0.9423058032989502,414.9040832519531,388.9646911621094,0.9670852422714233,559.9979248046875,474.34625244140625,0.9077458381652832,518.5980834960938,551.5767211914062,0.9499181509017944,618.1444091796875,581.54541015625,0.9307628870010376
647,458.9704895019531,257.27386474609375,0.9582021832466125,413.5680236816406,393.7309875488281,0.93387371301651,555.6798095703125,476.19305419921875,0.9377188682556152,513.125732421875,551.57763671875,0.9361552000045776,610.9088745117188,580.6259765625,0.9461522102355957
648,458.7308044433594,260.8592529296875,0.9534105062484741,412.0202941894531,394.8634033203125,0.9747575521469116,554.9346313476562,480.4503173828125,0.9323659539222717,505.1390686035156,550.346435546875,0.940775990486145,603.0053100585938,581.8667602539062,0.9357151389122009
649,458.37896728515625,262.8495788574219,0.9461183547973633,410.059814453125,395.8417663574219,0.9752118587493896,548.6619873046875,482.42498779296875,0.9402645826339722,495.9903564453125,549.8843994140625,0.9531186819076538,595.0806884765625,581.4215698242188,0.9583113193511963
650,458.62799072265625,264.74725341796875,0.9455516934394836,407.7493591308594,396.57281494140625,0.9703836441040039,545.621826171875,483.9118957519531,0.9587004780769348,489.7812194824219,549.6397705078125,0.9628498554229736,587.5330200195312,581.9092407226562,0.9423618316650391
651,458.02044677734375,265.50439453125,0.9461873769760132,406.6337890625,396.796142578125,0.9710325598716736,542.1674194335938,484.35308837890625,0.9470280408859253,484.5404968261719,547.5531005859375,0.9639638662338257,580.2653198242188,581.907958984375,0.948743462562561
652,457.85498046875,266.2149353027344,0.9419595003128052,404.3899230957031,396.3350830078125,0.9766277074813843,537.4166870117188,485.451171875,0.9318714141845703,475.4567565917969,547.900634765625,0.9802829027175903,573.8055419921875,581.8462524414062,0.9357898235321045
653,456.9769287109375,266.7791442871094,0.932792067527771,402.347412109375,396.01324462890625,0.976544976234436,531.3870239257812,485.56103515625,0.9596193432807922,471.0332336425781,545.463623046875,0.9707816243171692,565.971435546875,582.120361328125,0.9435105323791504
654,455.94207763671875,267.3290100097656,0.9184560179710388,401.0144348144531,395.506103515625,0.967711865901947,529.537353515625,488.14007568359375,0.9557515382766724,462.6607360839844,546.2982177734375,0.978950560092926,561.5455322265625,581.7471313476562,0.9384442567825317
655,454.9886779785156,267.7839660644531,0.9147146344184875,397.9683837890625,394.9898986816406,0.9632059335708618,523.3554077148438,486.0389404296875,0.9435920119285583,456.9093322753906,544.7731323242188,0.9702793955802917,551.41796875,581.966064453125,0.9305367469787598
656,453.92730712890625,268.2563781738281,0.9235898852348328,395.9786376953125,394.0018615722656,0.9727424383163452,518.1023559570312,486.8370666503906,0.9502647519111633,452.2327880859375,542.1219482421875,0.9745094776153564,546.7750244140625,582.0928955078125,0.9428974986076355
657,453.1771545410156,268.5129699707031,0.9231315851211548,393.9223937988281,394.0097351074219,0.9752001166343689,515.8218994140625,488.6829528808594,0.9650022387504578,442.9829406738281,542.9423828125,0.9752865433692932,538.4828491210938,582.1029052734375,0.9299120306968689
658,451.7456970214844,268.9784851074219,0.9329962730407715,392.3766174316406,393.8871765136719,0.973480224609375,513.0526123046875,490.3412170410156,0.9640036821365356,436.80621337890625,539.079345703125,0.9809735417366028,530.5029907226562,582.021484375,0.9473209381103516
659,450.3748474121094,269.28277587890625,0.9299531579017639,389.2695007324219,393.1897888183594,0.9798115491867065,507.5768737792969,490.1520690917969,0.9511997699737549,430.16827392578125,539.3350219726562,0.9751995205879211,522.8908081054688,581.5527954101562,0.927548885345459
660,448.7227783203125,269.7039489746094,0.9299362301826477,386.486328125,393.3120422363281,0.9802889227867126,502.9989929199219,489.7814025878906,0.9590910077095032,422.50482177734375,537.3364868164062,0.9704025387763977,515.024169921875,581.6118774414062,0.9486663341522217
661,446.9026184082031,269.9291687011719,0.9027170538902283,383.80914306640625,393.4659423828125,0.9588519334793091,499.29278564453125,490.6153259277344,0.9756868481636047,415.5460510253906,537.1846313476562,0.9700112342834473,508.49603271484375,581.2105102539062,0.9267227649688721
662,443.88494873046875,269.1372375488281,0.8857406377792358,379.4311828613281,393.4770202636719,0.9698613882064819,496.4773254394531,492.14703369140625,0.9598621129989624,409.6707763671875,535.4971313476562,0.9525314569473267,501.0082092285156,580.51220703125,0.9509392976760864
663,441.09710693359375,268.9486389160156,0.9183250665664673,376.63385009765625,393.30743408203125,0.9765740633010864,490.7314758300781,490.7597351074219,0.9576247334480286,402.8729248046875,535.218505859375,0.9614182710647583,496.4073181152344,580.174560546875,0.9179579019546509
664,437.47869873046875,270.2441711425781,0.9312950968742371,372.4441223144531,393.10797119140625,0.9780289530754089,486.2972106933594,490.5312194824219,0.9641286134719849,395.5602722167969,533.8903198242188,0.9721459746360779,486.37939453125,579.9163818359375,0.9440012574195862
665,435.00531005859375,271.05517578125,0.938313364982605,369.2569885253906,393.6827697753906,0.9687675833702087,483.1211242675781,490.912841796875,0.9758704304695129,388.12042236328125,530.8638916015625,0.9680119752883911,481.0871276855469,580.4783325195312,0.9263578653335571
666,432.0320739746094,271.6756286621094,0.9099124670028687,363.64666748046875,393.9902038574219,0.9734123945236206,480.2125549316406,492.3949890136719,0.9647845029830933,381.0431213378906,531.2891235351562,0.9824352860450745,470.889404296875,580.11962890625,0.9298639297485352
667,427.1023254394531,271.7961120605469,0.8920440673828125,360.4122009277344,393.5049133300781,0.9761673808097839,474.4613037109375,490.92767333984375,0.9573812484741211,375.6074523925781,528.6070556640625,0.9698158502578735,466.1719055175781,580.4216918945312,0.9415689706802368
668,424.52801513671875,272.2038269042969,0.9016333818435669,356.5074157714844,393.5328369140625,0.9816530346870422,469.81439208984375,491.068603515625,0.9675449132919312,367.5080261230469,528.1728515625,0.970798134803772,458.2138366699219,580.2991333007812,0.9000267386436462
669,421.36865234375,272.86444091796875,0.8951253890991211,352.90008544921875,393.3496398925781,0.9653658866882324,467.235107421875,491.7564392089844,0.9715412259101868,361.82177734375,527.1882934570312,0.9790173768997192,450.8360290527344,579.113525390625,0.9484927654266357
670,418.76129150390625,273.4410400390625,0.9215219020843506,347.6497497558594,393.98223876953125,0.9660925269126892,464.275634765625,492.5869445800781,0.9539721012115479,354.4814147949219,523.61865234375,0.9766131639480591,443.9460144042969,579.2803344726562,0.9174715280532837
671,413.5584716796875,273.218994140625,0.905327320098877,344.6926574707031,393.8714294433594,0.9770815372467041,458.1249694824219,491.5329895019531,0.9585993885993958,349.3882751464844,524.1482543945312,0.9789690375328064,436.3504638671875,579.1239624023438,0.9461104273796082
672,410.53125,273.3333740234375,0.9293543100357056,340.7740173339844,393.8792419433594,0.9780164957046509,453.9044494628906,492.07501220703125,0.9608732461929321,340.37628173828125,521.2422485351562,0.9774380326271057,428.2859802246094,578.8790283203125,0.9114718437194824
673,407.36480712890625,273.7590637207031,0.9231048226356506,337.2381591796875,393.2534484863281,0.9673448204994202,449.4447326660156,493.07623291015625,0.9629725217819214,334.082275390625,521.226318359375,0.9796621799468994,419.8265075683594,578.0830078125,0.9432194828987122
674,404.509521484375,273.9670104980469,0.9224199652671814,332.1776123046875,393.77587890625,0.9703923463821411,443.7320251464844,492.8316345214844,0.9328234195709229,327.02008056640625,518.0846557617188,0.9665627479553223,413.1927185058594,578.9461669921875,0.9214416742324829
675,400.8810119628906,273.7344665527344,0.9103410243988037,328.86517333984375,393.4759826660156,0.9755738973617554,439.19415283203125,492.04510498046875,0.9603654742240906,321.2638244628906,518.2815551757812,0.9631038904190063,405.63043212890625,578.728759765625,0.934514045715332
676,394.9523010253906,272.7575378417969,0.9151709079742432,324.602783203125,392.52593994140625,0.975037693977356,435.2369384765625,493.4798583984375,0.9655590057373047,314.1064453125,517.4403076171875,0.9692445397377014,400.4269714355469,578.6812744140625,0.9077072143554688
677,391.53887939453125,272.1734924316406,0.9121748208999634,321.3778076171875,392.7835998535156,0.9641588926315308,431.0854187011719,493.1080627441406,0.9394574761390686,308.55462646484375,514.8336791992188,0.9714354276657104,389.6947326660156,577.7698974609375,0.9250414371490479
678,387.9286193847656,273.250732421875,0.9046306610107422,315.9461364746094,390.5634765625,0.9731886386871338,423.93048095703125,491.9501953125,0.9475281238555908,302.3870544433594,515.3767700195312,0.9809862375259399,381.68939208984375,577.8184814453125,0.8929644227027893
679,382.6911926269531,273.0037536621094,0.9141397476196289,311.3395080566406,389.5323486328125,0.9802600741386414,420.1912536621094,492.5408020019531,0.9685830473899841,295.82476806640625,512.349609375,0.958876371383667,373.9942321777344,577.7389526367188,0.9186015725135803
680,379.3108825683594,269.8816223144531,0.9263678789138794,308.6355895996094,390.52716064453125,0.978840708732605,416.0152282714844,493.20611572265625,0.9494526386260986,290.28509521484375,510.5713195800781,0.9587832689285278,368.69989013671875,578.3278198242188,0.8982909917831421
681,375.588134765625,270.75048828125,0.8967442512512207,304.6521301269531,390.0824279785156,0.9704036712646484,411.1396789550781,492.0859069824219,0.9220351576805115,285.03924560546875,508.89599609375,0.9804272055625916,359.4191589355469,577.4246826171875,0.8778907060623169
682,372.2995300292969,270.0938415527344,0.9035624265670776,300.31085205078125,388.4263610839844,0.976089358329773,405.3468933105469,491.81500244140625,0.965253472328186,276.956298828125,505.956787109375,0.9786596894264221,353.71697998046875,576.6777954101562,0.9011209011077881
683,369.62664794921875,269.96337890625,0.9191344976425171,296.70697021484375,387.5515441894531,0.9734208583831787,401.67999267578125,492.1953430175781,0.9524996876716614,274.0846252441406,506.38287353515625,0.976054310798645,346.785400390625,577.0252685546875,0.8804182410240173
684,364.7353820800781,268.8251037597656,0.8805627226829529,293.42510986328125,387.4371643066406,0.9821937084197998,395.67138671875,491.39593505859375,0.9173930883407593,267.5680847167969,504.9530334472656,0.9783512353897095,339.24383544921875,575.7215576171875,0.9125548601150513
685,362.1087341308594,268.27978515625,0.9012928009033203,290.8031921386719,387.3837585449219,0.9800208806991577,390.9103088378906,490.638427734375,0.9467942714691162,261.8662414550781,503.3819885253906,0.97450190782547,332.58404541015625,577.1497802734375,0.8723205327987671
686,358.44488525390625,268.5566711425781,0.8964436054229736,286.69134521484375,386.2432861328125,0.9835404753684998,388.63677978515625,491.0229187011719,0.9471331238746643,257.0586242675781,502.6844482421875,0.9773708581924438,325.1706237792969,575.2528686523438,0.8809199333190918
687,356.78802490234375,268.1927185058594,0.9129115343093872,282.7473449707031,385.0239562988281,0.9798199534416199,384.25128173828125,490.8212890625,0.8842761516571045,248.7957763671875,500.58673095703125,0.9695955514907837,320.0849304199219,573.3695678710938,0.849166750907898
688,354.456787109375,268.0561828613281,0.9311481714248657,279.9493408203125,384.3883972167969,0.9701794385910034,378.5245056152344,490.5490417480469,0.9029368162155151,246.01959228515625,499.4665832519531,0.9448119401931763,308.8683776855469,572.6361083984375,0.8885347247123718
689,351.88055419921875,267.20111083984375,0.9070010185241699,277.1825866699219,384.2503662109375,0.979724645614624,374.3650817871094,489.47552490234375,0.9365890026092529,237.67552185058594,494.68988037109375,0.9814797639846802,299.95989990234375,571.799072265625,0.832915186882019
690,349.03399658203125,266.435791015625,0.8686158657073975,272.8865051269531,383.27294921875,0.9805338382720947,371.783203125,488.8421630859375,0.9115293622016907,230.53973388671875,492.7386779785156,0.963937520980835,293.1705017089844,571.2265625,0.9160416126251221
691,347.465576171875,265.93353271484375,0.8807965517044067,268.8394470214844,381.2817077636719,0.9766604900360107,364.2480163574219,487.1932678222656,0.8981612324714661,226.2804412841797,491.35247802734375,0.9713881611824036,283.93890380859375,570.24169921875,0.8711804151535034
692,345.47723388671875,265.3401184082031,0.8903485536575317,266.4347839355469,380.626708984375,0.9783146381378174,361.7600402832031,487.1134948730469,0.9154784083366394,220.8428497314453,490.34979248046875,0.9884955883026123,278.21197509765625,570.1564331054688,0.9085097312927246
693,343.44000244140625,265.0961608886719,0.9081863760948181,264.5042419433594,380.5563659667969,0.9819405674934387,357.67132568359375,487.4217834472656,0.9206757545471191,216.73818969726562,489.4247131347656,0.980147123336792,272.33111572265625,569.8773803710938,0.8691726922988892
694,342.460693359375,264.52972412109375,0.9254896640777588,262.099365234375,379.4616394042969,0.9883170127868652,355.03204345703125,486.6443786621094,0.9325213432312012,210.6042938232422,487.3823547363281,0.9748749732971191,263.68304443359375,570.1058959960938,0.872198224067688
695,341.4554443359375,264.42401123046875,0.9428707361221313,258.8942565917969,378.1922912597656,0.9873824715614319,355.50457763671875,488.5451965332031,0.9208440184593201,204.25718688964844,485.7972106933594,0.9889793395996094,256.62847900390625,569.5703125,0.8793990612030029
696,339.9355773925781,264.8324890136719,0.9513916969299316,256.09698486328125,378.06707763671875,0.9744957089424133,347.5206298828125,486.7317810058594,0.8903389573097229,199.49752807617188,484.8618469238281,0.9671139121055603,247.80520629882812,569.0166625976562,0.8572522401809692
697,338.3406982421875,265.0710754394531,0.9526262283325195,252.07162475585938,377.4381408691406,0.9713437557220459,345.7558288574219,486.6212463378906,0.8775090575218201,192.34844970703125,483.71331787109375,0.9822975993156433,242.7629852294922,568.7495727539062,0.9246892929077148
698,335.6719055175781,265.0016784667969,0.9356987476348877,250.0553436279297,374.4099426269531,0.9786434173583984,341.22857666015625,487.3422546386719,0.9012408256530762,186.63462829589844,480.1607666015625,0.9750621914863586,234.5208740234375,567.92041015625,0.8155962228775024
699,332.57305908203125,265.15185546875,0.9141460657119751,246.6795196533203,375.91815185546875,0.9732853174209595,338.05206298828125,486.9806213378906,0.9107674360275269,179.66041564941406,476.8474426269531,0.9647787809371948,227.0252685546875,564.4721069335938,0.9333258867263794
700,330.1353759765625,264.39947509765625,0.8917667269706726,244.55763244628906,373.5133361816406,0.9852644801139832,337.415771484375,488.8246154785156,0.9179827570915222,174.2482147216797,477.11846923828125,0.9718292951583862,218.31201171875,565.0615234375,0.8475947380065918
701,327.0321044921875,263.5489807128906,0.9022605419158936,240.56674194335938,373.1111755371094,0.9820555448532104,327.1618347167969,486.23187255859375,0.90049147605896,170.26124572753906,476.2672424316406,0.9711002111434937,210.56092834472656,563.2677001953125,0.9224541783332825
702,324.7261962890625,263.084228515625,0.9174906015396118,237.91253662109375,371.9462585449219,0.9852070212364197,325.0943603515625,486.76861572265625,0.9159345626831055,163.23712158203125,473.7652587890625,0.9481374025344849,203.07241821289062,564.9959106445312,0.8397117853164673
703,323.6087951660156,263.2779235839844,0.9315330386161804,234.25872802734375,370.45697021484375,0.9810178875923157,324.2174377441406,488.2198486328125,0.9322940111160278,160.19422912597656,473.4325866699219,0.967094361782074,197.2428741455078,563.6380615234375,0.9153081178665161
704,320.8561096191406,261.19976806640625,0.9215777516365051,231.79676818847656,370.0704650878906,0.9812079668045044,316.82171630859375,485.0458984375,0.8722259998321533,153.84764099121094,470.8153381347656,0.9589593410491943,189.15817260742188,563.4669189453125,0.8610017895698547
705,316.9084777832031,259.80078125,0.8815930485725403,229.16053771972656,369.2528076171875,0.9821852445602417,314.1860656738281,484.8765563964844,0.894633412361145,146.90707397460938,470.9603576660156,0.9378184080123901,182.2066650390625,560.8828735351562,0.8628270030021667
706,314.50177001953125,258.96502685546875,0.8870500922203064,226.09609985351562,367.90655517578125,0.9831645488739014,308.5582275390625,484.7798156738281,0.9185304641723633,143.95945739746094,468.7431640625,0.9742834568023682,176.6112823486328,561.1943969726562,0.8876698017120361
707,312.6499938964844,257.9781188964844,0.8696437478065491,221.4620819091797,366.10400390625,0.9834266304969788,306.48602294921875,484.80462646484375,0.9350841045379639,137.7755584716797,466.2149658203125,0.9629328846931458,167.36915588378906,560.98388671875,0.818090558052063
708,311.49383544921875,256.7536315917969,0.8700402975082397,219.20700073242188,364.4605407714844,0.9786906242370605,301.55657958984375,483.01995849609375,0.8874173164367676,131.68734741210938,461.6276550292969,0.6240410804748535,160.6378173828125,559.9995727539062,0.8299134969711304
709,309.2311096191406,256.4498596191406,0.8822836875915527,216.3251953125,363.9058532714844,0.9857643842697144,298.324462890625,482.69537353515625,0.9151080250740051,126.0674057006836,462.9053955078125,0.8923795819282532,150.94178771972656,558.5902099609375,0.6978679299354553
710,307.6611022949219,254.3468475341797,0.919816255569458,213.84140014648438,362.04278564453125,0.9876769185066223,295.9444580078125,482.49761962890625,0.8563320636749268,123.15055084228516,464.842041015625,0.7414160966873169,145.08294677734375,558.3802490234375,0.7687922716140747
711,306.00640869140625,253.83236694335938,0.9237549304962158,211.25265502929688,360.2601318359375,0.9807072877883911,291.77069091796875,483.1312255859375,0.9251101016998291,113.77952575683594,462.21539306640625,0.3320918381214142,135.03707885742188,557.4815673828125,0.17556646466255188
712,304.1135559082031,252.88067626953125,0.9151604175567627,207.0327911376953,357.9992980957031,0.9806177020072937,286.0351867675781,478.6953430175781,0.8671724200248718,110.1675796508789,461.3525390625,0.4262368083000183,130.1939697265625,556.7939453125,0.6236018538475037
713,301.11669921875,251.9622039794922,0.8818004131317139,204.06930541992188,355.9207763671875,0.980832576751709,283.6493225097656,476.81329345703125,0.905619204044342,103.93638610839844,458.4851989746094,0.7001338005065918,121.06497192382812,554.959716796875,0.757731556892395
714,299.41448974609375,250.70460510253906,0.8704172372817993,200.96571350097656,355.138916015625,0.9827487468719482,279.9579162597656,476.21807861328125,0.903605580329895,95.45735931396484,453.385009765625,0.6341608762741089,116.06089782714844,554.7288208007812,0.7715492844581604
715,297.3082580566406,250.21377563476562,0.8230282068252563,198.61807250976562,354.2065734863281,0.976268470287323,275.5865478515625,475.869873046875,0.9306691884994507,91.11157989501953,450.4116516113281,0.6048750281333923,107.90111541748047,552.822021484375,0.5688562989234924
716,294.85809326171875,249.49502563476562,0.8817309737205505,196.23736572265625,353.7913513183594,0.9823213219642639,273.2464599609375,475.5009765625,0.8668879866600037,86.06822967529297,450.0415344238281,0.4553152024745941,100.81658172607422,554.7723388671875,0.40922287106513977
717,293.1672668457031,249.0702667236328,0.9124236702919006,192.17440795898438,352.9814147949219,0.982396125793457,267.9688720703125,475.0898742675781,0.9047043919563293,79.44536590576172,448.6665344238281,0.5680744051933289,94.8705825805664,553.0650024414062,0.6884181499481201
718,291.1816711425781,249.32936096191406,0.9362058639526367,189.36448669433594,351.4310302734375,0.9817172288894653,265.2705383300781,473.9718933105469,0.8997418880462646,73.74044036865234,449.6282653808594,0.4660663306713104,86.4720687866211,553.853515625,0.6884166598320007
719,288.7823486328125,248.78280639648438,0.9281134605407715,186.56312561035156,350.3327941894531,0.9725562334060669,260.84234619140625,473.7456970214844,0.9159639477729797,66.21923065185547,446.8630676269531,0.3342204689979553,78.24441528320312,549.6618041992188,0.3421822190284729
720,285.33563232421875,248.31906127929688,0.9100651741027832,183.69607543945312,350.812744140625,0.9810938835144043,258.4093017578125,473.7731018066406,0.894511878490448,62.2200813293457,449.4212951660156,0.18729236721992493,61.834102630615234,456.35162353515625,0.11741825938224792
721,283.03350830078125,247.96307373046875,0.8750202059745789,181.19790649414062,350.6505126953125,0.9839751720428467,253.90008544921875,473.64581298828125,0.8498064279556274,53.7065315246582,439.8019714355469,0.18588373064994812,53.53297424316406,449.723876953125,0.0373234748840332
722,281.0093078613281,247.5782928466797,0.8524133563041687,176.58151245117188,350.1395568847656,0.9833292961120605,250.00186157226562,473.6009521484375,0.8520506620407104,175.22207641601562,357.98626708984375,0.014450907707214355,250.93435668945312,475.399658203125,0.04023602604866028
723,277.5284729003906,246.68896484375,0.8988627195358276,172.57749938964844,349.47381591796875,0.9729586243629456,245.7224578857422,472.0998840332031,0.8699460029602051,172.5457305908203,350.060302734375,0.014178723096847534,248.93191528320312,474.76849365234375,0.023393213748931885
724,276.450927734375,245.9984130859375,0.9285747408866882,169.97630310058594,349.1123962402344,0.9769238233566284,244.2039794921875,472.4188537597656,0.8962424993515015,43.38271713256836,439.6247863769531,0.018276721239089966,247.56605529785156,474.94366455078125,0.019697904586791992
725,274.4166259765625,245.8852996826172,0.922775387763977,167.79666137695312,349.12548828125,0.9821902513504028,242.1986083984375,472.5151062011719,0.8779629468917847,161.63726806640625,350.5907897949219,0.011632055044174194,44.60572814941406,455.9578857421875,0.025640755891799927
726,272.3701477050781,245.32496643066406,0.8812205195426941,164.41329956054688,348.60455322265625,0.9817644953727722,241.61605834960938,472.64910888671875,0.8311413526535034,43.799739837646484,439.974365234375,0.047774046659469604,45.68837356567383,456.110107421875,0.1750486195087433
727,268.0680847167969,243.9237060546875,0.8586632609367371,161.22877502441406,346.98504638671875,0.9697321057319641,241.76670837402344,471.8787536621094,0.8171421885490417,43.72774124145508,439.4485778808594,0.06944000720977783,45.63261032104492,454.2766418457031,0.2857307493686676
728,265.93359375,242.84461975097656,0.8356016874313354,157.09535217285156,346.0047912597656,0.9650456309318542,238.42483520507812,468.1127624511719,0.7972486019134521,44.52583694458008,437.5863342285156,0.07538846135139465,45.47999572753906,448.64227294921875,0.050557941198349
729,264.6282653808594,241.38394165039062,0.8357030153274536,156.69366455078125,342.61090087890625,0.9729132652282715,238.8025665283203,468.16546630859375,0.8380187749862671,47.3397331237793,430.5968933105469,0.30464157462120056,47.56707000732422,441.54669189453125,0.023384004831314087
730,261.7516174316406,241.4967041015625,0.8807726502418518,154.4639434814453,340.97265625,0.9790628552436829,238.08558654785156,467.16094970703125,0.8621528148651123,48.28907012939453,423.2859191894531,0.22678864002227783,48.30976104736328,438.89324951171875,0.025360673666000366
731,261.0810546875,240.52598571777344,0.8930524587631226,153.5831756591797,339.36712646484375,0.9799438714981079,240.247802734375,468.07745361328125,0.8500003218650818,50.527442932128906,422.13519287109375,0.26353710889816284,34.703460693359375,541.00634765625,0.6866758465766907
732,260.23431396484375,240.29696655273438,0.8658559322357178,152.71022033691406,337.41351318359375,0.974344789981842,236.1084747314453,463.50390625,0.8200640678405762,51.029808044433594,421.0307922363281,0.5599962472915649,35.10729217529297,540.2835693359375,0.77036452293396
733,259.4626770019531,239.10182189941406,0.8684051036834717,151.71861267089844,335.7886962890625,0.9670625925064087,236.30711364746094,463.16259765625,0.8443622589111328,51.009498596191406,415.6636047363281,0.47853952646255493,35.32762145996094,534.692626953125,0.7690132260322571
734,258.5961608886719,238.5911407470703,0.8695662021636963,149.92404174804688,335.27032470703125,0.9739358425140381,235.20989990234375,461.7431335449219,0.821392297744751,52.480552673339844,405.77923583984375,0.26329267024993896,33.42585754394531,530.2195434570312,0.32709670066833496
735,257.52142333984375,238.3262176513672,0.8587597012519836,147.7611541748047,333.2535095214844,0.9788815975189209,233.17320251464844,460.33978271484375,0.8519039154052734,51.01971435546875,400.509765625,0.49723851680755615,33.619354248046875,527.5913696289062,0.044957250356674194
736,256.2261962890625,238.6682891845703,0.8158822059631348,144.50918579101562,330.5673522949219,0.9688775539398193,226.9781494140625,455.9982604980469,0.8428064584732056,49.43354415893555,398.27593994140625,0.6396923065185547,231.87612915039062,461.0083923339844,0.025606781244277954
737,252.75228881835938,237.59674072265625,0.8849904537200928,141.83641052246094,327.20550537109375,0.9732557535171509,228.30712890625,459.29736328125,0.8101763725280762,48.206058502197266,391.41827392578125,0.8445008993148804,231.416015625,461.3307800292969,0.0272386372089386
738,251.6926727294922,236.8789825439453,0.8209863901138306,140.4436492919922,324.882568359375,0.9796304702758789,226.75355529785156,457.9033203125,0.8499748110771179,45.38471603393555,385.55438232421875,0.8763593435287476,223.35186767578125,458.4609375,0.03243577480316162
739,250.2947235107422,236.32125854492188,0.8824472427368164,138.84005737304688,321.299560546875,0.9692866802215576,226.03907775878906,457.5175476074219,0.8349151611328125,44.37053298950195,380.4864196777344,0.8926686644554138,222.8845672607422,458.30645751953125,0.030197739601135254
740,249.48812866210938,235.98460388183594,0.8569823503494263,138.55384826660156,317.56231689453125,0.9734256267547607,219.7310333251953,452.5297546386719,0.8290637731552124,45.04829788208008,369.6237487792969,0.7658424377441406,219.8162384033203,457.09210205078125,0.05252298712730408
741,248.08709716796875,235.4431610107422,0.8015090227127075,138.14605712890625,315.2245788574219,0.9734008312225342,214.8522491455078,449.39495849609375,0.8366618156433105,44.47190475463867,364.8750305175781,0.887199878692627,218.20584106445312,455.55859375,0.035734623670578
742,246.94061279296875,234.66937255859375,0.8308894634246826,137.19166564941406,309.02386474609375,0.9643957614898682,217.203857421875,448.0582275390625,0.7972314357757568,45.201873779296875,360.9256591796875,0.6935296058654785,218.09735107421875,451.0606994628906,0.038260191679000854
743,246.71588134765625,233.84014892578125,0.8782957792282104,137.43836975097656,304.6971435546875,0.9540953636169434,213.0326385498047,443.87750244140625,0.8439912796020508,45.72030258178711,358.8677673339844,0.7187321186065674,216.55816650390625,448.80194091796875,0.03913086652755737
744,244.8984375,231.9903106689453,0.8711962103843689,137.81997680664062,302.0085144042969,0.9703688621520996,214.1746368408203,439.256103515625,0.8536136150360107,46.91573715209961,362.3587341308594,0.8813579678535461,217.90579223632812,447.7079772949219,0.04339420795440674
745,244.76312255859375,230.46487426757812,0.9099542498588562,138.13934326171875,300.8825378417969,0.9703559279441833,219.6119384765625,438.656005859375,0.7887147665023804,49.05674362182617,362.1739807128906,0.853492021560669,220.53048706054688,447.1162414550781,0.054720401763916016
746,244.58914184570312,228.7995147705078,0.9266560077667236,138.38589477539062,301.0398864746094,0.9739871621131897,221.58917236328125,436.76873779296875,0.8379138708114624,51.81870651245117,368.6506652832031,0.7581824064254761,50.26075744628906,376.74444580078125,0.04333597421646118
747,244.2969970703125,226.82827758789062,0.9167425632476807,137.58853149414062,302.40216064453125,0.9668451547622681,227.36529541015625,436.4731140136719,0.8700860738754272,53.47505187988281,374.9117126464844,0.9094222784042358,49.856788635253906,384.0534973144531,0.02149626612663269
748,243.93235778808594,225.38235473632812,0.8682363629341125,137.3032684326172,304.6087646484375,0.9573444128036499,227.57199096679688,435.3998107910156,0.893225908279419,56.4205436706543,385.5369567871094,0.9558305144309998,230.87548828125,440.77947998046875,0.015825092792510986
749,243.44703674316406,222.7776641845703,0.8508541584014893,136.968994140625,307.77581787109375,0.93779456615448,233.03382873535156,433.93524169921875,0.9098303914070129,62.35367965698242,395.79315185546875,0.9505699276924133,62.16347885131836,402.396484375,0.023351460695266724
750,243.99325561523438,221.07504272460938,0.8981572985649109,137.65223693847656,313.99554443359375,0.9550172090530396,236.2015838623047,433.22479248046875,0.9219639301300049,67.72858428955078,406.05511474609375,0.9505782127380371,149.4071502685547,451.49212646484375,0.03355073928833008
751,244.212158203125,219.9525909423828,0.8758745789527893,137.72409057617188,316.6518859863281,0.9619835019111633,240.72499084472656,434.1402893066406,0.9155938625335693,75.86177825927734,420.6631774902344,0.9498473405838013,69.56717681884766,423.2519836425781,0.05089053511619568
752,244.03033447265625,219.37025451660156,0.8847651481628418,138.96214294433594,318.7232360839844,0.9709724187850952,243.2337188720703,434.0730895996094,0.9220799803733826,82.30635833740234,430.2423400878906,0.9287675619125366,79.61029815673828,437.10052490234375,0.030301034450531006
753,244.14813232421875,218.69740295410156,0.8709671497344971,140.03700256347656,320.97857666015625,0.9603942632675171,249.2176513671875,432.9783935546875,0.9301808476448059,95.2654037475586,443.44879150390625,0.9627249836921692,94.60104370117188,449.20294189453125,0.018690884113311768
754,243.72085571289062,217.97091674804688,0.8810174465179443,142.3686065673828,323.6793212890625,0.9632418155670166,252.96730041503906,432.94580078125,0.9229786992073059,105.25165557861328,452.95379638671875,0.904017448425293,102.4954833984375,457.92633056640625,0.03665816783905029
755,243.88710021972656,217.0747833251953,0.8921983242034912,144.2078857421875,325.43487548828125,0.9486522674560547,256.98211669921875,434.7744445800781,0.9386172890663147,121.73356628417969,464.8036193847656,0.9176931381225586,115.6392593383789,470.604736328125,0.025471359491348267
756,242.91128540039062,215.58499145507812,0.9008764624595642,147.10311889648438,327.7978515625,0.9387012720108032,258.46124267578125,434.2324523925781,0.9347154498100281,133.89613342285156,472.90032958984375,0.9463679790496826,241.17587280273438,521.947021484375,0.5747384428977966
757,242.90196228027344,214.62071228027344,0.9084091186523438,147.71104431152344,326.5871887207031,0.9472213983535767,260.9090881347656,435.31671142578125,0.9508755207061768,148.0615234375,480.11138916015625,0.9318991899490356,252.46597290039062,521.5536499023438,0.8532383441925049
758,242.6703643798828,214.09507751464844,0.9187642335891724,149.3971710205078,326.4332275390625,0.9537875056266785,265.4895324707031,434.51470947265625,0.9449295401573181,162.6460723876953,487.8474426269531,0.9458310604095459,264.6142578125,524.9458618164062,0.8860614895820618
759,242.6968536376953,213.18572998046875,0.9251687526702881,150.01309204101562,325.9518737792969,0.9677051305770874,269.1947326660156,433.8882751464844,0.9516125917434692,178.23361206054688,493.5965270996094,0.9516174793243408,280.161376953125,530.4816284179688,0.9194083213806152
760,242.8490447998047,211.8595428466797,0.9407251477241516,150.99923706054688,325.197265625,0.959638774394989,272.279052734375,435.11181640625,0.9361705183982849,189.8584747314453,499.4902648925781,0.9775860905647278,292.7264709472656,533.4013671875,0.9369046688079834
761,242.97140502929688,211.06402587890625,0.9361943006515503,151.88909912109375,324.2112121582031,0.9437787532806396,275.9333190917969,436.12603759765625,0.9478706121444702,204.5387725830078,503.2412414550781,0.9610968828201294,305.8292541503906,538.0294189453125,0.925410270690918
762,242.6134490966797,209.7526397705078,0.921478807926178,154.83853149414062,324.0511474609375,0.9481032490730286,280.674072265625,435.41119384765625,0.9251654148101807,215.46681213378906,507.5102844238281,0.9638174772262573,321.0334777832031,539.8341064453125,0.9065308570861816
763,242.52239990234375,208.32785034179688,0.898840069770813,157.44580078125,323.3864440917969,0.9577029347419739,283.9947509765625,434.5298767089844,0.9421526789665222,228.5440673828125,510.1204833984375,0.958905816078186,334.24652099609375,541.1668701171875,0.8792425394058228
764,242.30487060546875,205.8852081298828,0.9268513917922974,159.50625610351562,323.5873718261719,0.9535624980926514,288.7596740722656,435.51104736328125,0.9375916719436646,243.89178466796875,513.0065307617188,0.9455479383468628,348.6142578125,544.4264526367188,0.9097064733505249
765,242.5028839111328,204.9400177001953,0.9359446167945862,161.47979736328125,322.82843017578125,0.9353994131088257,292.36322021484375,434.9119873046875,0.8997876644134521,254.9562530517578,514.9003295898438,0.9706740975379944,359.07366943359375,546.7775268554688,0.9228261709213257
766,243.2588653564453,203.94090270996094,0.9254468679428101,164.91510009765625,323.82958984375,0.9239526987075806,298.3143615722656,434.9068908691406,0.9088099002838135,268.306396484375,518.0215454101562,0.9644883275032043,370.821044921875,546.8414916992188,0.9281376600265503
767,244.6327667236328,203.30413818359375,0.9234108328819275,167.5272674560547,322.38323974609375,0.9298288822174072,304.42230224609375,436.4107971191406,0.9290496110916138,278.1132507324219,520.1661987304688,0.9465445280075073,381.1766052246094,546.9624633789062,0.9180140495300293
768,246.3509979248047,202.50563049316406,0.9021012187004089,172.4965057373047,322.68756103515625,0.9410367012023926,308.0763244628906,436.1418762207031,0.9392421245574951,289.2739562988281,521.3324584960938,0.9413505792617798,390.0628662109375,548.6910400390625,0.9413312673568726
769,248.6198272705078,202.17405700683594,0.9023146629333496,176.18626403808594,323.054931640625,0.9460382461547852,314.61273193359375,434.9532165527344,0.9364965558052063,296.2095947265625,523.5001220703125,0.9503095149993896,401.69854736328125,549.6411743164062,0.9232794046401978
770,250.8973388671875,202.0292205810547,0.9161520004272461,178.5084686279297,323.6500244140625,0.9334124326705933,318.58270263671875,434.2679138183594,0.9205808639526367,305.30645751953125,523.982177734375,0.9472181797027588,409.8954772949219,555.1675415039062,0.9352667331695557
771,255.3844451904297,202.11988830566406,0.9100158214569092,182.27821350097656,324.893310546875,0.9362888336181641,322.77667236328125,436.56451416015625,0.9431880116462708,310.85675048828125,526.7086791992188,0.9446385502815247,412.5317687988281,561.8700561523438,0.9468849897384644
772,258.4859619140625,202.4055633544922,0.9147828221321106,185.9734649658203,326.362548828125,0.9430220723152161,329.54449462890625,440.7193603515625,0.9288920164108276,314.5117492675781,530.1258544921875,0.9543943405151367,416.78192138671875,571.8948364257812,0.9388784766197205
773,260.7657165527344,203.57907104492188,0.8909880518913269,188.7559356689453,329.5837707519531,0.9460014700889587,332.74884033203125,441.4247131347656,0.9225564002990723,315.80322265625,532.9674072265625,0.957579493522644,414.7037048339844,577.3695068359375,0.9196522235870361
774,263.2694091796875,204.59927368164062,0.8901429772377014,190.36602783203125,331.1632080078125,0.9543605446815491,333.5273742675781,443.33746337890625,0.9087159633636475,312.9661865234375,534.0350341796875,0.9325766563415527,406.75115966796875,575.2606201171875,0.9307711124420166
775,265.01287841796875,207.0759735107422,0.9270424842834473,191.32962036132812,332.8155822753906,0.9361053705215454,334.30596923828125,444.8959045410156,0.9126631617546082,306.56591796875,536.2971801757812,0.9547123908996582,401.49163818359375,577.7691650390625,0.9480383396148682
776,266.70501708984375,208.69046020507812,0.9318487048149109,191.36508178710938,333.8394470214844,0.93541419506073,334.0624084472656,447.1838684082031,0.9228010177612305,299.1208190917969,537.4154052734375,0.9501451253890991,391.2218322753906,580.15869140625,0.9514729380607605
777,268.2936706542969,211.13430786132812,0.8942304849624634,190.92552185058594,334.8315734863281,0.9363569617271423,333.7529296875,451.7447814941406,0.9324266314506531,291.6742858886719,536.8926391601562,0.9670820236206055,382.86676025390625,579.9619750976562,0.9487916231155396
778,271.94537353515625,213.80374145507812,0.8817005157470703,191.66018676757812,335.7807312011719,0.9514374136924744,330.1038818359375,457.0444641113281,0.9383870363235474,286.0577697753906,537.9389038085938,0.9543749094009399,375.53106689453125,581.3201904296875,0.9462495446205139
779,272.631591796875,214.4918975830078,0.8796565532684326,190.57070922851562,336.0384216308594,0.9635317921638489,329.11358642578125,458.142822265625,0.9386510848999023,279.0841979980469,535.2454223632812,0.9322883486747742,369.6131286621094,580.3486938476562,0.9545704126358032
780,273.5446472167969,215.89181518554688,0.8773112893104553,189.6703643798828,336.309814453125,0.9678220748901367,323.40936279296875,458.7203369140625,0.9511460065841675,271.3485107421875,534.7310791015625,0.9338316917419434,363.2455139160156,581.632080078125,0.9315570592880249
781,274.0489196777344,216.2108917236328,0.8519793152809143,187.2482452392578,335.2627258300781,0.971095085144043,321.46514892578125,459.6683349609375,0.9427316784858704,265.9662170410156,534.0385131835938,0.9478507041931152,355.5487976074219,580.68408203125,0.9567179679870605
782,274.4069519042969,215.4915313720703,0.890885591506958,186.18138122558594,334.46630859375,0.9693927764892578,318.5025329589844,461.3238830566406,0.9435707926750183,259.589599609375,531.489990234375,0.93465256690979,347.16058349609375,581.69775390625,0.9420378804206848
783,275.195068359375,215.26499938964844,0.9129098653793335,184.37551879882812,333.8465270996094,0.9676398634910583,315.31402587890625,460.5882568359375,0.9546961784362793,250.0530242919922,530.2594604492188,0.9530081748962402,339.64276123046875,580.5482788085938,0.9589142799377441
784,276.60980224609375,215.21041870117188,0.8961167335510254,183.9867706298828,332.20123291015625,0.9755072593688965,312.5516052246094,460.7273864746094,0.9513916969299316,244.9108123779297,527.5809326171875,0.9393503665924072,331.3693542480469,581.0143432617188,0.9461812376976013
785,277.627685546875,214.21644592285156,0.8821638822555542,183.3616180419922,329.3912353515625,0.9623748064041138,308.211181640625,461.0875244140625,0.9581073522567749,237.57684326171875,527.5935668945312,0.9633972644805908,323.2829284667969,579.8182373046875,0.9499978423118591
786,279.83447265625,213.600830078125,0.8916623592376709,183.404541015625,325.0909729003906,0.9496220350265503,305.4965515136719,461.6120300292969,0.9310799241065979,235.08670043945312,524.5921020507812,0.9565976858139038,314.0638122558594,580.2781982421875,0.931065022945404
787,282.05419921875,212.45486450195312,0.8967349529266357,183.85159301757812,321.3515625,0.9576452970504761,302.1693115234375,460.78741455078125,0.9305024147033691,227.84747314453125,521.3983764648438,0.9667662978172302,306.7765808105469,578.6810913085938,0.9486443996429443
788,287.56610107421875,211.62081909179688,0.9148789644241333,183.5657958984375,319.0987854003906,0.9684438705444336,299.8169250488281,459.6114196777344,0.9520697593688965,220.63723754882812,520.0817260742188,0.9572130441665649,299.66033935546875,578.3497924804688,0.9292886257171631
789,289.9289245605469,210.27316284179688,0.924766480922699,184.18807983398438,316.9140930175781,0.9699991941452026,297.3953857421875,458.5469055175781,0.9513439536094666,214.18429565429688,515.7557983398438,0.9149694442749023,290.9602966308594,577.2678833007812,0.9459558725357056
790,292.183349609375,208.9132537841797,0.8979171514511108,184.8200225830078,314.4078369140625,0.9595938920974731,293.5166931152344,455.18609619140625,0.9418609738349915,207.55430603027344,514.7344360351562,0.9591315984725952,285.1283874511719,577.8408813476562,0.9240759611129761
791,295.09564208984375,207.6099395751953,0.8833043575286865,185.394287109375,309.6194763183594,0.9535930156707764,292.1755065917969,453.746337890625,0.9580790996551514,203.93896484375,512.2078247070312,0.9570481181144714,279.0875549316406,575.8488159179688,0.9176303148269653
792,297.4496154785156,206.97361755371094,0.9015036821365356,187.136474609375,306.8066711425781,0.9718419909477234,291.25128173828125,454.3216552734375,0.956183910369873,201.3027801513672,509.49884033203125,0.9350120425224304,274.09320068359375,575.5438842773438,0.9262110590934753
793,302.92535400390625,205.73072814941406,0.8955539464950562,188.10818481445312,304.8490905761719,0.9709075689315796,290.3171081542969,453.18658447265625,0.967983603477478,196.1132049560547,505.8807373046875,0.9520508050918579,266.0569152832031,576.3204956054688,0.9074916839599609
794,305.6263427734375,205.0126190185547,0.9036316871643066,188.86456298828125,303.3184509277344,0.9625977277755737,290.1739196777344,453.1875915527344,0.9664031863212585,190.3085174560547,503.38568115234375,0.9234163761138916,258.4544677734375,574.806640625,0.920316219329834
795,308.0829772949219,205.20907592773438,0.8986760377883911,189.9613037109375,303.00909423828125,0.9633927345275879,289.4525146484375,452.94122314453125,0.9671300649642944,183.48890686035156,501.2015075683594,0.9150348901748657,250.90863037109375,574.9393920898438,0.8989829421043396
796,310.2697448730469,205.29054260253906,0.8923641443252563,189.9215545654297,301.79168701171875,0.9532163143157959,288.7022705078125,452.2046203613281,0.9538348317146301,176.0430145263672,497.7610168457031,0.9316903948783875,243.11865234375,574.0873413085938,0.9307241439819336
797,312.5682373046875,206.53382873535156,0.9156347513198853,190.66876220703125,300.9690856933594,0.9508481025695801,288.39776611328125,451.63897705078125,0.9527460932731628,172.59341430664062,496.01513671875,0.9709910154342651,234.96905517578125,574.3910522460938,0.8899316787719727
798,314.7372741699219,205.5089569091797,0.8782710433006287,192.8474578857422,302.1911315917969,0.9562995433807373,288.1826477050781,451.08624267578125,0.9403082132339478,168.32925415039062,495.3019714355469,0.9523215293884277,226.90008544921875,572.5072631835938,0.9344078898429871
799,319.0116271972656,206.81594848632812,0.9016276597976685,194.13735961914062,302.24273681640625,0.9593578577041626,289.2441711425781,451.06317138671875,0.9452031850814819,161.74676513671875,491.5623779296875,0.934877872467041,220.4755401611328,571.7276611328125,0.8866642713546753
800,321.6462097167969,207.2820281982422,0.8833441734313965,196.08895874023438,302.3382568359375,0.9686651229858398,290.4205017089844,450.7102966308594,0.9421307444572449,156.75119018554688,491.45904541015625,0.9614386558532715,212.45802307128906,570.5972900390625,0.9208009243011475
801,323.9193420410156,209.62539672851562,0.8936134576797485,197.5762176513672,302.98675537109375,0.9629155397415161,290.15753173828125,450.2398681640625,0.9207614660263062,151.15199279785156,489.7095947265625,0.9107798337936401,207.62734985351562,571.1345825195312,0.8699525594711304
802,325.25537109375,210.39260864257812,0.9340884685516357,199.60491943359375,303.0123291015625,0.960350513458252,291.1297912597656,449.7832946777344,0.9161816835403442,146.63824462890625,488.50872802734375,0.9251802563667297,196.93588256835938,570.9454345703125,0.9155383110046387
803,327.1856689453125,211.27685546875,0.9219588041305542,200.2672119140625,303.4907531738281,0.9666054248809814,291.2716979980469,449.9312438964844,0.9194880723953247,142.3203582763672,485.0249328613281,0.9749453067779541,187.93716430664062,571.2304077148438,0.8667000532150269
804,329.8730163574219,212.05848693847656,0.9097846150398254,201.75672912597656,304.35955810546875,0.9674623012542725,291.54791259765625,449.90460205078125,0.9056441783905029,136.90585327148438,482.9746398925781,0.948280930519104,180.21897888183594,570.5153198242188,0.9163818359375
805,331.9190979003906,213.3218231201172,0.9165505170822144,203.94752502441406,305.3760681152344,0.9660791754722595,291.181396484375,446.3247375488281,0.905185878276825,130.37384033203125,482.131103515625,0.9293103218078613,173.8089141845703,568.3826293945312,0.8638133406639099
806,335.9653015136719,215.919677734375,0.9210741519927979,206.49905395507812,306.9223327636719,0.9548131823539734,290.81939697265625,445.01531982421875,0.9292252063751221,127.09561157226562,479.2722473144531,0.9123157262802124,165.8970489501953,569.2261352539062,0.9041422605514526
807,337.3334045410156,216.25596618652344,0.9233702421188354,208.3398895263672,308.9438781738281,0.9461796879768372,291.3208312988281,444.4970703125,0.9187790155410767,124.16046142578125,478.0210266113281,0.820576548576355,159.56198120117188,566.4486694335938,0.8580228090286255
808,339.2752685546875,216.9197235107422,0.9161467552185059,210.3951873779297,308.84075927734375,0.9576997756958008,291.0945129394531,443.2171630859375,0.9114707708358765,120.64926147460938,477.8884582519531,0.786116361618042,150.68994140625,565.1267700195312,0.8457605838775635
809,340.0661315917969,217.24017333984375,0.8594387769699097,213.01052856445312,309.85028076171875,0.9706385135650635,291.5194396972656,442.70172119140625,0.9194045066833496,116.28958129882812,470.6708068847656,0.5941473841667175,144.80606079101562,565.3579711914062,0.8947845697402954
810,343.497802734375,218.0901641845703,0.8396285772323608,215.16232299804688,310.72381591796875,0.9554341435432434,292.3721618652344,442.47454833984375,0.914000928401947,111.35713958740234,469.19195556640625,0.5261921286582947,135.92022705078125,564.2661743164062,0.8078575730323792
811,345.49224853515625,218.2299346923828,0.8464661836624146,217.74917602539062,314.0550537109375,0.9576598405838013,296.90753173828125,442.72760009765625,0.9181138277053833,109.57363891601562,469.2672119140625,0.6704593896865845,130.49998474121094,564.7390747070312,0.7613814473152161
812,347.9000549316406,218.54287719726562,0.8379040956497192,220.2694549560547,314.4246826171875,0.9478490352630615,292.7493896484375,439.7933044433594,0.9011389017105103,105.87165832519531,465.96142578125,0.5748140215873718,125.35128784179688,563.033447265625,0.7685129642486572
813,352.0569152832031,219.0347137451172,0.8997144103050232,224.3603973388672,313.1891784667969,0.9590201377868652,298.1777038574219,441.99365234375,0.9003517627716064,102.6061019897461,465.1215515136719,0.21072077751159668,117.01918029785156,562.9747314453125,0.84881591796875
814,354.6669921875,219.64053344726562,0.9082455635070801,228.04269409179688,312.90814208984375,0.9775362610816956,293.8326110839844,438.22479248046875,0.9050768613815308,101.42244720458984,465.2839050292969,0.10476642847061157,111.81550598144531,561.2842407226562,0.8553066253662109
815,358.1542053222656,218.59815979003906,0.7992631793022156,230.15280151367188,310.628662109375,0.9710418581962585,298.1501159667969,437.4910888671875,0.8942140936851501,93.21329498291016,462.8097229003906,0.12963753938674927,104.77651977539062,561.1748657226562,0.8472303152084351
816,362.31976318359375,217.87498474121094,0.8199613094329834,233.06695556640625,309.19476318359375,0.9718983173370361,299.45806884765625,435.60675048828125,0.8766660690307617,91.15383911132812,459.4855041503906,0.16792067885398865,97.92172241210938,561.1267700195312,0.8182089328765869
817,366.9203186035156,218.0593719482422,0.8892484903335571,235.4374542236328,308.0425720214844,0.9663921594619751,301.06243896484375,432.52294921875,0.8720881938934326,88.1409912109375,451.62841796875,0.15554115176200867,91.09833526611328,559.2698974609375,0.8488803505897522
818,370.4029541015625,218.1245880126953,0.9417405128479004,237.99588012695312,306.6995544433594,0.9759663343429565,303.9443359375,429.7481994628906,0.8577698469161987,86.17647552490234,451.47406005859375,0.17422008514404297,82.40853118896484,557.8873291015625,0.8157017827033997
819,373.82220458984375,217.80567932128906,0.8722668886184692,240.7315673828125,306.0678405761719,0.9651467800140381,304.982177734375,428.16595458984375,0.8696913719177246,79.04120635986328,450.8102111816406,0.06449952721595764,81.1883544921875,456.18511962890625,0.6081106662750244
820,377.3998107910156,217.90057373046875,0.8724305033683777,242.23423767089844,305.0968017578125,0.9745709896087646,305.15838623046875,426.7102966308594,0.8695575594902039,77.21874237060547,452.189697265625,0.11649373173713684,68.39955139160156,555.05712890625,0.6615459322929382
821,382.298095703125,218.42001342773438,0.8749963045120239,244.116943359375,304.301025390625,0.970151424407959,305.5346984863281,426.01788330078125,0.8442269563674927,73.97882843017578,455.07061767578125,0.11348786950111389,72.87622833251953,456.0856018066406,0.45614975690841675
822,385.34979248046875,220.1453857421875,0.943566083908081,245.0693359375,304.0205078125,0.9648930430412292,305.4010314941406,425.628662109375,0.847504734992981,71.16215515136719,449.7979431152344,0.1509336233139038,68.27373504638672,454.6314392089844,0.559934139251709
823,387.925537109375,221.14361572265625,0.9209504723548889,245.9830322265625,304.2623291015625,0.9709098935127258,305.0306091308594,425.3873291015625,0.8412679433822632,63.398651123046875,450.3977966308594,0.034500062465667725,65.42689514160156,455.2431335449219,0.5512450933456421
824,390.08087158203125,222.40174865722656,0.900343120098114,246.85421752929688,304.2550354003906,0.96574866771698,304.6852111816406,425.5923767089844,0.8090487718582153,61.33757019042969,449.94879150390625,0.029247373342514038,62.42610168457031,453.25250244140625,0.5716395378112793
825,392.8504333496094,223.2795867919922,0.9147151708602905,248.4330291748047,304.8947448730469,0.9682166576385498,304.6259460449219,426.2976379394531,0.8386976718902588,58.35978317260742,454.2890625,0.032099246978759766,57.572025299072266,452.3879089355469,0.5012392997741699
826,394.4761657714844,223.97613525390625,0.900115430355072,248.99436950683594,305.6196594238281,0.9693416357040405,305.1221923828125,427.19622802734375,0.799781084060669,51.865089416503906,448.2322082519531,0.04133918881416321,53.86981201171875,452.59136962890625,0.5780372619628906
827,397.2026672363281,224.40936279296875,0.921817421913147,249.7350616455078,306.7113342285156,0.9697652459144592,305.7750549316406,428.271728515625,0.7981342077255249,51.5993766784668,448.5596008300781,0.03907141089439392,55.77212142944336,452.33074951171875,0.6121797561645508
828,401.6680908203125,225.03968811035156,0.9311237335205078,250.79336547851562,307.7500305175781,0.9730663299560547,307.028076171875,429.3575134277344,0.8455867171287537,55.67387390136719,447.3525390625,0.056060731410980225,54.41538619995117,450.015625,0.4629281759262085
829,403.3703308105469,225.25872802734375,0.9318568706512451,252.93650817871094,308.8266906738281,0.9620809555053711,307.7668762207031,430.0994567871094,0.8213413953781128,58.66858673095703,445.9488830566406,0.060086190700531006,58.7769660949707,447.98370361328125,0.6891889572143555
830,404.7809753417969,225.5355987548828,0.9286248683929443,255.29978942871094,309.8181457519531,0.9608514308929443,312.3299865722656,433.1632385253906,0.8749165534973145,60.31428146362305,445.867431640625,0.03356489539146423,60.492305755615234,447.7193298339844,0.6671136021614075
831,407.85589599609375,224.0819854736328,0.9156872630119324,259.0213928222656,310.402099609375,0.976114809513092,314.0600891113281,433.54901123046875,0.9020274877548218,67.11543273925781,445.0816345214844,0.07077491283416748,61.917903900146484,447.9190368652344,0.6579715013504028
832,410.11322021484375,223.51718139648438,0.9121183156967163,261.4371643066406,310.57177734375,0.976312518119812,316.80438232421875,434.4648132324219,0.8850283622741699,69.55094909667969,439.1580505371094,0.14652875065803528,65.5920181274414,444.428955078125,0.6225847005844116
833,414.8876647949219,222.98532104492188,0.9375479221343994,264.9171447753906,313.2939147949219,0.9700134992599487,320.18310546875,436.2491149902344,0.8919212222099304,69.77738952636719,441.6180725097656,0.10082647204399109,66.59781646728516,442.51605224609375,0.6901612281799316
834,417.6842041015625,223.21844482421875,0.9423020482063293,267.1539306640625,310.3099670410156,0.9621870517730713,322.9337158203125,436.96893310546875,0.8852436542510986,72.10161590576172,433.19927978515625,0.1547025442123413,68.31671905517578,438.8061828613281,0.5388223528862
835,420.04364013671875,223.52877807617188,0.9376637935638428,269.8370666503906,310.0228271484375,0.9593056440353394,325.16070556640625,437.0318908691406,0.9036210775375366,75.00775146484375,428.6252746582031,0.2784675061702728,31.67863655090332,545.6364135742188,0.5251632332801819
836,422.8904724121094,223.55763244628906,0.9194282293319702,274.2991638183594,309.9795837402344,0.9696358442306519,330.05706787109375,438.0983581542969,0.9176064729690552,79.20945739746094,418.1800537109375,0.3913111090660095,78.09764099121094,424.9651184082031,0.3745037913322449
837,425.20098876953125,223.523681640625,0.9275112748146057,277.57794189453125,309.7021484375,0.9740661382675171,332.51519775390625,438.2429504394531,0.9177440404891968,81.40492248535156,408.0342712402344,0.2473951280117035,81.96434020996094,417.3210144042969,0.34034639596939087
838,427.2310485839844,223.86082458496094,0.913384735584259,281.07574462890625,310.0718078613281,0.9588700532913208,337.2541198730469,438.700927734375,0.9401550889015198,91.7500991821289,403.7929992675781,0.564365029335022,34.56639862060547,525.2587280273438,0.1663437783718109
839,431.92108154296875,223.42767333984375,0.9414443373680115,283.4291687011719,309.7200622558594,0.9514987468719482,341.0151062011719,440.3597412109375,0.9475767612457275,94.87532806396484,396.22918701171875,0.45526716113090515,93.62583923339844,400.4776306152344,0.16328510642051697
840,434.50439453125,225.33030700683594,0.9406310319900513,286.3743896484375,309.3535461425781,0.9612306952476501,343.1430358886719,441.14788818359375,0.9439855813980103,101.94181060791016,384.6232604980469,0.6690975427627563,99.85550689697266,391.7962951660156,0.13592350482940674
841,436.2001647949219,225.79566955566406,0.9515712261199951,290.20965576171875,308.4369201660156,0.9659565687179565,346.46466064453125,441.7082214355469,0.9433402419090271,111.00836944580078,375.21307373046875,0.6506153345108032,109.50686645507812,382.4844055175781,0.2005554437637329
842,437.236083984375,226.2327117919922,0.9478349685668945,293.8367919921875,306.6325988769531,0.9648747444152832,352.1719970703125,441.5602111816406,0.9420201778411865,123.0239486694336,366.6414489746094,0.7586147785186768,118.35367584228516,373.7110290527344,0.1679787039756775
843,439.72821044921875,225.34503173828125,0.9406323432922363,296.72296142578125,304.2307434082031,0.9690295457839966,354.8733825683594,441.0272216796875,0.9616581201553345,131.91238403320312,358.4191589355469,0.6514917612075806,129.71533203125,364.2130126953125,0.15726235508918762
844,441.6534423828125,224.16461181640625,0.92982017993927,300.3740539550781,302.3053894042969,0.9501057863235474,357.03790283203125,440.37493896484375,0.9508976936340332,141.78457641601562,352.1913757324219,0.815890908241272,141.47946166992188,358.9818420410156,0.16149327158927917
845,444.22308349609375,222.18197631835938,0.9119338393211365,304.1856994628906,301.5069580078125,0.9530566930770874,362.2315979003906,439.2715148925781,0.9543371796607971,152.68601989746094,348.80218505859375,0.7596235275268555,150.2767791748047,354.01824951171875,0.07225227355957031
846,447.70391845703125,222.08245849609375,0.9437269568443298,309.0423583984375,299.2408142089844,0.9665462374687195,366.9159851074219,438.4114685058594,0.9482114315032959,163.98426818847656,346.32000732421875,0.8571069240570068,161.38804626464844,352.2025451660156,0.04492536187171936
847,450.2060241699219,220.8345184326172,0.947982907295227,312.8923034667969,297.7664794921875,0.963461697101593,371.396484375,437.4743957519531,0.9708207845687866,174.51162719726562,347.3935546875,0.8870716094970703,178.85256958007812,349.8763732910156,0.034982889890670776
848,452.65130615234375,219.6300048828125,0.9374732375144958,315.91961669921875,294.3367004394531,0.9616795778274536,379.3529052734375,436.5721740722656,0.9649438858032227,186.01829528808594,349.20892333984375,0.8957232236862183,180.162353515625,357.8936462402344,0.03829362988471985
849,454.643310546875,218.16342163085938,0.925969660282135,319.7790222167969,294.0351257324219,0.9544321298599243,386.4654235839844,436.5639953613281,0.9717940092086792,196.19947814941406,354.2538757324219,0.8870764374732971,192.27503967285156,361.14678955078125,0.03995135426521301
850,457.05035400390625,216.68484497070312,0.9160170555114746,325.9216613769531,294.0404968261719,0.9490987062454224,395.2998962402344,433.81414794921875,0.9622659683227539,207.11221313476562,361.7881774902344,0.9685004949569702,205.80088806152344,371.229248046875,0.021588563919067383
851,459.3394470214844,213.581787109375,0.9299755692481995,330.2229919433594,294.8166809082031,0.9512420892715454,404.2743835449219,435.3429870605469,0.9742350578308105,217.08334350585938,371.4480285644531,0.9110153317451477,259.9403076171875,481.34576416015625,0.6664717197418213
852,464.76171875,212.5602264404297,0.9543222188949585,336.7194519042969,297.3272705078125,0.9488912224769592,415.7527160644531,434.4605712890625,0.9524950385093689,229.31356811523438,380.29034423828125,0.9643104076385498,283.0146484375,485.5013732910156,0.7647680044174194
853,467.9588317871094,210.2632293701172,0.9529778361320496,342.787841796875,298.900146484375,0.9713188409805298,422.5466003417969,429.658447265625,0.9715960025787354,242.236572265625,394.6104736328125,0.9484069347381592,305.82470703125,494.93878173828125,0.8060154318809509
854,470.0634460449219,208.40419006347656,0.9458642601966858,346.4093017578125,300.013671875,0.9704505801200867,435.3804931640625,430.03533935546875,0.9677464962005615,252.7942352294922,408.0899658203125,0.9605591297149658,326.6191711425781,499.501953125,0.801613986492157
855,473.5805358886719,204.94898986816406,0.9428659677505493,353.1939392089844,302.2478332519531,0.9582854509353638,444.7438049316406,429.6539306640625,0.940942645072937,269.17596435546875,420.7652282714844,0.9746362566947937,348.4156799316406,507.09503173828125,0.8909403681755066
856,478.8612976074219,204.519775390625,0.9577048420906067,359.9411926269531,303.0517272949219,0.9641029834747314,454.6319274902344,428.00262451171875,0.9638270139694214,286.57562255859375,436.4436340332031,0.9756008982658386,372.6811218261719,513.2429809570312,0.8902969360351562
857,482.6675720214844,203.4831085205078,0.9728893041610718,365.0782775878906,303.4810791015625,0.9764620065689087,465.60162353515625,429.1495361328125,0.9634429216384888,307.18695068359375,447.8996276855469,0.95276939868927,397.1754150390625,517.2770385742188,0.8991611003875732
858,486.2197570800781,201.56214904785156,0.9578217267990112,372.7180480957031,305.21624755859375,0.9700294733047485,474.3952331542969,426.4077453613281,0.9606218338012695,329.6839904785156,462.3446350097656,0.9726542234420776,422.0211486816406,525.2029418945312,0.9316155314445496
859,489.3069152832031,200.330078125,0.9406547546386719,378.561279296875,305.7708740234375,0.9724320769309998,485.44091796875,425.9521179199219,0.9761333465576172,351.58245849609375,472.756591796875,0.9838323593139648,446.7881774902344,529.7172241210938,0.93291175365448
860,493.27276611328125,198.1681671142578,0.9583861827850342,386.1363830566406,308.30517578125,0.9584838151931763,496.7412109375,427.5652160644531,0.9803475141525269,374.1540222167969,482.0790710449219,0.9611880779266357,470.6095275878906,534.4251708984375,0.911872386932373
861,498.05206298828125,197.49806213378906,0.9654178619384766,392.7400817871094,308.4317932128906,0.9692520499229431,505.9169921875,426.34893798828125,0.9614758491516113,397.7017822265625,492.58648681640625,0.9802656173706055,498.1351318359375,537.659912109375,0.9370759129524231
862,501.3200988769531,196.13247680664062,0.9642004370689392,399.65240478515625,310.09637451171875,0.945206880569458,517.3472900390625,427.3044128417969,0.9790996313095093,421.68798828125,499.69012451171875,0.9691431522369385,523.9110107421875,541.8563842773438,0.9274242520332336
863,505.8692626953125,194.8424072265625,0.9550249576568604,406.84979248046875,310.6502990722656,0.9638287425041199,527.7786865234375,428.4288635253906,0.9702885150909424,442.2586669921875,508.0865783691406,0.9811826944351196,545.989990234375,542.9163208007812,0.9373154640197754
864,510.5271911621094,195.72308349609375,0.9483267068862915,413.1882629394531,313.4228210449219,0.9495481848716736,536.6110229492188,426.8326110839844,0.9584797620773315,461.4740295410156,514.6600952148438,0.9810348749160767,566.9590454101562,547.5780639648438,0.9418842196464539
865,515.9190063476562,196.51759338378906,0.9723492860794067,420.7129211425781,313.8584899902344,0.9797090291976929,546.4280395507812,428.310302734375,0.9752241373062134,481.3130798339844,519.7155151367188,0.9619510173797607,583.5878295898438,550.7254028320312,0.9000507593154907
866,519.9314575195312,197.12168884277344,0.9574520587921143,426.73028564453125,315.5752868652344,0.9772732257843018,556.063720703125,429.1289367675781,0.9471678733825684,496.83575439453125,523.0272827148438,0.9732148051261902,601.0839233398438,554.4358520507812,0.8745179176330566
867,524.7647705078125,199.3703155517578,0.9633896350860596,432.87384033203125,318.7620544433594,0.9655566215515137,563.7410278320312,430.6512756347656,0.9669687151908875,509.6871337890625,527.1602172851562,0.9671152234077454,615.3955688476562,556.0803833007812,0.8956891298294067
868,530.6895141601562,202.2120361328125,0.9707252383232117,437.6802978515625,320.2351989746094,0.9712610244750977,567.3052978515625,429.5001525878906,0.9418447017669678,520.9757080078125,529.5634765625,0.9637287259101868,626.5050659179688,556.88232421875,0.940924346446991
869,534.9052124023438,205.17820739746094,0.9656356573104858,443.4339904785156,322.280029296875,0.9725193977355957,576.2960205078125,436.0951843261719,0.9581517577171326,525.9201049804688,532.9091796875,0.9705345630645752,634.2178344726562,561.982666015625,0.9404724836349487
870,537.5347900390625,208.1571807861328,0.9615298509597778,446.7002868652344,327.32098388671875,0.9447147250175476,579.9569702148438,440.5683288574219,0.9561096429824829,530.160400390625,536.2869262695312,0.9623854160308838,632.38818359375,571.0938110351562,0.9018712639808655
871,540.6171875,212.86483764648438,0.9541604518890381,449.6749572753906,332.5748291015625,0.9758579730987549,581.362060546875,444.48980712890625,0.9574435353279114,529.779541015625,539.3447265625,0.9771614074707031,630.3781127929688,580.2230834960938,0.959655225276947
872,545.5759887695312,218.38265991210938,0.9699441194534302,452.62640380859375,335.9971618652344,0.9660662412643433,585.3740234375,451.70184326171875,0.9322329759597778,523.8383178710938,544.8048706054688,0.9741905331611633,626.0090942382812,582.83984375,0.9212774634361267
873,548.484130859375,222.60501098632812,0.963341474533081,453.70758056640625,340.9626159667969,0.9733419418334961,580.5529174804688,454.7130432128906,0.9509332776069641,517.3526000976562,546.46728515625,0.969692587852478,615.5945434570312,585.7732543945312,0.9227142333984375
874,549.6214599609375,229.41513061523438,0.9685295820236206,454.4123229980469,346.19451904296875,0.9831691384315491,579.7079467773438,462.455810546875,0.9531152844429016,508.7938537597656,550.0933837890625,0.9642500877380371,610.3338623046875,587.34375,0.933407187461853
875,552.5108642578125,234.42022705078125,0.9422539472579956,453.7967834472656,350.890625,0.9733591079711914,577.0943603515625,468.942138671875,0.9670053720474243,503.539306640625,548.625244140625,0.9589450359344482,603.859375,586.9148559570312,0.9112186431884766
876,553.5134887695312,239.2561798095703,0.9509363770484924,452.8707275390625,354.0843505859375,0.980410635471344,574.029541015625,474.4566955566406,0.9382078051567078,495.1299133300781,549.4620361328125,0.9708824157714844,595.5858154296875,586.7875366210938,0.9342019557952881
877,553.4517822265625,244.1365966796875,0.9508413076400757,451.1698913574219,358.5980224609375,0.9603838920593262,569.8167724609375,475.7966613769531,0.9387187361717224,490.0272521972656,548.4533081054688,0.9710558652877808,589.573974609375,587.6941528320312,0.9042860865592957
878,554.4067993164062,248.6302490234375,0.9535120129585266,449.6938781738281,361.49786376953125,0.9729996919631958,565.88330078125,478.0840759277344,0.9627984762191772,484.4250793457031,545.9315185546875,0.9690300226211548,581.9641723632812,587.12939453125,0.9285045266151428
879,554.281005859375,250.73191833496094,0.9564896821975708,447.80169677734375,363.800537109375,0.9769330024719238,564.1876831054688,483.7080993652344,0.9735192060470581,475.4196472167969,546.3750610351562,0.9828747510910034,576.6729736328125,587.641357421875,0.9102271795272827
880,554.6228637695312,253.12152099609375,0.9616097211837769,446.5947570800781,365.4400939941406,0.9662635326385498,560.2467651367188,485.1684265136719,0.9645026326179504,470.76995849609375,542.9415283203125,0.9699774980545044,567.4341430664062,587.8369140625,0.910109281539917
881,554.2791137695312,257.49163818359375,0.9376524090766907,445.6519775390625,366.15673828125,0.9737632274627686,556.8012084960938,485.5801086425781,0.9657339453697205,462.8738098144531,542.5537109375,0.9755918979644775,561.8328247070312,587.8080444335938,0.920697033405304
882,554.5855102539062,260.1756286621094,0.9610546231269836,445.6859436035156,366.51947021484375,0.9783904552459717,554.4285888671875,487.01922607421875,0.9612793922424316,458.7963562011719,539.90283203125,0.9726865291595459,551.799072265625,587.7633056640625,0.9033787846565247
883,554.4419555664062,262.8758544921875,0.9538506269454956,445.5406188964844,367.6484680175781,0.9772680997848511,550.5106201171875,488.742919921875,0.955600380897522,450.3361511230469,536.805908203125,0.9770913124084473,546.6309814453125,588.0528564453125,0.9293756484985352
884,555.2992553710938,265.6334533691406,0.9551904201507568,444.48748779296875,368.9649658203125,0.9804846048355103,548.8948364257812,490.5355529785156,0.9701578617095947,444.32080078125,535.3739013671875,0.9749633073806763,535.885986328125,587.535400390625,0.8881773948669434
885,555.1932373046875,266.81500244140625,0.9582653045654297,443.9664306640625,369.954833984375,0.978127121925354,546.47021484375,491.0780029296875,0.9707597494125366,438.1474304199219,532.7357788085938,0.968292236328125,530.4096069335938,587.3496704101562,0.9313514232635498
886,555.7836303710938,267.575927734375,0.9562996625900269,443.66558837890625,371.6479187011719,0.9661747217178345,544.723388671875,493.1920166015625,0.9687837958335876,430.80267333984375,531.6868286132812,0.9844557046890259,520.2421875,587.4073486328125,0.8945404887199402
887,557.8820190429688,268.96087646484375,0.9492844939231873,442.9634704589844,372.154296875,0.9703973531723022,543.2784423828125,494.17376708984375,0.9496874809265137,426.4923400878906,529.6907348632812,0.9784276485443115,515.0323486328125,586.7787475585938,0.9349938631057739
888,557.8517456054688,269.87579345703125,0.9470986127853394,442.2938537597656,373.3917541503906,0.9691438674926758,540.5004272460938,493.0941162109375,0.9377649426460266,420.3999328613281,525.6415405273438,0.9771333932876587,504.5372009277344,586.896728515625,0.899179220199585
889,557.9481201171875,269.962646484375,0.9496736526489258,441.6815185546875,373.7302551269531,0.9691798090934753,540.0963134765625,493.10650634765625,0.9509764909744263,415.40283203125,523.8566284179688,0.9821734428405762,500.6451721191406,586.4037475585938,0.936859130859375
890,558.02734375,269.6399841308594,0.9536819458007812,441.09869384765625,374.1240234375,0.9683748483657837,537.9745483398438,492.5086975097656,0.942632794380188,409.49053955078125,521.2357177734375,0.971027135848999,490.6842956542969,585.2320556640625,0.8681713938713074
891,557.9730834960938,269.2154541015625,0.9502042531967163,440.6979064941406,375.54217529296875,0.965125322341919,535.8001098632812,492.413330078125,0.9429791569709778,404.2125244140625,518.1448364257812,0.9669026732444763,483.5550842285156,584.1756591796875,0.9310625791549683
892,558.1177978515625,269.1966552734375,0.9517837762832642,440.48345947265625,374.20416259765625,0.9646044969558716,535.2328491210938,492.1773376464844,0.9337453246116638,397.9117431640625,514.6036376953125,0.9837194681167603,475.5373840332031,584.8468017578125,0.89146888256073
893,558.5662231445312,268.4552307128906,0.9547085762023926,439.6330871582031,373.8357849121094,0.9672000408172607,535.1244506835938,492.55181884765625,0.9353349804878235,392.5853576660156,512.3410034179688,0.9639363288879395,467.4389953613281,584.0296020507812,0.9307084083557129
894,559.0568237304688,268.0554504394531,0.9622364044189453,439.46771240234375,373.6922912597656,0.9706588983535767,534.2884521484375,492.1795654296875,0.9457709789276123,387.9364929199219,508.43951416015625,0.9786316752433777,462.0041809082031,584.6165771484375,0.9055085182189941
895,559.3359375,267.3617858886719,0.9676986336708069,439.31390380859375,373.3187255859375,0.9681902527809143,533.7691650390625,492.2279052734375,0.945838212966919,384.2330017089844,507.23681640625,0.9829698801040649,453.2513427734375,583.304443359375,0.93975830078125
896,559.788330078125,266.75164794921875,0.9656822681427002,439.150634765625,372.4503479003906,0.9726994037628174,533.4596557617188,491.67059326171875,0.9388041496276855,378.8609313964844,502.8987731933594,0.9804993867874146,448.37445068359375,583.0171508789062,0.913529098033905
897,560.1958618164062,265.96441650390625,0.9695656299591064,438.6053466796875,371.8985595703125,0.9779298305511475,533.0192260742188,491.3077697753906,0.9376168251037598,376.3709716796875,500.1231689453125,0.9590301513671875,441.9260559082031,583.6233520507812,0.9071666598320007
898,560.6082763671875,265.2825012207031,0.9672465324401855,438.6209411621094,371.33038330078125,0.9773819446563721,532.6376342773438,490.6165466308594,0.9339591264724731,371.81640625,496.8029479980469,0.9705227613449097,433.9559631347656,582.2598266601562,0.9333418011665344
899,560.7932739257812,263.59716796875,0.9607170224189758,438.794921875,370.71826171875,0.9799714088439941,532.774169921875,490.001708984375,0.9313379526138306,367.2940673828125,496.22845458984375,0.9764766693115234,427.075927734375,582.744140625,0.9016755819320679
900,561.9110717773438,262.2936706542969,0.9622829556465149,438.930419921875,370.2337341308594,0.9795727729797363,532.4942016601562,489.3597717285156,0.9255709648132324,363.90899658203125,491.47418212890625,0.9845443964004517,419.203369140625,580.910400390625,0.9405083656311035
901,563.2122192382812,261.3302917480469,0.9654099941253662,439.4876708984375,370.0401916503906,0.9767205715179443,531.6826782226562,487.4720764160156,0.9370996952056885,359.3072814941406,488.60260009765625,0.9740432500839233,411.3904113769531,581.2780151367188,0.9202283620834351
902,564.2620849609375,260.9356384277344,0.9555341005325317,440.2296142578125,369.0179138183594,0.9805655479431152,531.6979370117188,487.3212890625,0.9425219297409058,355.8921203613281,487.47314453125,0.9797625541687012,403.3642578125,579.5762329101562,0.954174280166626
903,565.1027221679688,260.57391357421875,0.9605939984321594,441.2437438964844,368.1356506347656,0.9805511236190796,531.531982421875,486.54095458984375,0.9480234384536743,352.2763366699219,486.2880554199219,0.9750661849975586,397.4171447753906,579.0797119140625,0.9221608638763428
904,566.040771484375,260.3031921386719,0.9591171741485596,442.7034912109375,367.2012634277344,0.9788098335266113,531.4385986328125,485.3566589355469,0.9508277177810669,349.26776123046875,483.7627258300781,0.9793719053268433,389.8734130859375,578.7380981445312,0.9300895929336548
905,568.7234497070312,258.7039794921875,0.9648613333702087,444.1741943359375,367.0164794921875,0.974901556968689,531.986328125,484.8973693847656,0.9468303322792053,346.23089599609375,480.8739929199219,0.9762426614761353,385.251220703125,578.6992797851562,0.9460465312004089
906,571.1544799804688,257.88018798828125,0.9544442296028137,445.74664306640625,366.39599609375,0.9775062799453735,532.378662109375,484.3074035644531,0.9428015351295471,342.7108459472656,477.1641540527344,0.9609187841415405,378.2553405761719,578.5784301757812,0.9077764749526978
907,573.2913208007812,256.6504821777344,0.9489177465438843,447.78741455078125,365.5877685546875,0.9771426916122437,533.300048828125,482.8294982910156,0.9215564727783203,338.8252258300781,474.39453125,0.9783214330673218,370.9021301269531,577.4892578125,0.9453026056289673
908,576.986083984375,256.65484619140625,0.9414598941802979,449.92376708984375,363.23455810546875,0.9869197607040405,532.6196899414062,477.99951171875,0.9294018745422363,336.10980224609375,474.0773620605469,0.9733386635780334,365.6148376464844,576.5098876953125,0.9209705591201782
909,578.9761962890625,254.88308715820312,0.9370666146278381,452.7308044433594,361.0462646484375,0.9829765558242798,532.8079833984375,476.2704162597656,0.9373687505722046,333.3156433105469,472.1918029785156,0.9804755449295044,357.4075622558594,576.58251953125,0.9360507726669312
910,581.0245971679688,253.79576110839844,0.939584493637085,453.9185485839844,358.0489501953125,0.9815762042999268,532.9886474609375,474.49810791015625,0.9422560334205627,329.8802185058594,471.54937744140625,0.9554257988929749,351.3645324707031,575.9486083984375,0.92496657371521
911,583.1754150390625,253.18690490722656,0.9082538485527039,454.9674072265625,355.80950927734375,0.9785851240158081,532.8129272460938,472.84783935546875,0.9292720556259155,327.0904541015625,469.5809326171875,0.9156663417816162,343.9586486816406,575.0294799804688,0.9138684868812561
912,585.0723876953125,250.4964141845703,0.9283348321914673,456.0933532714844,353.04327392578125,0.9776050448417664,531.6826171875,470.9902038574219,0.9427249431610107,324.3603515625,468.8185119628906,0.8665390014648438,337.1910705566406,575.7045288085938,0.9383969306945801
913,587.3041381835938,249.6902313232422,0.9318013191223145,456.9338073730469,350.6163330078125,0.9748207330703735,531.9524536132812,469.95135498046875,0.9474531412124634,319.42816162109375,468.5743713378906,0.8980486989021301,331.3334655761719,574.4489135742188,0.9126306772232056
914,588.6661376953125,247.3444366455078,0.9498181343078613,457.4861755371094,348.69122314453125,0.9697646498680115,532.2461547851562,468.5948181152344,0.9251207113265991,315.58966064453125,466.9707336425781,0.8863512277603149,324.0076599121094,574.7380981445312,0.9230839610099792
915,592.3203735351562,247.04556274414062,0.9568684697151184,457.6249084472656,346.8020324707031,0.9754799604415894,532.4833984375,467.1646423339844,0.9078394174575806,311.7777404785156,466.0404357910156,0.8762249946594238,318.03741455078125,574.7849731445312,0.9131956100463867
916,594.5659790039062,245.8494110107422,0.972955584526062,458.7950439453125,343.089599609375,0.9777061939239502,531.8230590820312,462.1922912597656,0.9080851078033447,308.4111022949219,463.8240661621094,0.809393048286438,310.1627502441406,573.215576171875,0.9168345928192139
917,596.0360107421875,245.73126220703125,0.9722529649734497,459.688720703125,341.45977783203125,0.979882001876831,531.2218017578125,461.17181396484375,0.9288703799247742,303.4741516113281,462.6499328613281,0.8115484118461609,304.11834716796875,573.3650512695312,0.9011940956115723
918,597.0963745117188,246.0354766845703,0.9683970212936401,460.66302490234375,340.4134826660156,0.9848374128341675,531.3780517578125,460.7012634277344,0.9314768314361572,300.60107421875,461.1641845703125,0.9069961905479431,298.32916259765625,573.470458984375,0.863717794418335
919,597.8132934570312,245.31471252441406,0.9631969332695007,461.6860656738281,339.988525390625,0.9826148748397827,531.560302734375,461.14923095703125,0.9263888597488403,297.4938659667969,458.9856872558594,0.9411795139312744,291.2637634277344,570.5857543945312,0.9268275499343872
920,600.4097290039062,243.44329833984375,0.949546217918396,462.8681945800781,340.67138671875,0.9833803772926331,531.7530517578125,460.8882141113281,0.9108597040176392,295.8480529785156,457.0670471191406,0.9278830885887146,286.0421447753906,567.1129150390625,0.8719406127929688
921,601.318603515625,241.8660888671875,0.9494770169258118,465.0331115722656,340.36309814453125,0.9829114675521851,532.4259033203125,461.14910888671875,0.9135501384735107,296.63592529296875,452.0031433105469,0.8171184062957764,279.34820556640625,564.0047607421875,0.9176007509231567
922,602.282470703125,240.31256103515625,0.9388575553894043,466.54046630859375,340.57177734375,0.9864102602005005,532.24169921875,461.4478759765625,0.9257441759109497,297.7728576660156,446.4436950683594,0.8756153583526611,275.5198974609375,558.4420166015625,0.9404075145721436
923,603.6566162109375,238.52725219726562,0.9268442392349243,468.5388488769531,341.3199768066406,0.9845781326293945,533.0272216796875,462.5456237792969,0.9200481176376343,299.1125183105469,440.647705078125,0.9334663152694702,273.0158386230469,554.063720703125,0.8756076097488403
924,604.7603149414062,238.36358642578125,0.941673994064331,469.81982421875,341.3016662597656,0.9851508140563965,534.350341796875,462.6523132324219,0.9074392318725586,302.2679748535156,435.0813903808594,0.9173039197921753,271.30279541015625,547.8176879882812,0.9118586778640747
925,606.5940551757812,238.70339965820312,0.941059947013855,471.269775390625,341.5019226074219,0.9776040315628052,538.758544921875,464.6913146972656,0.9368648529052734,306.8316650390625,427.16717529296875,0.930514931678772,270.36456298828125,543.1943359375,0.8904801607131958
926,607.8016357421875,238.40394592285156,0.9516854286193848,473.20672607421875,341.28448486328125,0.9841461181640625,540.8034057617188,466.4498291015625,0.9405837655067444,311.5673522949219,421.27252197265625,0.8821130394935608,272.26593017578125,539.2317504882812,0.8369737267494202
927,608.5340576171875,238.34963989257812,0.9552109837532043,475.3457336425781,340.0055236816406,0.9850512742996216,544.2847900390625,467.837890625,0.9241595268249512,316.3328552246094,413.21875,0.939165472984314,273.49853515625,530.63134765625,0.9008367657661438
928,609.7767333984375,238.38002014160156,0.9535266160964966,477.1125793457031,338.26397705078125,0.985879123210907,544.9807739257812,467.94696044921875,0.9363739490509033,324.609619140625,405.6257019042969,0.9371739625930786,277.91888427734375,524.4647216796875,0.8150738477706909
929,610.55517578125,238.63462829589844,0.955824077129364,479.2494201660156,337.02239990234375,0.9822008609771729,547.0321044921875,467.5935974121094,0.9505382776260376,332.1628112792969,399.499755859375,0.9424358606338501,288.384033203125,516.361572265625,0.7856571674346924
930,611.2109375,238.60276794433594,0.9519404768943787,483.5606994628906,335.4214782714844,0.9787240028381348,548.2664794921875,467.020263671875,0.948911190032959,341.5576477050781,390.0195617675781,0.9556320905685425,300.28173828125,512.359619140625,0.6658062934875488
931,611.7523193359375,238.81314086914062,0.9479400515556335,486.1898498535156,332.2966613769531,0.9838926792144775,553.0089111328125,466.1280822753906,0.9424382448196411,349.2447204589844,385.6005554199219,0.972517728805542,312.01220703125,508.86480712890625,0.4059664309024811
932,612.2515869140625,238.6306915283203,0.9412680268287659,487.9019470214844,329.788818359375,0.9717733860015869,554.92431640625,464.98284912109375,0.9229950308799744,357.1080627441406,379.50634765625,0.9657915234565735,327.84716796875,504.1233825683594,0.47392281889915466
933,612.5911254882812,238.76644897460938,0.9447330236434937,488.68878173828125,327.76025390625,0.969746470451355,559.6077270507812,466.1393127441406,0.9240022897720337,364.1622314453125,379.15625,0.9673666954040527,343.70135498046875,504.2022399902344,0.32440686225891113
934,613.1038818359375,238.35581970214844,0.9407789707183838,489.97589111328125,325.0202941894531,0.9805748462677002,561.2315673828125,461.9847412109375,0.9395076632499695,371.265869140625,378.0176696777344,0.9653210639953613,359.80584716796875,502.2772216796875,0.35939690470695496
935,613.5117797851562,238.0710906982422,0.9443755149841309,491.32281494140625,324.0367736816406,0.982191264629364,565.1574096679688,460.2518615722656,0.9543612003326416,375.4419250488281,379.49896240234375,0.947415828704834,376.05755615234375,502.5148620605469,0.2518134117126465
936,614.0868530273438,237.28907775878906,0.9401097297668457,492.7474060058594,324.7716064453125,0.9810363054275513,569.2774047851562,458.9526062011719,0.9392369985580444,382.0892028808594,388.42523193359375,0.9764464497566223,396.86358642578125,510.4407043457031,0.6194233298301697
937,614.3644409179688,237.27743530273438,0.9448907375335693,494.34613037109375,325.95318603515625,0.975525438785553,576.2807006835938,459.4210205078125,0.949855387210846,386.88433837890625,393.3584289550781,0.9709587097167969,413.3294372558594,512.5549926757812,0.813859760761261
938,614.89990234375,236.8319549560547,0.9425063133239746,496.7274475097656,329.22900390625,0.9609776735305786,579.4472045898438,458.04058837890625,0.979356050491333,390.6438903808594,398.48297119140625,0.9439913034439087,430.85870361328125,515.3046264648438,0.8476781249046326
939,615.5567626953125,236.43716430664062,0.938122034072876,498.1210632324219,331.0976257324219,0.9776681661605835,581.6250610351562,456.33636474609375,0.9702606797218323,397.78985595703125,410.1205749511719,0.9766374230384827,448.1459655761719,522.4177856445312,0.8035273551940918
940,615.6905517578125,236.01268005371094,0.9519602060317993,499.3973693847656,333.248291015625,0.9839938879013062,587.6011352539062,455.1072692871094,0.9469027519226074,404.1329040527344,419.7845153808594,0.9626978635787964,465.3269348144531,524.7017211914062,0.8925170302391052
941,615.995361328125,235.74008178710938,0.9558820724487305,500.88262939453125,335.8028259277344,0.9799799919128418,593.8392333984375,457.7862243652344,0.9558085203170776,411.5995178222656,430.81976318359375,0.9616217613220215,482.5895690917969,528.0860595703125,0.7713814377784729
942,616.0864868164062,235.2021942138672,0.9575357437133789,502.5194091796875,337.54754638671875,0.9754052758216858,596.2376708984375,455.9206848144531,0.9708704948425293,419.0462341308594,442.0257263183594,0.9777074456214905,497.197998046875,529.7360229492188,0.8485604524612427
943,616.6417236328125,234.74441528320312,0.9597721099853516,503.8599548339844,339.69561767578125,0.9760295748710632,602.9677734375,455.1412658691406,0.945022463798523,426.450439453125,453.9529113769531,0.9766770601272583,513.4105834960938,533.3253173828125,0.8014770746231079
944,616.60302734375,234.27293395996094,0.9588190317153931,505.4925842285156,342.21685791015625,0.9722868204116821,608.2955322265625,454.128173828125,0.9423342943191528,437.799560546875,463.421875,0.9623782634735107,529.2865600585938,539.5364379882812,0.860249400138855
945,616.4847412109375,233.9504852294922,0.9445474147796631,507.6686706542969,345.75750732421875,0.9743002653121948,610.649658203125,455.0234069824219,0.9731073975563049,448.4101867675781,474.1933288574219,0.9844304323196411,540.963623046875,538.9866943359375,0.8310116529464722
946,616.3558349609375,233.03614807128906,0.9316625595092773,509.3486022949219,347.1970520019531,0.9796956181526184,615.0096435546875,454.56329345703125,0.9572479724884033,459.0826721191406,484.2212829589844,0.9804556369781494,560.6488037109375,543.9308471679688,0.9221405982971191
947,614.1439208984375,231.75230407714844,0.9415925145149231,512.5826416015625,348.61883544921875,0.9872665405273438,620.2955932617188,453.93255615234375,0.9575784206390381,474.0729064941406,493.7113342285156,0.9723970890045166,570.595458984375,549.574951171875,0.923444390296936
948,614.173095703125,230.95120239257812,0.9404220581054688,515.0880126953125,349.76458740234375,0.9859170913696289,624.67236328125,454.1504821777344,0.956394612789154,487.5906066894531,500.47503662109375,0.9634785056114197,583.1068725585938,554.0043334960938,0.9118131995201111
949,615.4915161132812,229.9365997314453,0.9448176622390747,517.3652954101562,350.84857177734375,0.9834027290344238,627.5736083984375,454.9533996582031,0.9686248302459717,499.2055969238281,507.8999328613281,0.9832426905632019,598.359375,556.5406494140625,0.9542770385742188
950,613.9934692382812,229.39907836914062,0.9485244750976562,518.7863159179688,351.43115234375,0.979362964630127,634.032470703125,454.59320068359375,0.9428168535232544,511.42803955078125,514.7598266601562,0.9769542813301086,611.9268188476562,560.0567016601562,0.9540480375289917
951,613.6499633789062,229.3019561767578,0.9564769268035889,520.4592895507812,350.64410400390625,0.9822158813476562,639.1864013671875,457.5485534667969,0.9430524110794067,525.45849609375,521.3118286132812,0.9678477048873901,625.605712890625,562.51611328125,0.9484443068504333
952,613.572998046875,228.7811279296875,0.9571712017059326,521.8353271484375,351.01318359375,0.9855842590332031,641.5872192382812,455.8907165527344,0.9534024000167847,537.6627807617188,525.9494018554688,0.9785058498382568,639.1765747070312,565.2708129882812,0.917609453201294
953,613.3760986328125,228.56997680664062,0.9600049257278442,523.4965209960938,352.0472106933594,0.9886187314987183,643.5942993164062,454.8376770019531,0.9577562808990479,552.21484375,530.6924438476562,0.963238000869751,653.1066284179688,569.4317626953125,0.8957419395446777
954,613.0897827148438,228.03305053710938,0.9656029939651489,525.2994384765625,353.34063720703125,0.9870052337646484,650.0037231445312,457.8439636230469,0.9441360235214233,565.1683959960938,535.8875732421875,0.9692065119743347,668.4146118164062,570.2598266601562,0.8800972104072571
955,612.7156372070312,228.4183349609375,0.9708877801895142,527.406982421875,355.4992980957031,0.9766042232513428,655.4178466796875,459.2593688964844,0.938728928565979,578.1449584960938,540.0551147460938,0.9797260761260986,685.4581298828125,572.1112670898438,0.9026825428009033
956,612.6048583984375,228.07736206054688,0.9740356206893921,530.7559814453125,357.72601318359375,0.9738688468933105,659.1618041992188,459.4649353027344,0.9660963416099548,592.4376831054688,545.9474487304688,0.9626744985580444,699.7085571289062,572.8135986328125,0.9248513579368591
957,611.9971313476562,228.46180725097656,0.9736398458480835,532.2877197265625,360.226318359375,0.9780796766281128,664.294677734375,458.8730773925781,0.9287969470024109,606.1082153320312,549.5596923828125,0.9672845005989075,716.6913452148438,576.0905151367188,0.9444044232368469
958,611.3336791992188,229.08331298828125,0.974591851234436,535.0177612304688,361.69091796875,0.9852299094200134,668.8734130859375,460.3740234375,0.937391996383667,619.8120727539062,553.6928100585938,0.9666882753372192,730.85107421875,576.79833984375,0.9322498440742493
959,610.2945556640625,229.7445526123047,0.9664908647537231,536.70654296875,363.8451232910156,0.9809753894805908,674.7005615234375,461.4542541503906,0.9543483257293701,630.478515625,555.3426513671875,0.9730782508850098,741.5176391601562,576.6421508789062,0.9290323257446289
960,609.68603515625,231.30780029296875,0.9648412466049194,538.44091796875,364.9551086425781,0.9789227247238159,677.20458984375,460.8682861328125,0.9284818768501282,641.1248168945312,557.0699462890625,0.9589834809303284,752.5094604492188,578.0907592773438,0.9110671281814575
961,608.4405517578125,232.128662109375,0.9655241966247559,539.6231079101562,366.8646240234375,0.9862591028213501,685.0584716796875,463.4150695800781,0.924147367477417,648.7391357421875,559.5740966796875,0.9592676162719727,757.0169677734375,581.9825439453125,0.9101428985595703
962,607.9003295898438,233.77415466308594,0.969416618347168,540.82568359375,369.5008544921875,0.9806481599807739,686.494140625,463.7542419433594,0.9091459512710571,653.9573974609375,562.6943359375,0.9696979522705078,763.2943115234375,587.350830078125,0.8159780502319336
963,607.3043212890625,235.3004913330078,0.9638142585754395,541.4002075195312,372.7469482421875,0.9738707542419434,686.9793701171875,464.6463623046875,0.9009828567504883,660.0802612304688,564.5951538085938,0.9590471386909485,765.3701782226562,596.6939697265625,0.9098942279815674
964,606.7155151367188,237.2436981201172,0.9556435346603394,541.805908203125,377.5489501953125,0.968391478061676,687.4686889648438,466.3359069824219,0.9176040887832642,659.6557006835938,569.0899658203125,0.9703638553619385,768.9569091796875,606.2080078125,0.9213888645172119
965,604.3939208984375,238.7453155517578,0.9457157254219055,540.57568359375,379.90435791015625,0.9810510277748108,688.394287109375,472.7783203125,0.8846079111099243,657.3594360351562,571.556640625,0.9769589900970459,762.6993408203125,612.8975219726562,0.9218621253967285
966,603.8355712890625,242.9272003173828,0.9595417976379395,539.8530883789062,381.7929382324219,0.985073983669281,684.7286376953125,474.7137451171875,0.8978374004364014,649.4597778320312,574.260986328125,0.9729407429695129,754.911376953125,612.7800903320312,0.9267107248306274
967,603.87646484375,246.54440307617188,0.9581049680709839,538.5396728515625,385.4210510253906,0.9863758087158203,686.776123046875,479.8686828613281,0.9187376499176025,643.6315307617188,576.4589233398438,0.9637541770935059,743.3793334960938,614.4012451171875,0.9139246940612793
968,603.9927368164062,249.96682739257812,0.9630311131477356,537.1350708007812,389.99700927734375,0.9723932147026062,681.8697509765625,487.3324890136719,0.9114388227462769,635.6122436523438,579.802001953125,0.9750245809555054,738.1923217773438,616.18408203125,0.9028868675231934
969,603.4236450195312,253.2009735107422,0.953008770942688,535.5419311523438,393.6973876953125,0.9852511882781982,677.45703125,489.29595947265625,0.9206595420837402,629.4026489257812,580.17041015625,0.9678763151168823,731.0873413085938,616.4462280273438,0.905490517616272
970,602.5131225585938,256.9466552734375,0.9626578092575073,532.8880615234375,396.92962646484375,0.9847471714019775,675.119140625,492.43682861328125,0.9333208799362183,620.3280639648438,580.7764892578125,0.974407434463501,724.2337036132812,617.3456420898438,0.9196516871452332
971,601.43408203125,260.1571960449219,0.9625338912010193,530.1338500976562,399.4742431640625,0.9772439002990723,673.1553344726562,498.08404541015625,0.9273261427879333,615.030029296875,579.019287109375,0.9639476537704468,715.9042358398438,616.987548828125,0.9022432565689087
972,599.9515991210938,262.5909118652344,0.9560495615005493,527.44775390625,399.6017761230469,0.9712625741958618,668.8355712890625,497.90582275390625,0.946073055267334,605.9652709960938,579.4716796875,0.978581428527832,708.9185180664062,617.854736328125,0.9200640916824341
973,600.591796875,265.1481628417969,0.9418898820877075,526.5617065429688,400.2457580566406,0.9732271432876587,661.7283325195312,500.22442626953125,0.9253758192062378,600.6767578125,578.5105590820312,0.9669884443283081,701.2628173828125,617.25634765625,0.8912542462348938
974,600.3146362304688,266.78570556640625,0.9501141309738159,524.8788452148438,400.5891418457031,0.9815316796302795,658.9373168945312,501.19415283203125,0.9567110538482666,595.6065063476562,577.4141845703125,0.9700976610183716,693.8609619140625,617.5336303710938,0.9188535213470459
975,600.2574462890625,268.2945251464844,0.9468700885772705,523.7914428710938,401.1485900878906,0.9806478023529053,656.8564453125,505.32769775390625,0.9360438585281372,587.4323120117188,577.7017822265625,0.9738680124282837,689.4150390625,618.3165893554688,0.9071387052536011
976,600.446044921875,269.02349853515625,0.949675440788269,522.36962890625,401.7017822265625,0.9774788022041321,651.85888671875,506.53497314453125,0.9387753009796143,581.6238403320312,574.8062744140625,0.9736021757125854,682.2965698242188,617.9293212890625,0.9021099805831909
977,600.269775390625,271.9300537109375,0.9540478587150574,520.6115112304688,401.92254638671875,0.9752918481826782,649.110595703125,506.931884765625,0.9470444321632385,573.2514038085938,576.0645141601562,0.9755862951278687,675.2135009765625,617.512451171875,0.9202293157577515
978,600.0177001953125,273.8585205078125,0.9556142091751099,519.4067993164062,401.918212890625,0.9740054607391357,643.5462646484375,507.2948303222656,0.9682339429855347,568.4696655273438,572.3280639648438,0.9712040424346924,668.1729736328125,618.2361450195312,0.8889477252960205
979,600.489990234375,275.24615478515625,0.9614526033401489,518.3973999023438,401.96563720703125,0.9828217029571533,641.338623046875,509.7478942871094,0.9523255825042725,561.85400390625,571.2597045898438,0.978579044342041,660.6144409179688,617.6255493164062,0.9177497625350952
980,600.774169921875,275.7372131347656,0.9592652320861816,517.8370361328125,402.1952819824219,0.9824470281600952,638.68212890625,511.5753173828125,0.9289827346801758,555.5963134765625,570.293212890625,0.9598633050918579,652.9375610351562,617.92529296875,0.88564133644104
981,601.298828125,276.16033935546875,0.959589958190918,517.0274047851562,401.5525207519531,0.9866183996200562,635.145751953125,512.6161499023438,0.9599051475524902,548.0173950195312,567.8909301757812,0.9651995301246643,644.8872680664062,617.7920532226562,0.9137599468231201
982,601.8663940429688,276.7467346191406,0.9564390778541565,515.890869140625,401.63397216796875,0.9847662448883057,629.3772583007812,510.4259338378906,0.9521188735961914,539.8759155273438,566.1940307617188,0.9799844026565552,636.8110961914062,617.2346801757812,0.8761019110679626
983,602.2643432617188,277.2411804199219,0.9641633033752441,515.0750122070312,401.5270080566406,0.9810653328895569,627.3445434570312,514.0344848632812,0.9649444818496704,534.2647094726562,563.4750366210938,0.9703517556190491,629.2515869140625,617.5672607421875,0.8990020751953125
984,602.3570556640625,277.6645202636719,0.9641573429107666,511.9722900390625,400.75146484375,0.9761238098144531,624.4619140625,515.1458740234375,0.9688771963119507,525.779541015625,563.1298217773438,0.9850764870643616,624.8551635742188,618.1536865234375,0.8818860054016113
985,602.8172607421875,278.0903015136719,0.9647595286369324,511.05047607421875,400.45159912109375,0.9809266328811646,621.8912963867188,513.934814453125,0.9406675696372986,522.1005249023438,561.5826416015625,0.9776175618171692,614.8240356445312,617.5458374023438,0.8844473361968994
986,602.8023681640625,278.63995361328125,0.9627841711044312,509.4817199707031,399.6176452636719,0.9863019585609436,619.7796020507812,514.8855590820312,0.9579519629478455,516.6044921875,557.7094116210938,0.9819412231445312,609.5120849609375,617.4851684570312,0.8826448917388916
987,602.8285522460938,279.1371154785156,0.9601677656173706,508.2845458984375,399.2192687988281,0.9894489049911499,616.8104248046875,515.3346557617188,0.9640538692474365,509.3793029785156,557.3924560546875,0.9783844947814941,599.327392578125,615.477294921875,0.8691095113754272
988,602.7919921875,279.1750183105469,0.9647654891014099,506.63153076171875,399.3029479980469,0.9864612817764282,613.1087646484375,515.7075805664062,0.971337080001831,503.0242919921875,553.9397583007812,0.9758564233779907,594.8856201171875,617.5700073242188,0.910537600517273
989,602.5695190429688,279.4004211425781,0.9540151357650757,505.2738342285156,398.96636962890625,0.9855327010154724,611.0022583007812,515.5390014648438,0.9791374206542969,498.12652587890625,552.6780395507812,0.9793286919593811,583.3274536132812,615.2897338867188,0.8913310766220093
990,602.5357666015625,279.43695068359375,0.9554145336151123,504.24774169921875,399.0544738769531,0.9825626611709595,608.8313598632812,515.5646362304688,0.9774249792098999,491.8327331542969,550.927001953125,0.9736357927322388,577.8072509765625,614.9629516601562,0.9230126142501831
991,602.4625854492188,279.390869140625,0.9566226005554199,503.2287292480469,398.985595703125,0.9781733751296997,606.8360595703125,515.6182861328125,0.9608957767486572,485.7907409667969,548.6550903320312,0.9723618626594543,567.59521484375,614.6024169921875,0.8889613747596741
992,602.2792358398438,278.9386901855469,0.9610424041748047,501.7410888671875,399.46600341796875,0.9816491603851318,605.6033935546875,514.1053466796875,0.9575852155685425,479.0328674316406,546.7799682617188,0.9831258058547974,562.912841796875,614.3048706054688,0.9406991004943848
993,602.5842895507812,278.5517883300781,0.963464617729187,500.4713439941406,398.8926086425781,0.9851531982421875,602.482421875,515.1697998046875,0.9613440036773682,474.1962585449219,544.1053466796875,0.9795875549316406,554.9095458984375,614.1552124023438,0.8949737548828125
994,602.7108154296875,278.065185546875,0.9647172093391418,499.45074462890625,398.3254089355469,0.9886852502822876,598.571044921875,515.8771362304688,0.9651671648025513,468.8344421386719,539.985595703125,0.9835401773452759,547.568359375,613.8316650390625,0.9294883012771606
995,603.0039672851562,277.7564392089844,0.9663218259811401,498.6653137207031,396.93646240234375,0.9900602102279663,596.052978515625,515.1736450195312,0.9702226519584656,463.8449401855469,538.8317260742188,0.9847822189331055,541.2905883789062,614.054931640625,0.8848190307617188
996,603.2332153320312,277.3054504394531,0.9625903367996216,498.01910400390625,395.9772033691406,0.9894523620605469,594.6070556640625,514.8890380859375,0.96978759765625,459.45574951171875,537.1609497070312,0.9842623472213745,533.6692504882812,613.8596801757812,0.9250200986862183
997,604.09619140625,276.933349609375,0.9586802124977112,497.31549072265625,394.810791015625,0.9892346262931824,593.268310546875,514.5166015625,0.9604160785675049,454.8886413574219,534.048828125,0.9717141389846802,527.8623657226562,612.7736206054688,0.9011580944061279
998,604.9807739257812,276.1603088378906,0.9597923755645752,497.3946533203125,394.3424987792969,0.9884082078933716,592.5992431640625,514.08154296875,0.9484928846359253,447.9110107421875,531.2459716796875,0.9822266101837158,518.2705078125,612.21533203125,0.9240386486053467
999,607.4428100585938,276.56103515625,0.9594361782073975,497.1423034667969,393.2685852050781,0.9857264757156372,589.2083129882812,510.64434814453125,0.9158340096473694,443.6507568359375,529.3512573242188,0.9833766222000122,511.81378173828125,612.3671264648438,0.9026409387588501
