scorer,DLC_resnet50_cb4_networkMar13shuffle1_200000,DLC_resnet50_cb4_networkMar13shuffle1_200000,DLC_resnet50_cb4_networkMar13shuffle1_200000,DLC_resnet50_cb4_networkMar13shuffle1_200000,DLC_resnet50_cb4_networkMar13shuffle1_200000,DLC_resnet50_cb4_networkMar13shuffle1_200000,DLC_resnet50_cb4_networkMar13shuffle1_200000,DLC_resnet50_cb4_networkMar13shuffle1_200000,DLC_resnet50_cb4_networkMar13shuffle1_200000,DLC_resnet50_cb4_networkMar13shuffle1_200000,DLC_resnet50_cb4_networkMar13shuffle1_200000,DLC_resnet50_cb4_networkMar13shuffle1_200000,DLC_resnet50_cb4_networkMar13shuffle1_200000,DLC_resnet50_cb4_networkMar13shuffle1_200000,DLC_resnet50_cb4_networkMar13shuffle1_200000
bodyparts,ASIS,ASIS,ASIS,Hip,Hip,Hip,Knee,Knee,Knee,Ankle,Ankle,Ankle,Toe,Toe,Toe
coords,x,y,likelihood,x,y,likelihood,x,y,likelihood,x,y,likelihood,x,y,likelihood
0,539.1753540039062,302.0486145019531,0.9304437637329102,398.8460388183594,413.5235290527344,0.9010181427001953,533.3169555664062,540.10546875,0.9815797209739685,371.2988586425781,557.0138549804688,0.956298828125,445.082763671875,603.93212890625,0.8930555582046509
1,539.7471313476562,304.25665283203125,0.8968560099601746,398.8786315917969,415.0898742675781,0.9043399095535278,532.3724365234375,545.8323974609375,0.9653322696685791,367.56317138671875,555.81396484375,0.9633383750915527,437.52227783203125,603.2537841796875,0.8787721395492554
2,540.39111328125,308.60400390625,0.9069101214408875,399.1611633300781,417.9686279296875,0.9166745543479919,531.077392578125,548.5184326171875,0.9627437591552734,365.7101745605469,555.8982543945312,0.960416316986084,433.77862548828125,604.3812866210938,0.8510844707489014
3,543.4497680664062,311.73529052734375,0.9304152727127075,398.8619689941406,419.6368408203125,0.9162828922271729,529.7674560546875,550.427734375,0.9682431221008301,362.5163879394531,555.4677124023438,0.9560567140579224,430.4689025878906,603.8782348632812,0.8548144698143005
4,544.8445434570312,313.1945495605469,0.9276344776153564,400.0308532714844,420.532958984375,0.9220861196517944,527.3047485351562,552.12158203125,0.957675039768219,358.79351806640625,550.8836669921875,0.9159877896308899,424.43603515625,603.5401611328125,0.8353083729743958
5,545.6220092773438,314.16497802734375,0.9333313703536987,400.1852111816406,420.6775207519531,0.9140126705169678,524.5857543945312,552.5076904296875,0.969834566116333,354.0533142089844,548.8855590820312,0.9361335039138794,420.8407287597656,603.3826904296875,0.8783501386642456
6,546.9561157226562,315.1488037109375,0.9166821241378784,400.2794189453125,421.05316162109375,0.8941788673400879,523.1414184570312,553.0330810546875,0.9704152941703796,351.8466796875,545.9923706054688,0.9347801208496094,417.3647155761719,602.8822631835938,0.8435770273208618
7,549.5601196289062,314.56103515625,0.880385160446167,399.73419189453125,420.0997009277344,0.9100399017333984,521.1502685546875,553.4166870117188,0.9787822365760803,349.1444091796875,542.5984497070312,0.9500091671943665,411.7597961425781,602.7713012695312,0.775516152381897
8,549.9266967773438,314.92462158203125,0.9048495292663574,399.5577697753906,418.7618713378906,0.8651800751686096,520.22021484375,553.5155029296875,0.9737001061439514,348.39910888671875,540.9850463867188,0.9560188055038452,411.4708557128906,606.8021240234375,0.799578070640564
9,551.0565795898438,313.62762451171875,0.9077786207199097,400.0733642578125,417.8126220703125,0.8847109079360962,518.70849609375,553.4065551757812,0.9727030992507935,346.7341003417969,539.8812866210938,0.9631403684616089,405.3819885253906,604.6083374023438,0.8681848645210266
10,551.586181640625,313.4045715332031,0.8988385200500488,399.00897216796875,414.7035217285156,0.8551388382911682,517.1312866210938,553.0396728515625,0.9738843441009521,344.93096923828125,538.2658081054688,0.941901445388794,401.0521545410156,604.4970703125,0.8366060256958008
11,552.7420043945312,312.6532287597656,0.9199034571647644,399.8765869140625,413.7466125488281,0.8249565362930298,515.9947509765625,551.6480712890625,0.979577362537384,338.5000305175781,533.5047607421875,0.8903199434280396,394.932861328125,602.6072998046875,0.7743635177612305
12,551.89794921875,311.20068359375,0.9208405017852783,399.5997619628906,413.2185363769531,0.883255660533905,514.0304565429688,550.5269165039062,0.9758901596069336,336.60516357421875,530.5905151367188,0.9292812943458557,389.7273254394531,603.3514404296875,0.8902900815010071
13,552.5767822265625,310.31378173828125,0.8850061893463135,399.1845397949219,412.1480407714844,0.8820602893829346,512.3167114257812,549.0574340820312,0.9686124324798584,334.19378662109375,528.763427734375,0.958577573299408,384.7740478515625,599.5872192382812,0.8662657737731934
14,553.33056640625,309.50054931640625,0.9055221080780029,397.6619873046875,409.6487731933594,0.9080149531364441,509.77044677734375,548.0449829101562,0.970683217048645,332.2550354003906,526.2801513671875,0.9627194404602051,380.4024353027344,600.4954223632812,0.801983118057251
15,553.9974365234375,308.14984130859375,0.8914133906364441,397.4111022949219,407.062255859375,0.8890191912651062,508.2431640625,546.2461547851562,0.9811831712722778,331.042724609375,525.4520263671875,0.9623708724975586,375.5047912597656,602.3131713867188,0.8235974907875061
16,554.990478515625,306.7475280761719,0.8660248517990112,398.9593811035156,404.2445373535156,0.8888543844223022,507.3818054199219,544.5293579101562,0.9793245792388916,330.60894775390625,524.5004272460938,0.9626198410987854,373.22589111328125,603.0402221679688,0.8705000281333923
17,555.613525390625,303.3067626953125,0.874962329864502,399.26025390625,401.8169860839844,0.785096287727356,506.3941650390625,540.79248046875,0.9808744192123413,325.9785461425781,522.2120361328125,0.9077065587043762,368.41204833984375,598.4611206054688,0.8614783883094788
18,555.7850952148438,302.16162109375,0.9031747579574585,398.73822021484375,400.9443664550781,0.8357570767402649,505.3681945800781,540.243408203125,0.9835793375968933,324.0721130371094,520.6566772460938,0.9167261719703674,364.7476501464844,598.109375,0.8589626550674438
19,555.7135620117188,300.8780212402344,0.9036815166473389,397.8152770996094,398.29803466796875,0.8709515333175659,504.38909912109375,539.5208740234375,0.9824642539024353,321.12359619140625,518.6565551757812,0.9318620562553406,358.438720703125,595.6060791015625,0.9083073139190674
20,555.1539916992188,299.14752197265625,0.8937180042266846,396.8736572265625,396.8321228027344,0.8766430616378784,503.5862121582031,538.2217407226562,0.9805614948272705,319.00323486328125,516.6229858398438,0.9605703353881836,356.2483215332031,601.3048706054688,0.9079482555389404
21,554.3516235351562,297.7217712402344,0.8802993893623352,397.50506591796875,396.31304931640625,0.8912891149520874,501.7205505371094,537.3184204101562,0.9769961833953857,315.96600341796875,513.4019165039062,0.9492729306221008,351.6274108886719,597.4415283203125,0.8873254656791687
22,554.5167236328125,296.09112548828125,0.9034980535507202,396.7542724609375,394.4365234375,0.9011977314949036,500.6336975097656,535.4580688476562,0.9692083597183228,313.44073486328125,512.6981201171875,0.9197991490364075,347.3811340332031,597.8226318359375,0.9001988768577576
23,553.8737182617188,294.66192626953125,0.9220131635665894,396.899658203125,390.56658935546875,0.8941128253936768,498.7580261230469,533.5404663085938,0.9740535020828247,308.6685791015625,509.85980224609375,0.8801856637001038,340.6618347167969,596.1365356445312,0.9337003231048584
24,553.3797607421875,293.9834289550781,0.922207772731781,396.67938232421875,388.8215026855469,0.8875952959060669,497.4671325683594,531.8614501953125,0.9668936729431152,304.304931640625,509.78375244140625,0.9359532594680786,337.8810119628906,596.0472412109375,0.9171821475028992
25,553.7523193359375,292.4344482421875,0.9028406143188477,396.5472412109375,386.9659729003906,0.9040032029151917,494.9171447753906,529.6986083984375,0.9615145921707153,302.9278869628906,508.483642578125,0.9635734558105469,333.74749755859375,595.4388427734375,0.8653409481048584
26,552.8244018554688,290.3653869628906,0.9096121191978455,394.6623229980469,382.828857421875,0.9219643473625183,492.72021484375,525.5272827148438,0.9781337976455688,299.4847412109375,507.72259521484375,0.9629854559898376,327.4072265625,595.9617919921875,0.8872900009155273
27,551.65625,289.25286865234375,0.8964921236038208,394.76324462890625,381.4852600097656,0.9367954730987549,491.9735107421875,524.4768676757812,0.9826366901397705,296.491455078125,507.0411071777344,0.9199216365814209,324.2620544433594,596.50732421875,0.9236539006233215
28,552.521728515625,286.3713073730469,0.908970832824707,394.6627197265625,380.6977844238281,0.9289432764053345,490.31585693359375,523.44384765625,0.9833418130874634,291.9171447753906,504.92547607421875,0.901884913444519,321.6496887207031,595.9699096679688,0.9064121842384338
29,551.7474365234375,284.64886474609375,0.9196440577507019,394.5183410644531,379.97149658203125,0.9337505102157593,489.10992431640625,522.030029296875,0.9832487106323242,287.50958251953125,504.0065002441406,0.9425622224807739,316.60931396484375,594.0936889648438,0.8774386048316956
30,550.4524536132812,282.8507080078125,0.8589733242988586,393.7675476074219,378.15496826171875,0.9501886963844299,487.652587890625,520.92333984375,0.9738414287567139,286.1969299316406,503.4029235839844,0.9617969989776611,308.5616149902344,590.3726806640625,0.9304856061935425
31,549.9426879882812,280.6670227050781,0.8424344062805176,392.1904296875,376.7938537597656,0.9402902126312256,486.9887390136719,520.5966186523438,0.9723833799362183,285.1343994140625,504.4505310058594,0.9604249000549316,306.0764465332031,593.2186889648438,0.9096069931983948
32,549.3580322265625,279.5118713378906,0.9083276987075806,391.1576232910156,375.8296203613281,0.9045908451080322,484.468017578125,517.609619140625,0.9801904559135437,281.7590026855469,501.6075744628906,0.9161468744277954,301.9389343261719,593.5553588867188,0.8951466679573059
33,549.6934814453125,278.6567077636719,0.9241926074028015,390.3013000488281,374.3603820800781,0.8798143267631531,482.819580078125,515.912353515625,0.9773788452148438,275.80145263671875,499.07354736328125,0.7794654369354248,295.7611999511719,589.8180541992188,0.8661303520202637
34,549.640625,278.05780029296875,0.9462571144104004,392.6519470214844,371.0030212402344,0.9089561700820923,481.4927062988281,514.0517578125,0.973173975944519,273.1659851074219,498.1875915527344,0.8940771222114563,291.1567077636719,590.1954345703125,0.9145463705062866
35,549.9918823242188,277.29388427734375,0.9480075240135193,393.0578918457031,369.5958557128906,0.9320686459541321,479.3907775878906,510.8528747558594,0.9674581289291382,271.3419494628906,497.1018371582031,0.9370220899581909,288.3795166015625,591.3888549804688,0.8612721562385559
36,549.0892333984375,275.7499084472656,0.9284093379974365,392.82452392578125,366.9493713378906,0.9210281372070312,477.7370300292969,509.23919677734375,0.9784362316131592,267.4226989746094,494.1304931640625,0.9559005498886108,284.6921691894531,590.8374633789062,0.8509228229522705
37,547.8837280273438,274.5283508300781,0.908663272857666,392.307373046875,365.6619873046875,0.9478062391281128,477.5811462402344,508.6492919921875,0.9822007417678833,266.5306701660156,493.9486999511719,0.951050341129303,279.38018798828125,589.2266235351562,0.8675471544265747
38,546.9717407226562,271.9189147949219,0.9440172910690308,389.78759765625,364.8979187011719,0.9542276859283447,475.2386169433594,507.64727783203125,0.9856672286987305,264.45941162109375,491.9693298339844,0.9265646934509277,274.38323974609375,589.1588745117188,0.9043140411376953
39,546.1895751953125,271.400634765625,0.9337551593780518,389.0082702636719,364.6029052734375,0.9575734734535217,472.99566650390625,506.1785888671875,0.9884054660797119,258.1358642578125,490.8023986816406,0.8506894111633301,270.53955078125,588.5525512695312,0.8843740224838257
40,545.892822265625,270.62042236328125,0.9447401165962219,388.88165283203125,363.15948486328125,0.9534486532211304,472.53948974609375,505.1883239746094,0.9864910840988159,257.11712646484375,489.3719787597656,0.9224274754524231,268.2571105957031,588.1138305664062,0.8716765642166138
41,545.2078857421875,269.1806945800781,0.9368650913238525,388.4446105957031,361.668212890625,0.9443355798721313,471.6952819824219,503.91229248046875,0.9866993427276611,256.1596374511719,487.8918762207031,0.9256134033203125,261.0567626953125,586.3888549804688,0.9062925577163696
42,544.2255249023438,267.7646484375,0.9479939937591553,387.5480041503906,360.86883544921875,0.9287070035934448,471.05364990234375,503.7194519042969,0.9800411462783813,252.89808654785156,488.2794494628906,0.9617408514022827,257.984375,586.5136108398438,0.8910839557647705
43,543.826416015625,266.4650573730469,0.8900815844535828,387.5798645019531,357.686279296875,0.8783628940582275,469.0839538574219,501.1598205566406,0.9846853017807007,249.99264526367188,487.52587890625,0.9494791030883789,253.84066772460938,586.1589965820312,0.886238694190979
44,543.525146484375,265.6614074707031,0.918664276599884,387.1254577636719,356.875244140625,0.8933743238449097,467.2939453125,498.7762756347656,0.9827132821083069,247.06959533691406,485.12091064453125,0.8288610577583313,250.6619415283203,585.3978271484375,0.8744389414787292
45,543.4855346679688,264.7333984375,0.9274899959564209,387.51458740234375,355.3900451660156,0.8936282396316528,464.9744567871094,495.1115417480469,0.9800267219543457,242.00315856933594,487.0903015136719,0.8819496631622314,245.31541442871094,585.257080078125,0.9091063737869263
46,541.647216796875,263.5093994140625,0.9423872232437134,388.5442199707031,354.6658630371094,0.9027982354164124,464.3052978515625,494.1281433105469,0.9815675020217896,241.06858825683594,486.39715576171875,0.8958466053009033,242.29345703125,585.6570434570312,0.9227151870727539
47,541.3975219726562,263.1367492675781,0.9519703984260559,388.4219055175781,352.94476318359375,0.9062255024909973,463.84393310546875,493.0209045410156,0.9802470207214355,239.73582458496094,485.6725158691406,0.9416083693504333,238.62954711914062,580.8504028320312,0.8739932775497437
48,541.1321411132812,261.7271423339844,0.9634283781051636,389.5697021484375,351.98272705078125,0.9093656539916992,463.5630187988281,491.70611572265625,0.9761410355567932,237.5021514892578,484.7098083496094,0.9440978765487671,234.94827270507812,584.0499267578125,0.861858606338501
49,540.1035766601562,261.11419677734375,0.9721447825431824,392.35052490234375,351.1632080078125,0.9217618107795715,463.8570556640625,490.3708801269531,0.9805307984352112,234.67738342285156,482.90771484375,0.9537973999977112,229.21705627441406,581.0516357421875,0.9168311357498169
50,540.7298583984375,260.39581298828125,0.9598641395568848,392.4248046875,350.3326721191406,0.9427464008331299,463.2550964355469,489.266845703125,0.9767807722091675,233.28338623046875,483.0686950683594,0.930307149887085,226.70480346679688,583.8889770507812,0.9226300120353699
51,540.1188354492188,259.7178039550781,0.9593930244445801,392.7943420410156,349.31817626953125,0.9422020316123962,462.952880859375,487.6913146972656,0.9696782231330872,232.5618133544922,481.6315612792969,0.8995137810707092,222.27972412109375,579.183837890625,0.8996129035949707
52,540.45556640625,258.75244140625,0.9655280113220215,393.2224426269531,348.09149169921875,0.9482041001319885,463.89404296875,485.7989196777344,0.97001051902771,229.1557159423828,479.3011779785156,0.889283299446106,218.5620574951172,580.0244750976562,0.8767671585083008
53,545.2625122070312,256.83551025390625,0.9669365286827087,394.96942138671875,347.1885681152344,0.945759654045105,463.3201599121094,482.88543701171875,0.9723397493362427,228.8603057861328,478.042236328125,0.8764836192131042,213.1656951904297,578.554931640625,0.9242748022079468
54,545.7037353515625,255.66563415527344,0.972383439540863,395.9093017578125,346.2976989746094,0.9541833400726318,463.1014099121094,481.2091979980469,0.9687544107437134,227.2509307861328,477.95550537109375,0.8783748149871826,210.45484924316406,577.802734375,0.9158338308334351
55,546.59619140625,254.7880096435547,0.9786695241928101,397.146484375,345.5089111328125,0.9254395961761475,462.84088134765625,477.2977294921875,0.9771616458892822,227.298828125,477.0791931152344,0.9089692234992981,207.89559936523438,575.66748046875,0.8692506551742554
56,547.4116821289062,253.96168518066406,0.9842273592948914,400.0477600097656,344.51641845703125,0.8662571907043457,464.26947021484375,475.3669738769531,0.9801270365715027,226.98294067382812,476.21771240234375,0.8998170495033264,204.18386840820312,577.7905883789062,0.9259682297706604
57,547.567138671875,253.14651489257812,0.9860018491744995,399.930908203125,341.45751953125,0.8967138528823853,464.72607421875,473.2084655761719,0.9819787740707397,226.7005615234375,475.6905517578125,0.9210168719291687,199.9095458984375,576.5675659179688,0.9192577600479126
58,548.10400390625,252.331787109375,0.9830939769744873,401.7645263671875,339.6402893066406,0.9126815795898438,464.7260437011719,471.9024963378906,0.9756559729576111,226.4075927734375,475.8796691894531,0.926395058631897,197.10324096679688,574.4414672851562,0.9304313659667969
59,548.6785888671875,252.21664428710938,0.9815139770507812,402.5927734375,338.3960266113281,0.9127740859985352,464.752197265625,469.3025817871094,0.9807065725326538,227.19456481933594,475.1314392089844,0.9316895008087158,194.08709716796875,573.9867553710938,0.9373660683631897
60,549.87646484375,252.7827911376953,0.9810037016868591,403.03564453125,337.3796691894531,0.9329829216003418,465.7295837402344,466.63330078125,0.9748880863189697,227.577392578125,475.22998046875,0.9296200275421143,190.0048370361328,573.056640625,0.9095970988273621
61,550.4723510742188,252.8026885986328,0.9798815250396729,403.86614990234375,336.72698974609375,0.9466211795806885,465.7724914550781,463.0213623046875,0.9810845851898193,227.340576171875,475.42706298828125,0.9265230894088745,186.27928161621094,573.6312866210938,0.8863649368286133
62,550.6334838867188,252.14064025878906,0.9767489433288574,404.1746520996094,336.2998046875,0.9509267807006836,465.5631408691406,461.98175048828125,0.9809757471084595,226.53785705566406,475.5938415527344,0.9044387340545654,180.500244140625,571.7035522460938,0.944457471370697
63,553.5811157226562,250.85585021972656,0.9804883599281311,404.81982421875,336.10845947265625,0.9592169523239136,465.2284240722656,461.3160705566406,0.9827624559402466,226.94357299804688,475.4683532714844,0.8868526220321655,174.41549682617188,572.264892578125,0.8633379936218262
64,554.94873046875,251.04502868652344,0.9859957695007324,405.26239013671875,335.6800537109375,0.96048504114151,465.36590576171875,461.1527404785156,0.9819004535675049,226.21275329589844,475.2286682128906,0.9079381227493286,169.4801483154297,572.72705078125,0.8406094312667847
65,555.3683471679688,251.44203186035156,0.9843976497650146,405.71514892578125,335.4152526855469,0.9610131978988647,465.7817077636719,460.72454833984375,0.9848498106002808,226.1789093017578,475.0710754394531,0.9046400785446167,167.25474548339844,569.40869140625,0.9195001125335693
66,554.53759765625,251.55824279785156,0.9818166494369507,406.1894226074219,334.99755859375,0.9594533443450928,466.2533874511719,460.5198974609375,0.9822217226028442,225.9760284423828,475.07830810546875,0.9119811058044434,165.83975219726562,568.8643188476562,0.9040740728378296
67,554.3652954101562,251.450927734375,0.9817699193954468,406.6427917480469,335.0220947265625,0.9501837491989136,466.43035888671875,460.29571533203125,0.9862145781517029,226.46617126464844,475.55609130859375,0.912061333656311,162.4691619873047,562.9718627929688,0.9317468404769897
68,554.8457641601562,250.9398956298828,0.9850449562072754,409.2767639160156,334.1064147949219,0.9549871683120728,466.30419921875,460.10675048828125,0.9847526550292969,226.36495971679688,476.12469482421875,0.889882504940033,156.6746063232422,563.0286865234375,0.9425162076950073
69,553.6803588867188,250.71234130859375,0.9806454181671143,409.4315185546875,333.9321594238281,0.9563808441162109,466.8030700683594,459.61865234375,0.985094428062439,228.85911560058594,477.7510681152344,0.8535413146018982,151.3960723876953,560.5052490234375,0.8995826840400696
70,553.5648803710938,250.00848388671875,0.9801595211029053,409.8229675292969,333.4407043457031,0.9565691947937012,467.5452575683594,459.03924560546875,0.9837251901626587,232.48345947265625,480.260498046875,0.8881587386131287,147.97886657714844,558.9022827148438,0.8987364172935486
71,553.335205078125,249.3087615966797,0.9732567071914673,409.00457763671875,332.8903503417969,0.9571248292922974,468.39031982421875,459.1190490722656,0.9848703145980835,233.23081970214844,480.7405700683594,0.9210033416748047,145.25460815429688,559.3018188476562,0.8821002244949341
72,553.8627319335938,248.8917236328125,0.9771131277084351,409.22003173828125,332.62841796875,0.9582858681678772,468.1236267089844,459.037353515625,0.984258770942688,234.65501403808594,481.84112548828125,0.9473592042922974,140.858154296875,560.287353515625,0.8872643709182739
73,552.034423828125,248.76168823242188,0.9649149179458618,409.5169372558594,332.1351013183594,0.964106559753418,469.62530517578125,459.1102600097656,0.9858906269073486,235.55323791503906,480.9309387207031,0.9380443096160889,141.8424530029297,556.0470581054688,0.9022088050842285
74,552.5455322265625,248.40933227539062,0.9633365869522095,409.8695983886719,331.9005126953125,0.9615113735198975,471.0453796386719,459.52142333984375,0.9859356880187988,236.30224609375,479.38916015625,0.9289118647575378,138.8750762939453,556.6099853515625,0.8640091419219971
75,550.8339233398438,248.4280548095703,0.9669236540794373,410.3616638183594,331.4797058105469,0.9646944999694824,471.5818786621094,459.5156555175781,0.9863771200180054,238.24920654296875,478.9140319824219,0.8820556998252869,138.46548461914062,554.5416259765625,0.901181697845459
76,552.0951538085938,246.67835998535156,0.9703947305679321,411.2989196777344,330.9970397949219,0.9597797393798828,473.8009338378906,459.38763427734375,0.9834928512573242,243.381591796875,476.8523254394531,0.8733372092247009,144.09571838378906,550.0042724609375,0.870221734046936
77,552.7108154296875,245.74267578125,0.9743107557296753,411.9678649902344,330.6881408691406,0.9610182046890259,475.45074462890625,459.662841796875,0.9826784133911133,249.71763610839844,476.341064453125,0.9112592935562134,148.265625,545.9956665039062,0.8939826488494873
78,553.669189453125,245.0379180908203,0.972324788570404,412.9757385253906,330.6986389160156,0.9493533372879028,479.5608215332031,460.0087890625,0.9819098711013794,256.4591064453125,475.2955322265625,0.9215080738067627,151.9482421875,545.3721923828125,0.8551555871963501
79,553.5386352539062,244.02735900878906,0.974348247051239,415.48321533203125,330.8888854980469,0.9434162378311157,483.25042724609375,460.1642150878906,0.9912446737289429,260.96966552734375,474.2109680175781,0.9404900670051575,158.1155242919922,546.2197265625,0.8757606744766235
80,554.5809936523438,243.7198944091797,0.9808350801467896,416.1833801269531,331.1582336425781,0.9480111002922058,486.39825439453125,460.46234130859375,0.9895249605178833,267.95013427734375,472.21112060546875,0.9566538333892822,166.4421844482422,542.0584106445312,0.9026764631271362
81,554.946533203125,242.52561950683594,0.9810278415679932,416.3783874511719,330.8827819824219,0.9331418871879578,489.19073486328125,461.0489807128906,0.9878866076469421,271.91693115234375,472.0957336425781,0.9333586692810059,176.6557159423828,540.2052001953125,0.8567589521408081
82,554.8316040039062,242.4922637939453,0.9813414812088013,417.2583312988281,330.918212890625,0.9254909753799438,493.68133544921875,461.50506591796875,0.9803968667984009,278.7513122558594,470.2971496582031,0.9318807125091553,179.94619750976562,540.2416381835938,0.9066036939620972
83,555.8125,242.2498779296875,0.9773865342140198,418.1619567871094,330.8541259765625,0.9337255954742432,497.8124084472656,462.01690673828125,0.9863629341125488,284.0589294433594,469.52337646484375,0.9642728567123413,193.46170043945312,535.3726196289062,0.8133043050765991
84,556.817626953125,242.44325256347656,0.9737972021102905,420.4754943847656,331.0992126464844,0.9452753663063049,502.0975646972656,462.7738952636719,0.980177640914917,288.6061096191406,467.04193115234375,0.9384080171585083,198.44371032714844,537.471923828125,0.856052577495575
85,557.5234985351562,242.54510498046875,0.9724668860435486,422.38824462890625,330.7208251953125,0.9444167613983154,506.5203552246094,464.83245849609375,0.9812697172164917,295.3230895996094,464.58868408203125,0.8801438212394714,212.3699493408203,536.6062622070312,0.9020850658416748
86,560.1583862304688,243.31495666503906,0.9657759666442871,424.5413818359375,331.8151550292969,0.946656346321106,511.95703125,465.537841796875,0.9807713031768799,299.9596252441406,459.3439636230469,0.9446579217910767,225.96449279785156,533.8582763671875,0.9003364443778992
87,561.79443359375,244.14474487304688,0.9670464992523193,425.2615966796875,331.268798828125,0.9492493867874146,516.1951904296875,466.7054443359375,0.9820924997329712,307.748046875,455.3268127441406,0.9098459482192993,237.5339813232422,535.509765625,0.9072277545928955
88,563.4735717773438,244.51837158203125,0.96369469165802,426.808349609375,331.08868408203125,0.9638379812240601,519.9602661132812,467.91705322265625,0.9818600416183472,313.5224304199219,449.5053405761719,0.9344730377197266,247.6840362548828,538.2009887695312,0.9069546461105347
89,564.3236694335938,245.06341552734375,0.9702860116958618,428.5770263671875,331.63714599609375,0.9674535989761353,523.5216064453125,468.82562255859375,0.9822091460227966,319.7946472167969,442.5393981933594,0.9697654247283936,262.23492431640625,538.9534912109375,0.9185707569122314
90,566.8483276367188,246.3689727783203,0.9548455476760864,430.80157470703125,332.4290771484375,0.9356120228767395,527.774169921875,468.946533203125,0.9731836318969727,327.6668395996094,440.41961669921875,0.9025497436523438,279.7831115722656,538.4666748046875,0.9322624206542969
91,570.8936767578125,246.66920471191406,0.9486453533172607,434.3387145996094,332.9324951171875,0.926994800567627,530.086669921875,470.00177001953125,0.9812787771224976,332.17303466796875,436.1662902832031,0.9624001979827881,298.22052001953125,535.6846923828125,0.871256947517395
92,572.678466796875,247.77554321289062,0.9456962943077087,437.11480712890625,333.2732238769531,0.9481579065322876,533.4712524414062,470.99774169921875,0.9757088422775269,337.8427429199219,429.0492248535156,0.9581267833709717,336.4195861816406,501.9252624511719,0.12495312094688416
93,575.5217895507812,250.08831787109375,0.946715235710144,440.1986999511719,333.17169189453125,0.934137225151062,535.8146362304688,472.8497314453125,0.9747412800788879,345.29351806640625,427.97430419921875,0.9419937133789062,336.9147033691406,518.5565795898438,0.7642914056777954
94,577.772216796875,252.12364196777344,0.9482921361923218,441.9054870605469,333.855224609375,0.9256646037101746,538.1887817382812,473.6533508300781,0.9791669845581055,352.86529541015625,424.80328369140625,0.9734776020050049,350.6091613769531,522.9412231445312,0.8590121865272522
95,580.4840698242188,254.17005920410156,0.9348379373550415,444.3048095703125,334.6442565917969,0.9450851082801819,542.6423950195312,473.9803466796875,0.9796240329742432,358.51239013671875,423.0114440917969,0.9535990953445435,366.127685546875,516.6080932617188,0.915966808795929
96,583.730224609375,255.58920288085938,0.9321908354759216,447.62744140625,335.83843994140625,0.922039270401001,545.9111938476562,475.5213928222656,0.9861398935317993,366.636962890625,423.2756042480469,0.9823281764984131,381.4090270996094,522.9276123046875,0.8229821920394897
97,584.848876953125,258.2906799316406,0.8967169523239136,451.0163879394531,337.66766357421875,0.9240177273750305,550.5481567382812,476.6650695800781,0.9899508953094482,372.1690368652344,423.65625,0.9583675861358643,392.8498229980469,524.7117919921875,0.8654311895370483
98,587.2169189453125,260.0470886230469,0.9233136177062988,453.06353759765625,339.32769775390625,0.9332411289215088,554.9307861328125,479.7846984863281,0.9817222356796265,381.033447265625,425.9678649902344,0.974549412727356,408.23870849609375,523.665283203125,0.8834419250488281
99,591.8101196289062,262.9451599121094,0.9394844770431519,457.01141357421875,341.3127136230469,0.9102579355239868,560.3416137695312,481.9621887207031,0.982024073600769,385.4465026855469,428.14471435546875,0.9622741341590881,427.12493896484375,526.5971069335938,0.8691583275794983
100,593.7147827148438,264.9325866699219,0.9425070285797119,457.3154602050781,344.41839599609375,0.9410585165023804,565.6098022460938,484.21112060546875,0.9825470447540283,393.22698974609375,433.0809631347656,0.9650435447692871,446.51824951171875,531.34521484375,0.4800889790058136
101,596.9971313476562,266.9580993652344,0.9145749807357788,459.839111328125,347.83990478515625,0.9423854351043701,570.276123046875,485.9862976074219,0.9763038158416748,399.8097839355469,438.9850158691406,0.9657509326934814,462.677001953125,533.057861328125,0.4840833246707916
102,601.013671875,269.12628173828125,0.8937826156616211,462.60858154296875,351.0337219238281,0.9166406989097595,577.4959716796875,489.0941467285156,0.9840664863586426,406.4270935058594,443.67730712890625,0.9590413570404053,472.6306457519531,530.8231201171875,0.7333600521087646
103,603.298095703125,271.1094055175781,0.9213539361953735,467.35809326171875,355.6437683105469,0.9447252750396729,583.5590209960938,491.41265869140625,0.988675057888031,415.0000915527344,455.039306640625,0.977219820022583,478.3221740722656,519.8660278320312,0.8245630264282227
104,604.20849609375,275.4908752441406,0.9241594076156616,470.0561218261719,360.699462890625,0.9551271796226501,587.4351806640625,493.3282165527344,0.9737902879714966,421.428466796875,461.4777526855469,0.9490399956703186,493.1437072753906,527.7135620117188,0.8837323188781738
105,607.7926025390625,278.2945556640625,0.9357188940048218,473.6038513183594,365.034423828125,0.942792534828186,596.578369140625,498.197021484375,0.9846630096435547,429.8160705566406,474.1813049316406,0.9738491773605347,502.9382019042969,531.2830200195312,0.8442031145095825
106,610.3387451171875,281.9332275390625,0.9146885871887207,477.1756286621094,370.8324279785156,0.9141446352005005,602.3024291992188,500.8246154785156,0.9845832586288452,439.10137939453125,485.3367614746094,0.9587986469268799,513.7720336914062,538.375244140625,0.8353782296180725
107,615.7249145507812,285.4928894042969,0.9284861087799072,481.7610778808594,378.9556884765625,0.9108465909957886,609.6829833984375,504.1736755371094,0.9845538139343262,446.12432861328125,496.0071105957031,0.9674137830734253,522.2937622070312,543.5059204101562,0.9059737324714661
108,616.7802124023438,289.6923828125,0.9190926551818848,483.59063720703125,383.7189025878906,0.8857883810997009,615.2822265625,507.0017395019531,0.9858543872833252,454.5594177246094,505.7575988769531,0.9644924402236938,530.3577880859375,548.6031494140625,0.8955284357070923
109,617.7373046875,292.5760803222656,0.9321603178977966,487.2965393066406,389.3684997558594,0.9234845638275146,618.7343139648438,509.4421691894531,0.982297956943512,462.85443115234375,517.5418090820312,0.9694408178329468,535.6148071289062,556.2496948242188,0.8539254665374756
110,620.7418823242188,295.7769775390625,0.9001866579055786,489.5126647949219,394.0472717285156,0.9590531587600708,626.1319580078125,516.65478515625,0.977963924407959,470.6211242675781,525.454833984375,0.9336204528808594,547.9213256835938,562.3895874023438,0.896967887878418
111,624.8582153320312,299.77496337890625,0.9014430046081543,493.47222900390625,399.4229431152344,0.9285576343536377,630.7523803710938,520.3924560546875,0.9788708686828613,479.7621154785156,536.2899780273438,0.9530174732208252,554.0546264648438,565.4359741210938,0.8547471761703491
112,626.9711303710938,303.7837829589844,0.9222118258476257,495.8701477050781,405.2115173339844,0.8582735061645508,633.6265258789062,522.69091796875,0.9873653650283813,484.990478515625,541.5708618164062,0.9559995532035828,564.026611328125,574.5979614257812,0.9175153374671936
113,630.6715087890625,308.1905517578125,0.9568297266960144,501.0627746582031,411.111572265625,0.8866249918937683,639.6759033203125,529.1121215820312,0.9661910533905029,490.94189453125,548.769775390625,0.9660681486129761,567.5274658203125,576.2468872070312,0.8812443017959595
114,631.86328125,311.63385009765625,0.9266371726989746,504.5497131347656,414.2880554199219,0.9242696762084961,641.9730224609375,533.4141845703125,0.9746557474136353,493.20880126953125,551.514404296875,0.9619302749633789,571.7910766601562,577.0875854492188,0.8552060723304749
115,635.1248779296875,316.42486572265625,0.9122375249862671,505.4653015136719,419.8064880371094,0.9293270111083984,644.4895629882812,535.8764038085938,0.9850945472717285,492.5951232910156,550.78955078125,0.9652690887451172,572.6100463867188,578.07275390625,0.8536911606788635
116,637.1065063476562,319.3808898925781,0.8444708585739136,506.9908752441406,424.8646545410156,0.9381085634231567,645.1874389648438,538.8968505859375,0.9866621494293213,490.3890686035156,547.5977172851562,0.9714849591255188,571.3467407226562,578.793212890625,0.860981285572052
117,640.783203125,326.27880859375,0.9076111912727356,510.1522521972656,428.3788757324219,0.9551886320114136,644.1738891601562,542.4605712890625,0.9792742133140564,487.6754150390625,543.3687133789062,0.9374184012413025,563.6148681640625,577.9672241210938,0.8850250244140625
118,642.1404418945312,330.3357238769531,0.8640470504760742,512.3128051757812,431.9200439453125,0.9142702221870422,644.0118408203125,549.0731201171875,0.9773569703102112,484.80499267578125,539.625,0.963654637336731,561.5112915039062,577.7755126953125,0.8548148274421692
119,644.785400390625,333.650390625,0.8838902115821838,512.5712280273438,435.0909423828125,0.9010027647018433,643.6050415039062,551.7381591796875,0.9811921715736389,482.99530029296875,538.3032836914062,0.9658791422843933,556.1932983398438,579.1096801757812,0.9315302968025208
120,648.3716430664062,337.8327941894531,0.9122883081436157,512.2955932617188,437.2924499511719,0.9075806736946106,641.2554931640625,554.5533447265625,0.9750903844833374,478.362060546875,535.6849975585938,0.9622678756713867,554.8741455078125,579.0715942382812,0.8821942210197449
121,651.1927490234375,340.19073486328125,0.9133024215698242,514.8194580078125,440.8136901855469,0.8995479345321655,640.3084716796875,556.8782958984375,0.9717518091201782,475.93359375,533.9501342773438,0.9738318920135498,549.7208862304688,578.837890625,0.9007858037948608
122,650.7450561523438,342.5305480957031,0.9121935963630676,512.6959838867188,442.9402770996094,0.878964364528656,640.829833984375,559.048828125,0.9560973644256592,474.51580810546875,532.9915771484375,0.9699063897132874,542.5750732421875,577.4140625,0.8885630369186401
123,652.4359741210938,343.678466796875,0.8838998675346375,515.9186401367188,443.6793212890625,0.9289536476135254,637.9359130859375,562.2670288085938,0.9757740497589111,473.28533935546875,531.1480712890625,0.9619311690330505,540.8880615234375,579.5438842773438,0.9469076991081238
124,655.4752197265625,345.63446044921875,0.8851803541183472,516.2964477539062,443.609619140625,0.9434788227081299,636.0062255859375,562.9686279296875,0.9798345565795898,469.158935546875,525.657958984375,0.9550020098686218,539.3078002929688,578.8421630859375,0.9362584352493286
125,656.4517822265625,345.0680847167969,0.8956356644630432,516.8011474609375,442.9242858886719,0.9292442798614502,632.6103515625,564.0550537109375,0.9694119095802307,467.3258056640625,524.355712890625,0.9677578210830688,532.99365234375,577.5664672851562,0.9254617094993591
126,657.2298583984375,345.7103576660156,0.8987267017364502,517.05615234375,442.36053466796875,0.9347602128982544,630.8139038085938,564.4583129882812,0.973954439163208,465.365234375,522.4498291015625,0.9577401876449585,529.2119140625,577.4684448242188,0.9355026483535767
127,657.985595703125,345.03851318359375,0.9006072282791138,517.0853881835938,441.3143310546875,0.9343842267990112,629.00634765625,564.1019287109375,0.9821896553039551,461.52294921875,520.0493774414062,0.969107449054718,526.4323120117188,578.0565795898438,0.944848895072937
128,660.5888061523438,344.4175109863281,0.9034194946289062,517.3844604492188,439.1069030761719,0.9086709022521973,628.0490112304688,563.44775390625,0.9802573323249817,460.56396484375,518.32373046875,0.9688215255737305,523.2687377929688,577.58203125,0.9368611574172974
129,660.885498046875,340.76434326171875,0.9247348308563232,518.53857421875,437.10479736328125,0.8574162721633911,627.1738891601562,562.327392578125,0.973191499710083,459.4471435546875,516.0379638671875,0.9750552177429199,523.034912109375,577.2343139648438,0.939641535282135
130,662.6722412109375,337.8506164550781,0.8786869049072266,519.6720581054688,435.009765625,0.861160159111023,625.894287109375,559.138427734375,0.9744881391525269,458.5057067871094,513.3263549804688,0.9690057039260864,518.918212890625,575.355712890625,0.9005398750305176
131,663.0546875,336.8094787597656,0.9049451351165771,518.21533203125,430.50323486328125,0.8898083567619324,625.6934204101562,557.4356079101562,0.9842979311943054,455.2130126953125,506.7354736328125,0.9568340182304382,515.1400146484375,574.6378173828125,0.9254359602928162
132,664.0958862304688,333.5502624511719,0.9104571342468262,521.509033203125,428.1434631347656,0.9451580047607422,625.6467895507812,554.9991455078125,0.9829730987548828,456.15716552734375,507.3054504394531,0.9484459161758423,507.7721862792969,573.84423828125,0.8653532266616821
133,664.9945678710938,329.6027526855469,0.9202860593795776,522.010986328125,425.6855163574219,0.9360560774803162,625.7866821289062,552.8941650390625,0.9757246971130371,453.7904357910156,502.9000549316406,0.9462970495223999,504.33148193359375,572.8158569335938,0.8508882522583008
134,666.0369873046875,326.2776794433594,0.908515214920044,522.8027954101562,420.83648681640625,0.8859965801239014,625.7326049804688,550.3250122070312,0.981677770614624,454.9223327636719,501.48333740234375,0.9607483148574829,501.74908447265625,573.5366821289062,0.8830597996711731
135,668.2576904296875,322.20538330078125,0.8513678312301636,523.846435546875,417.35711669921875,0.8674087524414062,625.97412109375,547.7371826171875,0.9809649586677551,455.3192138671875,498.5826721191406,0.9646698832511902,497.88885498046875,575.0149536132812,0.8280103802680969
136,669.1287231445312,316.7627258300781,0.8624950647354126,524.126708984375,413.391845703125,0.8810590505599976,624.5553588867188,542.9140625,0.9785706996917725,451.8092041015625,493.594482421875,0.9569343328475952,489.2956237792969,571.6495361328125,0.8886576294898987
137,672.4451293945312,314.0073547363281,0.8624348044395447,525.5673828125,410.4839782714844,0.8940465450286865,626.1803588867188,539.2245483398438,0.9857760667800903,451.84698486328125,494.2074890136719,0.9408426284790039,486.8205871582031,570.9072875976562,0.9294462203979492
138,673.3193969726562,310.1828308105469,0.8704761266708374,526.8189697265625,404.681884765625,0.9387339353561401,627.7962036132812,536.1278686523438,0.9841694235801697,450.4145202636719,493.1171875,0.9420859813690186,483.74859619140625,572.3466796875,0.9083901643753052
139,675.4028930664062,304.49835205078125,0.8621007204055786,526.641357421875,399.2793273925781,0.8935319185256958,627.6199951171875,532.2479858398438,0.9874128103256226,448.3773193359375,492.2740478515625,0.9716382026672363,479.70379638671875,571.6441650390625,0.8782835006713867
140,676.4204711914062,301.0536193847656,0.9194615483283997,532.5532836914062,396.05322265625,0.9424896240234375,626.7481689453125,526.7420654296875,0.9836955070495605,447.05303955078125,489.67779541015625,0.9797798991203308,470.79278564453125,567.4072265625,0.9054951667785645
141,679.5223388671875,295.1483459472656,0.9341059923171997,533.1845703125,391.5724182128906,0.8948841691017151,628.5255737304688,522.7244262695312,0.9875926375389099,445.8232727050781,487.6466979980469,0.9779176712036133,468.5003967285156,569.6114501953125,0.9378790855407715
142,681.6416015625,290.47381591796875,0.9067100286483765,537.7003784179688,386.9983825683594,0.8846397399902344,630.0492553710938,519.948486328125,0.9846642017364502,443.8974609375,486.9394836425781,0.9652034044265747,466.83392333984375,569.5111083984375,0.9151822328567505
143,683.636474609375,284.9971008300781,0.9268585443496704,538.2760620117188,380.79351806640625,0.9357494711875916,630.107666015625,514.9214477539062,0.9818352460861206,441.55438232421875,483.8460693359375,0.944270133972168,464.24456787109375,569.7384643554688,0.8799887895584106
144,684.7606201171875,280.8188781738281,0.9053217768669128,539.12353515625,378.119873046875,0.9169468879699707,630.413818359375,508.71435546875,0.9878429174423218,439.78607177734375,482.2712097167969,0.8919190764427185,459.76824951171875,567.610595703125,0.8439404964447021
145,688.44384765625,277.42169189453125,0.9468185305595398,542.6038818359375,372.1385803222656,0.918103039264679,630.5628051757812,506.0010681152344,0.9844684600830078,437.4368896484375,479.4920959472656,0.8502742052078247,453.0941467285156,567.2946166992188,0.9321674108505249
146,691.43017578125,272.3216857910156,0.9425270557403564,545.6486206054688,367.4004821777344,0.9141167402267456,631.1384887695312,503.0814514160156,0.984441876411438,434.9371032714844,476.3672180175781,0.8637655973434448,450.8617858886719,566.3859252929688,0.9303755760192871
147,693.2631225585938,269.80462646484375,0.93436598777771,547.5828247070312,363.73846435546875,0.9433373808860779,630.9953002929688,494.8665466308594,0.9793153405189514,432.24786376953125,476.31561279296875,0.9230154752731323,447.4833068847656,564.3477172851562,0.8823692202568054
148,694.9603881835938,266.0537414550781,0.9430963397026062,549.6884155273438,358.6187438964844,0.8836197853088379,631.7866821289062,491.5910949707031,0.9829359650611877,430.5288391113281,473.62890625,0.9609934091567993,443.4770812988281,565.8489990234375,0.8898334503173828
149,697.1608276367188,261.1700439453125,0.9553552269935608,553.8616943359375,352.8078918457031,0.9250637888908386,630.6412353515625,488.8154296875,0.9865680932998657,430.2599792480469,472.075927734375,0.9671957492828369,437.72747802734375,565.86669921875,0.9500933885574341
150,698.7514038085938,257.8858642578125,0.9569042921066284,554.3282470703125,347.9576110839844,0.9490553140640259,631.5006713867188,484.75518798828125,0.9837363958358765,426.70758056640625,470.9242248535156,0.9442815780639648,433.797607421875,565.1187133789062,0.9417612552642822
151,704.4873657226562,255.406982421875,0.9600578546524048,555.2161254882812,344.65142822265625,0.9368300437927246,630.7423095703125,478.5566101074219,0.9806715250015259,424.32183837890625,467.9020080566406,0.7993072271347046,430.0720520019531,564.13623046875,0.9140516519546509
152,705.5318603515625,254.04782104492188,0.9718303680419922,557.3743896484375,339.4480895996094,0.9208542108535767,630.8297119140625,475.9676818847656,0.9858236908912659,418.7253112792969,469.6749267578125,0.7557246685028076,426.5425720214844,563.9859008789062,0.9218059778213501
153,707.3950805664062,252.5594482421875,0.9632531404495239,558.0552368164062,336.5974426269531,0.9219731688499451,630.4605102539062,474.2316589355469,0.9885836839675903,417.3521423339844,468.5455627441406,0.8212195038795471,422.2991638183594,564.9765625,0.947843611240387
154,709.486572265625,251.96414184570312,0.958055853843689,561.4127807617188,334.738037109375,0.9207669496536255,630.2500610351562,472.5888977050781,0.9836165308952332,415.25250244140625,464.93634033203125,0.8763490319252014,417.7351379394531,563.4293212890625,0.9515278339385986
155,710.8056030273438,250.9805908203125,0.9601507186889648,561.7581787109375,333.5582275390625,0.9231168031692505,629.62060546875,472.01263427734375,0.9866721630096436,413.22430419921875,463.82562255859375,0.9085688591003418,414.4144287109375,563.1669311523438,0.9328986406326294
156,714.148193359375,250.45155334472656,0.9650577306747437,562.9566040039062,332.35369873046875,0.9479959607124329,629.3900756835938,470.8151550292969,0.9849489331245422,410.36248779296875,461.8150939941406,0.8933550119400024,410.90692138671875,563.0931396484375,0.9346359968185425
157,716.4141845703125,251.3471221923828,0.9622882604598999,563.8084716796875,331.8507080078125,0.9404535293579102,628.1245727539062,469.8117980957031,0.9853331446647644,408.2704162597656,461.3874206542969,0.8396967649459839,405.91259765625,563.51513671875,0.9558935165405273
158,719.3344116210938,252.7896728515625,0.948177695274353,564.7767944335938,331.81103515625,0.9468297362327576,627.0363159179688,469.69281005859375,0.9848467111587524,405.0479431152344,460.1343688964844,0.7892755270004272,401.2177429199219,562.363525390625,0.9538443088531494
159,720.473388671875,254.5242462158203,0.959662675857544,567.5196533203125,332.0113525390625,0.9389217495918274,626.865234375,470.2033996582031,0.9848814010620117,400.2882995605469,460.5633850097656,0.8742644786834717,396.4782409667969,562.2892456054688,0.9298405647277832
160,721.5617065429688,256.62451171875,0.9657089710235596,568.1331787109375,332.81048583984375,0.9418148994445801,625.6491088867188,470.7480773925781,0.9801074266433716,399.0352478027344,459.5757141113281,0.9235472679138184,392.287109375,560.2667236328125,0.9322346448898315
161,721.24853515625,258.8285217285156,0.9630455374717712,569.0431518554688,333.8439025878906,0.9243946671485901,624.9348754882812,471.05975341796875,0.9810463190078735,396.9454650878906,458.6606140136719,0.9583021402359009,388.4168395996094,561.5267944335938,0.9506008625030518
162,722.4990234375,261.6328125,0.9675230383872986,571.3569946289062,335.5113220214844,0.9133113622665405,624.2648315429688,471.4151611328125,0.9754146933555603,396.203125,458.50506591796875,0.9517956972122192,383.937255859375,561.0897827148438,0.9332777261734009
163,722.9700317382812,264.33514404296875,0.9590976238250732,572.1765747070312,336.7300720214844,0.9343605041503906,623.230712890625,471.4523620605469,0.9731752872467041,395.17071533203125,457.775634765625,0.9505205750465393,379.9412841796875,559.4113159179688,0.927312970161438
164,724.1454467773438,266.05804443359375,0.9519985914230347,572.9261474609375,338.51409912109375,0.9292705059051514,620.0660400390625,472.7087097167969,0.9788041710853577,393.93194580078125,456.6271667480469,0.9599664807319641,376.5051574707031,557.9863891601562,0.9140415191650391
165,724.702880859375,267.6226806640625,0.9635076522827148,573.3658447265625,339.71197509765625,0.89558345079422,620.2158203125,473.2851867675781,0.9810993075370789,392.99267578125,456.0503234863281,0.9488301873207092,373.2078857421875,559.4868774414062,0.9602596759796143
166,726.5682983398438,269.547607421875,0.9319831132888794,574.5739135742188,341.0152893066406,0.8639774322509766,620.5191040039062,473.56103515625,0.9786227345466614,392.22540283203125,455.7956848144531,0.9183390140533447,369.4933166503906,559.31884765625,0.9483721852302551
167,729.4444580078125,270.27276611328125,0.9454118609428406,575.0420532226562,341.69403076171875,0.8365645408630371,620.4282836914062,473.7108154296875,0.9792267680168152,388.3476257324219,454.6836242675781,0.9213128685951233,366.1755065917969,557.493896484375,0.9311676025390625
168,728.7010498046875,271.9095153808594,0.9517759084701538,577.1948852539062,344.133056640625,0.8616183996200562,620.0545654296875,473.6979675292969,0.9778332710266113,385.1901550292969,455.5624084472656,0.9406605362892151,358.82342529296875,557.9400024414062,0.9027014970779419
169,729.0728149414062,272.6415710449219,0.9681448936462402,577.830322265625,344.5548400878906,0.8617291450500488,619.5873413085938,473.5622253417969,0.9791272878646851,384.74609375,454.88629150390625,0.9563074111938477,355.80889892578125,557.6587524414062,0.9657211303710938
170,728.8602294921875,273.9479064941406,0.9570474624633789,578.3118896484375,345.02215576171875,0.8862698078155518,619.5758666992188,473.56475830078125,0.9785417914390564,383.8611755371094,455.2181396484375,0.957534670829773,350.0711364746094,557.6685180664062,0.9036829471588135
171,729.6959838867188,275.16363525390625,0.9727424383163452,579.2608032226562,344.4216613769531,0.8875070810317993,619.3756103515625,472.7386169433594,0.976978063583374,383.98236083984375,454.8675537109375,0.9574730396270752,347.4241638183594,555.12353515625,0.9387334585189819
172,729.6406860351562,275.7630920410156,0.9681557416915894,579.7806396484375,344.3005676269531,0.9191064834594727,619.329345703125,472.05255126953125,0.9704947471618652,383.75421142578125,454.3902893066406,0.9574036002159119,341.7251281738281,554.8801879882812,0.9645390510559082
173,730.14306640625,276.2433776855469,0.9633066654205322,580.3073120117188,344.0336608886719,0.9188660383224487,620.05029296875,471.0317077636719,0.9697927236557007,384.0953369140625,454.2218017578125,0.9555790424346924,339.2524108886719,553.3270874023438,0.9569574594497681
174,731.62939453125,276.9032287597656,0.9725762009620667,581.055908203125,343.9298400878906,0.9317460656166077,621.2503662109375,471.187744140625,0.9675846695899963,384.9371643066406,453.78289794921875,0.9531732797622681,336.11102294921875,548.7021484375,0.9197670221328735
175,732.4789428710938,276.79638671875,0.9691376686096191,583.859375,342.0819091796875,0.9213465452194214,620.834716796875,469.5955810546875,0.9750558137893677,385.57086181640625,453.9790344238281,0.9487446546554565,333.9410400390625,544.9692993164062,0.9517313241958618
176,732.9838256835938,276.5120849609375,0.9605971574783325,585.60302734375,341.30621337890625,0.9445434808731079,620.458984375,468.4232177734375,0.9730321168899536,385.93341064453125,454.48114013671875,0.9351401329040527,329.60369873046875,542.5529174804688,0.956290066242218
177,734.1617431640625,276.3279113769531,0.9658173322677612,586.1950073242188,341.0297546386719,0.947981595993042,621.0020141601562,467.2757568359375,0.9731903672218323,389.09405517578125,454.61444091796875,0.9294350147247314,326.9251708984375,540.5297241210938,0.9486911296844482
178,737.6988525390625,277.1585998535156,0.9662374258041382,587.7433471679688,340.7679138183594,0.9463157653808594,621.3003540039062,466.6597900390625,0.9688995480537415,394.12139892578125,455.63714599609375,0.9399949312210083,326.1960144042969,537.4964599609375,0.9404938220977783
179,738.1019897460938,277.1643371582031,0.9730603694915771,588.4962768554688,340.4236145019531,0.9298566579818726,625.0767211914062,466.57415771484375,0.9666580557823181,395.03741455078125,456.1119384765625,0.9482554197311401,323.77960205078125,538.447265625,0.9436043500900269
180,739.3218994140625,276.6094055175781,0.9736071825027466,589.951904296875,340.6609191894531,0.9287985563278198,627.2184448242188,466.2452392578125,0.9689071178436279,396.1352844238281,457.7010498046875,0.9542041420936584,321.8839111328125,538.0917358398438,0.940953254699707
181,740.4114379882812,276.56231689453125,0.973660945892334,591.2017211914062,341.3655090332031,0.892206072807312,628.8098754882812,465.831298828125,0.9765727519989014,398.24755859375,459.27923583984375,0.9556628465652466,317.7392272949219,537.8078002929688,0.927811861038208
182,741.2672119140625,276.12799072265625,0.9689462184906006,593.7483520507812,341.9429626464844,0.9162501096725464,630.2813720703125,465.49798583984375,0.9723917245864868,402.7977294921875,460.72589111328125,0.9281147718429565,317.024658203125,533.1842651367188,0.9366472959518433
183,743.2894897460938,274.70037841796875,0.9636991024017334,595.6218872070312,342.30706787109375,0.9434177279472351,634.6683349609375,465.12176513671875,0.9788178205490112,408.4019775390625,463.8945007324219,0.9119322299957275,315.7714538574219,531.2659301757812,0.9271459579467773
184,744.5492553710938,274.0537109375,0.9679091572761536,598.1953735351562,342.7861633300781,0.9443772435188293,638.0712280273438,466.05572509765625,0.9751652479171753,411.6695251464844,464.16015625,0.9625601768493652,317.9197998046875,528.5294189453125,0.9281101226806641
185,745.1824340820312,272.5217590332031,0.9689039587974548,601.3805541992188,345.66571044921875,0.9435357451438904,643.5384521484375,468.84539794921875,0.9778426885604858,416.0718994140625,464.9018859863281,0.9319467544555664,318.26092529296875,529.7625122070312,0.9209030270576477
186,747.4122314453125,270.5086975097656,0.9681088328361511,603.466064453125,346.4382629394531,0.9473031759262085,647.5191040039062,470.48675537109375,0.9740166664123535,425.36309814453125,464.9011535644531,0.935020923614502,320.9178161621094,528.7828369140625,0.8820468187332153
187,748.3263549804688,269.00543212890625,0.9763081073760986,607.1853637695312,347.7649230957031,0.9457228183746338,653.8128662109375,470.775634765625,0.9667803645133972,430.0286560058594,463.9076843261719,0.9519171118736267,329.2999267578125,522.7838134765625,0.9110884666442871
188,749.4696044921875,267.51605224609375,0.9708045125007629,609.58056640625,348.4530944824219,0.9623957276344299,660.4880981445312,473.25250244140625,0.9817811250686646,438.8177185058594,461.60760498046875,0.9403741359710693,335.2762756347656,522.088623046875,0.8815843462944031
189,752.688720703125,267.2625427246094,0.9728594422340393,612.3209838867188,348.99505615234375,0.9568279981613159,665.1721801757812,474.7705383300781,0.9754596948623657,445.8716125488281,463.58233642578125,0.9449570178985596,348.8750305175781,515.7264404296875,0.8742324113845825
190,753.7176513671875,265.551025390625,0.96222984790802,615.6563720703125,349.3592529296875,0.9619356393814087,673.4823608398438,475.0545654296875,0.9858442544937134,456.37646484375,466.0732727050781,0.909889817237854,361.40777587890625,515.675537109375,0.8531290888786316
191,755.9960327148438,265.1300964355469,0.9576120376586914,619.304931640625,350.04364013671875,0.9529494047164917,679.3388061523438,475.6264953613281,0.9864804744720459,463.7807312011719,470.27313232421875,0.9497389197349548,369.43731689453125,519.407470703125,0.7885499000549316
192,757.491455078125,264.68890380859375,0.9535778760910034,621.8056030273438,350.19134521484375,0.9471585750579834,686.46142578125,475.98504638671875,0.9755740761756897,475.23577880859375,474.258544921875,0.9644085168838501,382.7850646972656,528.6343383789062,0.9044390916824341
193,760.69970703125,263.4941101074219,0.9268100261688232,625.6989135742188,350.62457275390625,0.940636157989502,694.3157348632812,477.0833740234375,0.9874231815338135,484.86083984375,477.02996826171875,0.9355639219284058,390.6750183105469,533.8927612304688,0.89839768409729
194,762.7528686523438,263.1615295410156,0.9384045600891113,629.4589233398438,349.8393249511719,0.9383437633514404,700.0919799804688,477.6951904296875,0.9798080921173096,494.2451171875,480.34674072265625,0.9589248895645142,404.31854248046875,541.0542602539062,0.9225960969924927
195,764.5223999023438,263.0460510253906,0.9513510465621948,632.6054077148438,349.01708984375,0.9546539783477783,708.6741943359375,477.7510681152344,0.9861916303634644,506.0904235839844,481.00775146484375,0.9528050422668457,418.01568603515625,546.2015991210938,0.9618971347808838
196,768.9444580078125,264.1239318847656,0.9133931994438171,634.6754760742188,348.8363037109375,0.9542710781097412,715.624267578125,479.528564453125,0.9730430245399475,515.53515625,476.7680358886719,0.9415196180343628,433.8632507324219,547.3322143554688,0.9675133228302002
197,771.3803100585938,264.3899230957031,0.9477667808532715,637.4518432617188,349.41571044921875,0.9356474280357361,722.0576782226562,481.0642395019531,0.978190541267395,523.4830322265625,473.68487548828125,0.9776248931884766,445.9486389160156,551.39306640625,0.9486554861068726
198,774.2557983398438,265.0030822753906,0.9305844306945801,642.06494140625,350.5470886230469,0.9290362000465393,726.8504028320312,482.14349365234375,0.979962944984436,531.6343383789062,469.4388427734375,0.92549729347229,459.4556579589844,548.857666015625,0.889966607093811
199,777.991455078125,264.7233581542969,0.9022327661514282,644.6768188476562,350.14373779296875,0.9287105798721313,731.7698364257812,480.570068359375,0.9755003452301025,537.716796875,462.1454162597656,0.9496176838874817,475.2177429199219,543.8439331054688,0.9320194125175476
200,782.52392578125,267.78045654296875,0.8621869087219238,648.5233764648438,349.66522216796875,0.9576708078384399,736.4929809570312,481.79461669921875,0.9733607769012451,545.7412719726562,456.4076843261719,0.9395849704742432,486.267822265625,547.2771606445312,0.9521968364715576
201,784.3662719726562,268.8553466796875,0.9126399755477905,650.202880859375,349.02764892578125,0.9485293626785278,740.8563842773438,481.6552734375,0.9744817018508911,552.9671020507812,451.9314880371094,0.9590998888015747,503.71343994140625,542.9157104492188,0.8481051921844482
202,786.564697265625,270.0836181640625,0.9144229888916016,652.3424072265625,348.5318908691406,0.9536030292510986,742.8532104492188,482.6130065917969,0.9767866730690002,558.9821166992188,445.2299499511719,0.971062183380127,517.0106201171875,544.0623779296875,0.9412550330162048
203,789.941162109375,270.777099609375,0.9085490703582764,656.4085693359375,349.66796875,0.9436466693878174,746.6802368164062,481.74041748046875,0.9761698246002197,563.9749145507812,441.8827209472656,0.964423656463623,529.8330688476562,543.889404296875,0.9371938705444336
204,792.0598754882812,272.3329772949219,0.9099819660186768,658.6373901367188,348.96844482421875,0.948320209980011,749.1278686523438,482.2230529785156,0.9708672165870667,568.8751831054688,441.07012939453125,0.9667268395423889,541.994384765625,543.9993896484375,0.9431748986244202
205,795.8561401367188,271.2076416015625,0.9059369564056396,661.1616821289062,348.69091796875,0.9557780027389526,751.8594970703125,483.87261962890625,0.9607751369476318,571.8532104492188,436.3702392578125,0.9839687943458557,552.656982421875,542.7925415039062,0.9062138795852661
206,799.2431030273438,274.3215637207031,0.9146411418914795,663.7891235351562,348.2158203125,0.9548544883728027,753.968505859375,484.15789794921875,0.9750322103500366,576.4318237304688,433.7999572753906,0.9801501035690308,566.0098266601562,541.5577392578125,0.8944554328918457
207,801.4482421875,275.15753173828125,0.9422429800033569,666.2890625,348.146484375,0.9565682411193848,756.6771240234375,486.12835693359375,0.980919599533081,580.8812866210938,429.9457702636719,0.9448288083076477,579.2293090820312,538.8240966796875,0.9396295547485352
208,804.1617431640625,276.2403869628906,0.9491075277328491,668.8997192382812,348.8944091796875,0.9725847244262695,757.9490356445312,487.6007385253906,0.9836377501487732,586.2528076171875,428.3875732421875,0.9623759388923645,590.8767700195312,530.2730102539062,0.6814372539520264
209,807.2835693359375,277.0912170410156,0.9385616779327393,673.5380859375,349.7569885253906,0.9441125392913818,760.4468994140625,488.2918701171875,0.9709906578063965,592.263427734375,425.6645812988281,0.9767236709594727,602.663818359375,531.000244140625,0.8128032684326172
210,808.8184814453125,278.2671813964844,0.9315011501312256,676.4525756835938,349.58343505859375,0.9548043012619019,764.7870483398438,488.90289306640625,0.9530705213546753,596.5498046875,425.4982604980469,0.9557317495346069,614.332763671875,526.2073974609375,0.86167311668396
211,811.5966796875,278.6272888183594,0.9408392906188965,680.535400390625,348.7523498535156,0.944412350654602,770.1319580078125,488.8047180175781,0.9815959930419922,603.9252319335938,426.1346435546875,0.9789668321609497,626.271484375,522.5588989257812,0.9309886693954468
212,817.125732421875,279.7353515625,0.930316686630249,682.8843994140625,349.36859130859375,0.962914228439331,773.7763671875,490.0808410644531,0.9803050756454468,609.2894287109375,426.3833312988281,0.9758491516113281,641.1500244140625,524.1646118164062,0.8692892789840698
213,819.4375,280.0914306640625,0.9565976858139038,686.7770385742188,349.8835754394531,0.9471856355667114,779.1649780273438,490.8153991699219,0.9711459875106812,613.6400146484375,427.9638671875,0.9638806581497192,655.4397583007812,528.4424438476562,0.7024282813072205
214,821.7960815429688,280.90728759765625,0.919824481010437,691.474609375,351.53472900390625,0.9578918218612671,785.7117309570312,490.16888427734375,0.9820331335067749,621.2526245117188,432.9546203613281,0.9676992893218994,668.804931640625,529.6851196289062,0.896270751953125
215,826.8892822265625,280.4194641113281,0.919308066368103,695.5986938476562,352.5599670410156,0.9479119777679443,791.573486328125,491.0745544433594,0.9825050830841064,625.4923706054688,436.711669921875,0.9709667563438416,677.4810791015625,529.3763427734375,0.9228185415267944
216,831.8671264648438,282.0001525878906,0.871907114982605,699.500244140625,353.2464904785156,0.9734777212142944,798.4080200195312,491.1473693847656,0.964573085308075,633.0408325195312,440.7928466796875,0.9757719039916992,689.8770751953125,529.5075073242188,0.8599624633789062
217,833.4781494140625,282.42822265625,0.9318745136260986,702.7162475585938,355.3522033691406,0.920863151550293,804.4019775390625,491.21319580078125,0.9857267141342163,638.4729614257812,443.298095703125,0.9729825854301453,702.7822875976562,529.2546997070312,0.7545790672302246
218,836.6084594726562,283.25518798828125,0.9568231701850891,706.6881713867188,358.0030212402344,0.8975167870521545,809.2943725585938,491.91217041015625,0.9767529964447021,646.6826171875,449.1564025878906,0.9584239721298218,708.7264404296875,527.4464721679688,0.7807021141052246
219,838.7442626953125,283.14306640625,0.9677446484565735,710.1939086914062,359.2377624511719,0.9411738514900208,816.4175415039062,492.8318176269531,0.9809232950210571,653.5045776367188,455.5047302246094,0.9799917936325073,717.3613891601562,523.4616088867188,0.8260597586631775
220,841.1345825195312,283.2714538574219,0.9449650049209595,712.9403076171875,361.2808837890625,0.9664139747619629,822.6116943359375,492.2325744628906,0.9863247871398926,658.5267333984375,458.74798583984375,0.9690601825714111,725.01123046875,525.3665771484375,0.8609859347343445
221,847.4573364257812,283.357666015625,0.946876049041748,715.5642700195312,362.6349792480469,0.9577224254608154,826.4590454101562,492.6419677734375,0.9837632179260254,666.205078125,467.2625732421875,0.9774618148803711,733.7428588867188,528.1246948242188,0.9035946130752563
222,849.9396362304688,283.9488525390625,0.9591014385223389,719.6870727539062,364.6093444824219,0.9283076524734497,834.6573486328125,492.4739685058594,0.9883937835693359,671.64208984375,472.9158935546875,0.9699276685714722,741.8873291015625,530.7099609375,0.8762919306755066
223,853.7659912109375,284.01458740234375,0.957461953163147,724.4010009765625,365.6005859375,0.9427105188369751,839.8192749023438,492.2080078125,0.9844142198562622,681.0967407226562,479.4132080078125,0.9575283527374268,750.0511474609375,532.2693481445312,0.8807232975959778
224,857.4658813476562,282.9541931152344,0.9431974291801453,730.4638061523438,365.76776123046875,0.955576479434967,844.6071166992188,493.05078125,0.9723089933395386,686.0974731445312,485.13739013671875,0.9830739498138428,758.009765625,534.9343872070312,0.8242332339286804
225,859.76806640625,283.1561584472656,0.9448074102401733,733.3692626953125,366.5570983886719,0.9548310041427612,851.1138305664062,493.1635437011719,0.9881753325462341,693.8678588867188,489.9830627441406,0.9733757376670837,764.6288452148438,537.1382446289062,0.8677850961685181
226,864.6571655273438,284.2164306640625,0.9583970308303833,738.3110961914062,368.642822265625,0.9273689389228821,856.1781616210938,492.48681640625,0.9812725186347961,700.5201416015625,493.7734069824219,0.9705053567886353,772.5137939453125,538.320068359375,0.9100079536437988
227,867.8670654296875,283.8918762207031,0.9626372456550598,741.13671875,369.5372314453125,0.9129428863525391,859.7366333007812,492.3882141113281,0.9798476099967957,709.4982299804688,499.849609375,0.9651919007301331,784.857666015625,544.1315307617188,0.8757418990135193
228,870.64013671875,283.4140625,0.9424793720245361,744.9964599609375,369.1944580078125,0.9455304741859436,865.8245239257812,492.5809631347656,0.9865769147872925,717.1820068359375,504.3433837890625,0.9750981330871582,789.5101928710938,543.4285888671875,0.9149351119995117
229,874.0931396484375,282.72540283203125,0.9512879848480225,748.34375,368.9681396484375,0.9406725764274597,871.1323852539062,492.91729736328125,0.984778106212616,724.0457153320312,507.235107421875,0.9719836711883545,797.175537109375,544.900390625,0.9280040264129639
230,879.5087890625,283.76611328125,0.9445499777793884,751.34228515625,370.51446533203125,0.9350914359092712,873.275390625,492.20269775390625,0.983940839767456,729.147216796875,510.9237976074219,0.9589899778366089,802.2767944335938,546.4789428710938,0.9220868349075317
231,881.3361206054688,284.014404296875,0.9643601179122925,756.6124877929688,372.636474609375,0.8985384702682495,878.8912963867188,493.0447082519531,0.9694494009017944,735.4515991210938,513.8603515625,0.9675625562667847,809.512451171875,546.9639892578125,0.9004527926445007
232,884.5557250976562,284.167724609375,0.97389817237854,761.0794677734375,372.5478210449219,0.9183368682861328,882.9014892578125,493.951416015625,0.98301762342453,744.0720825195312,517.1685791015625,0.9574023485183716,815.9727172851562,548.2709350585938,0.8721497654914856
233,887.8114013671875,283.99066162109375,0.966941237449646,763.5217895507812,372.3973693847656,0.9486174583435059,886.7633666992188,494.7340393066406,0.9783006906509399,749.9578247070312,519.1589965820312,0.9613684415817261,820.443359375,550.2769775390625,0.8943363428115845
234,892.8599243164062,283.887939453125,0.9551350474357605,767.0889892578125,373.6231384277344,0.914391815662384,891.4835205078125,496.4061279296875,0.9828227162361145,756.6837768554688,522.60791015625,0.9711570739746094,823.8181762695312,550.2291870117188,0.8449856042861938
235,896.5849609375,285.0580749511719,0.9558843374252319,771.0816650390625,375.1317138671875,0.9270129203796387,894.9885864257812,498.42120361328125,0.9704635143280029,760.0785522460938,522.8915405273438,0.9500086307525635,835.4826049804688,555.1033935546875,0.9141822457313538
236,899.1912231445312,285.3448791503906,0.9434062242507935,775.8530883789062,376.26513671875,0.9261190891265869,898.2477416992188,499.477294921875,0.9781599044799805,766.4027709960938,524.6395263671875,0.9621587991714478,836.9470825195312,556.2871704101562,0.8873833417892456
237,903.7595825195312,286.0070495605469,0.9449373483657837,778.707763671875,377.10833740234375,0.9472147226333618,900.760009765625,500.0557861328125,0.9812944531440735,767.0245971679688,523.3414306640625,0.9724758863449097,838.4166259765625,557.9689331054688,0.8734433650970459
238,907.7173461914062,284.9783630371094,0.9377002716064453,782.3803100585938,378.3574523925781,0.906383752822876,902.4395141601562,501.524658203125,0.9773849844932556,766.757568359375,521.5570678710938,0.9758918285369873,836.4539184570312,557.0042724609375,0.9056103229522705
239,911.7874145507812,285.04949951171875,0.9341989159584045,787.3295288085938,378.7641906738281,0.9253499507904053,903.1204833984375,502.3861083984375,0.9729740619659424,763.7999877929688,518.8247680664062,0.9734229445457458,833.56103515625,558.08984375,0.9120708107948303
240,915.2290649414062,285.9910888671875,0.9589628577232361,790.9491577148438,377.1163635253906,0.9589462280273438,903.6968994140625,503.0025329589844,0.9705482125282288,761.752197265625,516.6602783203125,0.9704285860061646,828.11376953125,556.6254272460938,0.8895939588546753
241,918.2548217773438,286.1959533691406,0.9544605016708374,793.6009521484375,375.93511962890625,0.9597810506820679,904.1295166015625,502.8781433105469,0.967993974685669,760.3717651367188,513.9526977539062,0.970210075378418,826.8408203125,557.8126220703125,0.8921985626220703
242,923.2997436523438,285.2575378417969,0.9552769064903259,794.6219482421875,375.1598205566406,0.9385925531387329,905.8185424804688,502.3231506347656,0.9671619534492493,757.2158203125,509.929931640625,0.9635330438613892,822.0840454101562,558.74560546875,0.9041035771369934
243,927.1598510742188,283.98577880859375,0.958701491355896,798.4379272460938,373.069091796875,0.9287067651748657,905.9874267578125,501.2358703613281,0.9746683239936829,755.5507202148438,507.493408203125,0.9751341938972473,819.7903442382812,557.9632568359375,0.9221939444541931
244,927.84228515625,282.1787414550781,0.9502800703048706,800.7216796875,371.9419860839844,0.884222686290741,906.4069213867188,499.5509948730469,0.9766541719436646,754.9566650390625,505.060791015625,0.9728661775588989,817.4336547851562,558.6185913085938,0.9139236211776733
245,930.1475830078125,279.68597412109375,0.9754658937454224,803.8026123046875,369.4335021972656,0.9041711091995239,906.4952392578125,497.1873474121094,0.9827659726142883,752.1862182617188,501.66070556640625,0.9783248901367188,813.3206787109375,560.6233520507812,0.9322901964187622
246,932.0642700195312,277.2436218261719,0.9806088805198669,803.9342041015625,366.5103454589844,0.9345676898956299,906.5154418945312,495.91900634765625,0.9739176034927368,751.91552734375,499.6649475097656,0.9711408615112305,807.1884155273438,558.4619140625,0.8929292559623718
247,935.5051879882812,274.9141540527344,0.9695685505867004,805.7840576171875,364.9867858886719,0.9480641484260559,905.31884765625,492.733154296875,0.9764941334724426,750.5755004882812,496.2081298828125,0.9706411361694336,805.4047241210938,559.6516723632812,0.9125904440879822
248,937.8341064453125,273.2049560546875,0.9717092514038086,806.66015625,363.6144714355469,0.9323920011520386,905.1207275390625,492.10882568359375,0.9788764715194702,749.76806640625,493.04620361328125,0.9747511148452759,801.2044067382812,559.1490478515625,0.882487952709198
249,940.0872802734375,271.42474365234375,0.9612787365913391,808.2290649414062,361.8450622558594,0.9425636529922485,905.31298828125,492.19500732421875,0.976215124130249,748.2532348632812,490.9742736816406,0.974563717842102,792.8101806640625,556.2396240234375,0.8163377046585083
250,941.4596557617188,271.1500244140625,0.9601274728775024,808.541259765625,360.71392822265625,0.9464088678359985,905.3035278320312,491.87353515625,0.9826122522354126,747.2819213867188,489.66619873046875,0.9748333692550659,790.0468139648438,555.820068359375,0.9217020273208618
251,941.7007446289062,271.50384521484375,0.9616906642913818,809.9768676757812,360.768798828125,0.9483970403671265,905.2555541992188,492.01605224609375,0.9795664548873901,745.357177734375,487.7268981933594,0.9609476327896118,787.6707763671875,557.3798828125,0.9035974740982056
252,945.39697265625,273.2493896484375,0.9736947417259216,810.9667358398438,360.1014099121094,0.9421635866165161,904.7852783203125,491.9752502441406,0.981236457824707,743.7127685546875,484.3025207519531,0.9503085017204285,784.956787109375,556.4264526367188,0.8942086696624756
253,946.4991455078125,274.7663879394531,0.9795425534248352,811.854248046875,360.33563232421875,0.9410762190818787,904.5584716796875,492.0945739746094,0.9749798774719238,741.9810180664062,481.602294921875,0.9394022822380066,779.1281127929688,555.3695068359375,0.8803352117538452
254,948.6180419921875,276.6725158691406,0.981782078742981,813.689208984375,360.7366638183594,0.9312121868133545,904.2103881835938,492.42633056640625,0.9767887592315674,740.1475830078125,479.70458984375,0.9443286657333374,774.1551513671875,554.6949462890625,0.935597836971283
255,949.1013793945312,277.7482604980469,0.9789866209030151,814.4153442382812,361.0989990234375,0.9162989258766174,902.8870239257812,493.2432556152344,0.972232460975647,736.395263671875,478.6126403808594,0.938389003276825,771.9047241210938,553.8658447265625,0.9381234645843506
256,952.4029541015625,279.0667724609375,0.9685856103897095,814.8864135742188,360.25848388671875,0.9121689796447754,901.7449951171875,493.53656005859375,0.9784040451049805,735.1759033203125,476.05401611328125,0.9703401327133179,769.0822143554688,553.4871215820312,0.9029151201248169
257,953.59033203125,279.75634765625,0.9608490467071533,816.9057006835938,360.4911804199219,0.9199610948562622,900.7608642578125,494.3052062988281,0.9759328365325928,733.8726806640625,475.19427490234375,0.9717658162117004,763.63720703125,551.3094482421875,0.8736757636070251
258,955.94921875,281.2547912597656,0.9520230293273926,817.2337036132812,360.0755310058594,0.920891284942627,900.0541381835938,494.4329833984375,0.9801424741744995,732.01123046875,474.21331787109375,0.9704409837722778,758.049560546875,550.898193359375,0.9236351251602173
259,959.4703979492188,283.4790954589844,0.945982813835144,817.7239990234375,359.73028564453125,0.911537230014801,899.1771240234375,494.73114013671875,0.9784551858901978,730.3930053710938,473.2320861816406,0.9692280292510986,755.3892211914062,550.7080688476562,0.949116587638855
260,961.5438232421875,284.4832458496094,0.9561931490898132,816.81298828125,357.5180358886719,0.8912695050239563,898.824462890625,494.9461975097656,0.9810354709625244,728.8021850585938,472.01885986328125,0.9630768895149231,754.3294677734375,553.6102905273438,0.9233905076980591
261,963.1124877929688,284.95989990234375,0.9711970090866089,818.8511962890625,358.5269775390625,0.8995067477226257,898.6968383789062,496.9236145019531,0.9766751527786255,726.6091918945312,468.7521057128906,0.9024523496627808,747.2978515625,550.092041015625,0.8629192113876343
262,964.1856689453125,285.6850891113281,0.9739986658096313,820.0802001953125,356.7559814453125,0.8832188844680786,897.4157104492188,495.0267639160156,0.9786511659622192,725.139404296875,467.6566162109375,0.8901752233505249,746.3651123046875,552.3677368164062,0.8658859133720398
263,966.1123657226562,285.77734375,0.9697734117507935,821.434326171875,355.7218322753906,0.8508036136627197,897.1849975585938,494.455322265625,0.9811612367630005,721.168212890625,467.3924865722656,0.9201587438583374,740.2108154296875,549.439208984375,0.9467275738716125
264,966.8109741210938,285.1795654296875,0.9710359573364258,824.835205078125,354.4781799316406,0.8880603313446045,897.068359375,493.681640625,0.9853187799453735,719.2697143554688,464.30511474609375,0.9538828134536743,738.3125,548.93798828125,0.9444029927253723
265,969.6893310546875,284.0770568847656,0.9495037198066711,824.8571166992188,353.02459716796875,0.9168771505355835,896.9219970703125,493.1037292480469,0.9840142726898193,717.8114624023438,461.85089111328125,0.9650074243545532,734.7171020507812,549.54296875,0.8996486663818359
266,971.030029296875,283.8939208984375,0.9435126781463623,825.2066650390625,350.8378601074219,0.9381670951843262,896.5383911132812,492.30413818359375,0.9863153100013733,716.7551879882812,460.54388427734375,0.9713909029960632,731.1907958984375,549.282958984375,0.8556822538375854
267,972.0292358398438,283.5891418457031,0.946744441986084,825.8865356445312,349.9104919433594,0.9490828514099121,896.732666015625,491.65032958984375,0.9877587556838989,714.2843627929688,460.2447509765625,0.9495863914489746,726.8670654296875,549.8683471679688,0.8904229402542114
268,975.8990478515625,283.40045166015625,0.9572246074676514,826.2527465820312,348.8463134765625,0.9590408802032471,896.500732421875,490.3968200683594,0.9877880811691284,711.728759765625,459.71502685546875,0.921993613243103,724.1087036132812,548.6656494140625,0.948387861251831
269,977.452392578125,283.183349609375,0.9576187133789062,827.30322265625,347.99090576171875,0.9618686437606812,897.8005981445312,488.9683532714844,0.9880698919296265,709.8175659179688,458.09002685546875,0.9270967245101929,720.885009765625,547.3609619140625,0.935046911239624
270,978.4669189453125,283.3251953125,0.9651293158531189,827.7347412109375,347.38671875,0.9561439752578735,897.97802734375,488.211669921875,0.9858000874519348,707.3233032226562,456.34967041015625,0.9310666918754578,716.9619140625,547.0823974609375,0.9281246662139893
271,979.9260864257812,283.1665954589844,0.9554763436317444,828.419921875,346.7443542480469,0.9580771923065186,897.92919921875,488.21417236328125,0.9813054203987122,704.6365966796875,455.6366882324219,0.9345751404762268,711.4923095703125,547.670654296875,0.9184402227401733
272,979.9955444335938,282.94097900390625,0.9571024775505066,829.357421875,346.21844482421875,0.9493783712387085,897.23193359375,487.96575927734375,0.9798499345779419,703.0903930664062,454.7720947265625,0.963162899017334,708.1790161132812,546.08984375,0.961588978767395
273,980.9511108398438,282.5341491699219,0.9483534097671509,829.8908081054688,346.1429443359375,0.9400842189788818,896.71240234375,487.3783264160156,0.9790786504745483,701.144287109375,454.3636169433594,0.973834753036499,704.9619750976562,546.3580322265625,0.9369027614593506
274,982.4156494140625,282.3601989746094,0.9368687868118286,833.542236328125,345.88177490234375,0.9309417009353638,896.45556640625,486.4104919433594,0.982548713684082,699.6484375,454.1643371582031,0.9713675379753113,701.467041015625,546.6758422851562,0.9412551522254944
275,984.3145751953125,282.5477600097656,0.9202094078063965,834.7496337890625,345.61907958984375,0.9581732749938965,896.0769653320312,485.5044250488281,0.9769487380981445,697.2449951171875,453.5499572753906,0.9624689817428589,698.5460205078125,547.3690185546875,0.9199341535568237
276,985.3351440429688,283.1949157714844,0.8969190120697021,835.8799438476562,345.0145263671875,0.9593164920806885,896.1452026367188,484.8895263671875,0.9804297685623169,695.2527465820312,453.3116760253906,0.9376001358032227,693.9371948242188,547.3218994140625,0.9564685821533203
277,990.2119750976562,285.0277404785156,0.8794118165969849,837.3623046875,344.89385986328125,0.9400128126144409,896.95068359375,484.7472839355469,0.9838489294052124,693.755126953125,451.9541015625,0.8835663199424744,691.28076171875,545.8087768554688,0.9484304189682007
278,990.8606567382812,284.9328308105469,0.8944418430328369,838.7109985351562,344.2247009277344,0.9418286085128784,897.8110961914062,484.5126037597656,0.9848030805587769,692.703125,450.9512023925781,0.8485274314880371,688.6484375,545.9005126953125,0.9313821792602539
279,992.2709350585938,285.3558349609375,0.9276502132415771,840.6201782226562,344.89801025390625,0.9398069977760315,898.1639404296875,484.2915344238281,0.9859951734542847,689.792236328125,451.0559387207031,0.9141740798950195,684.48974609375,546.2417602539062,0.9391294717788696
280,993.9458618164062,285.7827453613281,0.9285808801651001,842.0693359375,345.55419921875,0.9549132585525513,898.5883178710938,484.1175842285156,0.9867608547210693,688.7080078125,450.3676452636719,0.9205610752105713,680.0924072265625,545.7169799804688,0.9348862171173096
281,995.391357421875,286.96099853515625,0.9276503324508667,843.6082153320312,346.43994140625,0.9525514841079712,899.2020874023438,483.9243469238281,0.9867849349975586,687.1380004882812,449.20001220703125,0.9443479776382446,676.867919921875,545.8080444335938,0.958379328250885
282,996.8150024414062,287.46575927734375,0.9245786666870117,845.1083374023438,347.39483642578125,0.9411418437957764,899.52099609375,483.56884765625,0.9860619902610779,685.706298828125,448.34228515625,0.9489139914512634,673.0184936523438,544.6464233398438,0.9389654397964478
283,999.43017578125,289.38446044921875,0.8706302642822266,848.5863647460938,348.338623046875,0.9372885227203369,899.5955810546875,483.08062744140625,0.9838689565658569,684.946044921875,447.6774597167969,0.942965567111969,669.6016235351562,545.6760864257812,0.9370607733726501
284,1001.0668334960938,289.6285400390625,0.8774296641349792,850.6333618164062,348.35498046875,0.9548566937446594,900.165283203125,482.7367858886719,0.9825781583786011,683.2843017578125,446.6976318359375,0.9593443870544434,664.5643920898438,545.022216796875,0.9327071309089661
285,1002.4808349609375,290.37884521484375,0.898642897605896,851.8871459960938,348.755615234375,0.9598196148872375,899.8207397460938,481.89794921875,0.9772971868515015,681.8375854492188,446.56842041015625,0.9464575052261353,661.3866577148438,544.8807373046875,0.9545491337776184
286,1003.1612548828125,291.05560302734375,0.9314099550247192,853.6593627929688,349.13311767578125,0.9500449895858765,899.0911865234375,479.6707458496094,0.9722495675086975,680.1852416992188,446.1020812988281,0.9426078796386719,658.49560546875,543.7667236328125,0.9563851356506348
287,1004.3832397460938,291.60455322265625,0.9044709801673889,855.2515258789062,348.89520263671875,0.9327350854873657,899.0482177734375,478.9269104003906,0.9772497415542603,678.6502685546875,445.7059020996094,0.9400612711906433,654.5801391601562,544.308837890625,0.9394425749778748
288,1007.5477294921875,292.35614013671875,0.8979878425598145,856.7352905273438,349.1844482421875,0.9435148239135742,898.9921875,478.3752136230469,0.9768590927124023,677.2882690429688,445.0231628417969,0.9371283054351807,651.4605102539062,542.7672729492188,0.9289922714233398
289,1009.0032348632812,293.645751953125,0.9314765930175781,858.5376586914062,349.7540588378906,0.9474730491638184,899.514404296875,477.5483703613281,0.9800503253936768,676.6195678710938,444.6641845703125,0.9354934096336365,646.8242797851562,542.2276000976562,0.9269896745681763
290,1010.4330444335938,293.79498291015625,0.9351160526275635,859.1277465820312,349.7563781738281,0.9317846298217773,899.6505737304688,477.2127990722656,0.9827566146850586,676.36962890625,444.4953918457031,0.9405760765075684,643.4813232421875,542.1965942382812,0.9474470019340515
291,1011.3944702148438,294.8636779785156,0.9441441893577576,861.4464721679688,351.2746887207031,0.9252529144287109,899.9232177734375,476.294921875,0.9823408126831055,675.5640258789062,444.5015869140625,0.9394057989120483,640.0274658203125,540.6224365234375,0.9388551712036133
292,1013.3082885742188,295.3702392578125,0.9511103630065918,864.1531372070312,351.031005859375,0.9279080629348755,900.6378173828125,475.60260009765625,0.9816243648529053,675.3790283203125,444.40936279296875,0.9454301595687866,636.2071533203125,540.2747802734375,0.946499228477478
293,1015.4410400390625,295.4425964355469,0.9592548608779907,864.4058837890625,350.91180419921875,0.9331042766571045,899.853759765625,474.8843994140625,0.9769273996353149,674.366943359375,444.8670654296875,0.9336320757865906,631.062744140625,538.3685302734375,0.93160480260849
294,1016.50244140625,296.2884826660156,0.9608751535415649,865.5469360351562,351.18585205078125,0.9230464696884155,899.7420043945312,474.2739562988281,0.9730176329612732,673.96435546875,444.94671630859375,0.9399526119232178,628.1945190429688,537.7015991210938,0.9454610347747803
295,1016.5758666992188,297.11590576171875,0.9538400173187256,867.8218383789062,351.2177429199219,0.9316914081573486,900.1853637695312,473.7852478027344,0.9714521169662476,671.5321044921875,448.29205322265625,0.9378455877304077,626.0914916992188,533.20751953125,0.9413503408432007
296,1016.9532470703125,297.69580078125,0.953771710395813,868.0291137695312,351.7460632324219,0.938543438911438,900.9552612304688,473.7518310546875,0.9762083292007446,671.611083984375,448.6109619140625,0.9317923784255981,622.9249877929688,534.1705932617188,0.9446906447410583
297,1018.4093627929688,298.3867492675781,0.9419883489608765,869.512451171875,351.9273986816406,0.9499585628509521,901.17724609375,474.03448486328125,0.9722728729248047,671.8136596679688,449.3705139160156,0.9354790449142456,618.7854614257812,531.1943359375,0.9464106559753418
298,1018.4136352539062,299.430419921875,0.9622762203216553,871.787109375,352.3413391113281,0.9560418128967285,901.6629638671875,474.43536376953125,0.974341869354248,672.7964477539062,450.59039306640625,0.938847541809082,617.8379516601562,527.7691040039062,0.9356430768966675
299,1019.3710327148438,300.0359191894531,0.9715927839279175,872.7108154296875,353.3006286621094,0.9562608003616333,902.4839477539062,474.9774475097656,0.9695947170257568,674.1122436523438,451.63885498046875,0.9255111813545227,614.3085327148438,526.5004272460938,0.9376692175865173
300,1021.1607055664062,300.9879150390625,0.9789313077926636,873.3745727539062,354.5926513671875,0.9524282217025757,903.1282348632812,475.8970031738281,0.9725115299224854,677.7023315429688,451.38836669921875,0.9396480321884155,611.1858520507812,525.236328125,0.9274477958679199
301,1020.8834838867188,301.6493225097656,0.9802266359329224,874.3519897460938,356.4288024902344,0.9509983062744141,905.6054077148438,476.47210693359375,0.9642096161842346,681.3753662109375,452.2477111816406,0.9459050893783569,609.180419921875,524.7855834960938,0.9236607551574707
302,1020.6251220703125,302.2038879394531,0.9801328182220459,875.2621459960938,357.9237976074219,0.9281637072563171,906.3754272460938,480.3970947265625,0.9507404565811157,683.8062744140625,454.0010681152344,0.9469698667526245,605.9616088867188,522.68701171875,0.9342365264892578
303,1020.3715209960938,301.1663513183594,0.9838577508926392,875.5183715820312,361.5313720703125,0.9225004315376282,909.2438354492188,481.94000244140625,0.9699751138687134,685.9695434570312,457.27972412109375,0.968643069267273,600.2876586914062,522.2479248046875,0.9503308534622192
304,1020.6264038085938,300.74627685546875,0.9813920259475708,876.3899536132812,362.3699035644531,0.9446626901626587,912.8714599609375,484.62835693359375,0.9630815982818604,690.2759399414062,458.6479797363281,0.9529629349708557,601.685302734375,518.2872924804688,0.9160964488983154
305,1021.1051025390625,299.906494140625,0.9835050106048584,876.47900390625,363.66766357421875,0.9456982612609863,915.5100708007812,487.72381591796875,0.9727575778961182,697.0263671875,461.24090576171875,0.940325140953064,604.1754760742188,516.3063354492188,0.9338365793228149
306,1021.7205810546875,299.2994384765625,0.9762992858886719,877.079833984375,365.5557556152344,0.94219970703125,918.0730590820312,489.4997863769531,0.984356164932251,701.0230712890625,463.7294006347656,0.9631534218788147,606.618896484375,514.7590942382812,0.9153001308441162
307,1021.7359008789062,298.4659423828125,0.9735805988311768,878.24560546875,367.5862121582031,0.9350744485855103,921.8335571289062,491.6393127441406,0.9788515567779541,705.701416015625,466.7170715332031,0.9079840183258057,608.2268676757812,513.7159423828125,0.9050211906433105
308,1021.5037841796875,298.0055236816406,0.9659690856933594,881.9512939453125,369.2309265136719,0.9166209697723389,927.5615844726562,493.8785705566406,0.9635457992553711,715.3961791992188,467.42559814453125,0.9660377502441406,613.50634765625,510.6893615722656,0.8995652198791504
309,1021.6683959960938,297.8829345703125,0.9650025367736816,883.0847778320312,369.9149475097656,0.8931921720504761,931.6661376953125,495.3893127441406,0.9737848043441772,720.9044189453125,469.03961181640625,0.9398729801177979,619.95263671875,509.0515441894531,0.8260924220085144
310,1024.02587890625,297.87579345703125,0.9587079286575317,884.1738891601562,370.6076354980469,0.9325606226921082,934.9276123046875,499.16632080078125,0.9815738201141357,731.7105102539062,470.2813415527344,0.9522629380226135,624.2056274414062,511.88922119140625,0.8522874116897583
311,1024.7935791015625,296.844482421875,0.9440364241600037,888.2427368164062,371.0873718261719,0.9561306238174438,940.0553588867188,500.2529296875,0.9876009225845337,736.585693359375,473.37615966796875,0.9508947134017944,640.3734130859375,511.1830749511719,0.7890846729278564
312,1025.9580078125,296.94482421875,0.9505516290664673,890.0213012695312,371.3721923828125,0.9505624771118164,946.6829223632812,500.8243408203125,0.9853514432907104,743.0824584960938,475.6886901855469,0.9151055812835693,649.20654296875,516.1258544921875,0.7710188627243042
313,1027.062255859375,296.3582458496094,0.9539284706115723,892.373291015625,370.8486633300781,0.9627364873886108,951.7061157226562,502.6567077636719,0.9784402847290039,750.4925537109375,480.2573547363281,0.9317481517791748,656.2529907226562,524.6907958984375,0.8261995911598206
314,1028.718994140625,295.6865539550781,0.9565194845199585,894.4476318359375,371.3211669921875,0.9444296360015869,959.0787963867188,501.64569091796875,0.9749218821525574,758.171875,482.8103332519531,0.91623854637146,667.4715576171875,530.7796020507812,0.878775417804718
315,1031.364013671875,293.9882507324219,0.9543112516403198,895.8543090820312,370.60406494140625,0.9323148727416992,964.1177368164062,501.828857421875,0.984943687915802,765.1392211914062,485.1841125488281,0.9707096815109253,675.5702514648438,539.1694946289062,0.8856789469718933
316,1032.154296875,293.2961730957031,0.9536197781562805,900.268798828125,370.1537780761719,0.9178661108016968,969.3961181640625,501.40673828125,0.9833451509475708,772.6838989257812,486.3833312988281,0.8988187313079834,689.0834350585938,545.8241577148438,0.8941324353218079
317,1033.2298583984375,291.8352355957031,0.9539464712142944,903.9716796875,368.9610290527344,0.9414368867874146,974.679931640625,500.1219482421875,0.978325366973877,779.2825317382812,485.6268005371094,0.9666211605072021,695.1947631835938,554.6688232421875,0.9032222032546997
318,1035.3480224609375,289.5224914550781,0.9429700970649719,905.5248413085938,367.21270751953125,0.9619014263153076,980.0798950195312,499.8173522949219,0.9863293766975403,785.1305541992188,484.5908508300781,0.9409571290016174,708.0182495117188,556.912109375,0.9344412088394165
319,1040.613525390625,287.8300476074219,0.9492460489273071,907.7590942382812,365.6168212890625,0.9555251598358154,983.2896118164062,499.4335021972656,0.9846639633178711,792.1524658203125,481.2594299316406,0.9055854678153992,716.1461791992188,558.1464233398438,0.8453891277313232
320,1041.9013671875,286.4313659667969,0.951553463935852,908.8483276367188,364.77783203125,0.9525589346885681,988.3699340820312,496.1833801269531,0.9781080484390259,796.4446411132812,475.74951171875,0.970650315284729,726.4497680664062,560.1107177734375,0.9041147828102112
321,1044.0355224609375,285.18719482421875,0.9528120160102844,913.044921875,364.1141662597656,0.9449514150619507,992.68408203125,493.4410705566406,0.9734358191490173,800.6585693359375,471.71746826171875,0.9487607479095459,741.18310546875,558.3829345703125,0.9451367855072021
322,1044.99560546875,283.41265869140625,0.9098058938980103,915.4736938476562,360.8522033691406,0.9533795714378357,995.0885009765625,492.03240966796875,0.9869739413261414,806.79248046875,467.1697082519531,0.9412519335746765,753.2994995117188,558.3876953125,0.9202301502227783
323,1046.497314453125,280.8147888183594,0.9336494207382202,918.5281372070312,357.55145263671875,0.9395849108695984,998.853271484375,491.33209228515625,0.9865751266479492,810.8789672851562,460.4267883300781,0.985587477684021,767.407470703125,559.4310913085938,0.9276553392410278
324,1049.9935302734375,278.4810485839844,0.9541500210762024,923.0519409179688,354.3639221191406,0.9491429328918457,1003.0750732421875,488.5355224609375,0.9635545015335083,817.3231201171875,455.57012939453125,0.9704967737197876,780.829833984375,558.252685546875,0.8670424818992615
325,1054.13232421875,276.6842041015625,0.9566896557807922,925.7531127929688,350.85687255859375,0.9470866918563843,1007.4015502929688,486.27203369140625,0.9685488939285278,822.1234741210938,449.9020080566406,0.9423738718032837,794.4183349609375,556.6187133789062,0.8939967751502991
326,1058.44140625,274.59722900390625,0.9668489098548889,929.9646606445312,349.7330322265625,0.9532864093780518,1010.9215698242188,481.82977294921875,0.973602294921875,827.976806640625,442.9397277832031,0.9822743535041809,813.5596313476562,550.1832885742188,0.9301241636276245
327,1060.90966796875,271.49346923828125,0.9642196893692017,932.5076293945312,345.9862060546875,0.954079270362854,1013.2666015625,478.0495910644531,0.979503870010376,833.3275146484375,438.2421569824219,0.9751168489456177,831.8679809570312,546.570068359375,0.9306821823120117
328,1063.0594482421875,269.6281433105469,0.953831136226654,937.7481079101562,341.90185546875,0.945509672164917,1019.0176391601562,476.17327880859375,0.9746676683425903,841.3999633789062,432.6160888671875,0.9743272066116333,845.08984375,539.93310546875,0.8471856117248535
329,1065.301025390625,266.01422119140625,0.938312828540802,940.5778198242188,338.29425048828125,0.9595497846603394,1025.4595947265625,473.8740539550781,0.9872012138366699,849.133056640625,426.40667724609375,0.9859733581542969,860.83251953125,529.802734375,0.9224680662155151
330,1067.873779296875,262.9729919433594,0.9292291402816772,943.6204833984375,336.1270751953125,0.9408212900161743,1030.6705322265625,471.52392578125,0.9804476499557495,857.5283203125,423.9273376464844,0.9835946559906006,878.1961669921875,527.3782348632812,0.8591350317001343
331,1072.383544921875,261.702392578125,0.9666885137557983,947.1732788085938,335.2707824707031,0.9460052847862244,1038.8978271484375,467.42718505859375,0.9716159701347351,864.20703125,421.83966064453125,0.9837855696678162,891.0665283203125,518.48583984375,0.899793803691864
332,1074.998291015625,259.575439453125,0.9775115251541138,950.7686767578125,332.677734375,0.9333316087722778,1043.891357421875,462.28631591796875,0.9848886728286743,873.5438232421875,420.9184265136719,0.9835748672485352,911.0726928710938,523.2896728515625,0.7788407802581787
333,1078.3671875,256.4610290527344,0.9721782207489014,954.3643188476562,330.6739501953125,0.952465295791626,1051.0137939453125,460.4992370605469,0.9758265018463135,881.4122314453125,421.41436767578125,0.9704647064208984,922.6907958984375,519.0196533203125,0.49589449167251587
334,1081.7110595703125,253.39608764648438,0.9622026681900024,959.8458862304688,329.8975524902344,0.942732572555542,1060.48193359375,457.8338928222656,0.990927517414093,890.7686767578125,423.33642578125,0.9855097532272339,938.0892944335938,514.6506958007812,0.7781235575675964
335,1083.3948974609375,252.3262176513672,0.9643825888633728,962.642822265625,328.2247314453125,0.9616379141807556,1067.8907470703125,455.8846130371094,0.9704387784004211,899.0148315429688,424.4677734375,0.9853143692016602,948.4848022460938,500.581787109375,0.8395398855209351
336,1086.0626220703125,251.40252685546875,0.957929253578186,966.7374877929688,327.5950622558594,0.9453760385513306,1075.4931640625,452.5088195800781,0.9811868667602539,908.5535278320312,428.37335205078125,0.9643515348434448,967.6002197265625,507.6279602050781,0.7989119291305542
337,1089.150146484375,252.03929138183594,0.9703797698020935,969.7918701171875,328.50469970703125,0.9529355764389038,1084.111328125,451.1202392578125,0.984382152557373,919.2979125976562,435.48358154296875,0.9691036939620972,978.9396362304688,502.90704345703125,0.8903411626815796
338,1092.0411376953125,252.05142211914062,0.9648603200912476,973.4169921875,330.09222412109375,0.9385255575180054,1091.0042724609375,450.184326171875,0.9775213003158569,925.94677734375,442.1009216308594,0.9788715839385986,993.91748046875,507.54412841796875,0.8572324514389038
339,1094.1937255859375,252.6127471923828,0.9706394076347351,977.5750122070312,332.264404296875,0.9464918375015259,1098.416748046875,449.8337707519531,0.982378363609314,936.4122924804688,451.6478576660156,0.969677746295929,1005.6763305664062,508.4883728027344,0.8450401425361633
340,1097.5516357421875,252.15838623046875,0.9655171632766724,980.7445068359375,334.942138671875,0.9128294587135315,1105.0999755859375,450.1814880371094,0.9753198623657227,944.7814331054688,459.0547180175781,0.970940113067627,1015.524169921875,511.1280517578125,0.8762286901473999
341,1100.7506103515625,253.78158569335938,0.9718601107597351,984.78466796875,336.40106201171875,0.9496294260025024,1110.8681640625,452.66552734375,0.9767591953277588,954.4379272460938,469.5885314941406,0.9835565090179443,1027.7176513671875,516.9381103515625,0.8882185816764832
342,1102.4281005859375,256.93804931640625,0.9744390845298767,987.3456420898438,340.8068542480469,0.9414612054824829,1117.4508056640625,454.2260437011719,0.9663611650466919,963.3291015625,477.9860534667969,0.9614788293838501,1037.126953125,523.3959350585938,0.8988557457923889
343,1104.9385986328125,260.8262939453125,0.9751192331314087,989.513916015625,346.6668701171875,0.9565460681915283,1122.2861328125,457.4530944824219,0.9834941029548645,972.2427368164062,488.9838562011719,0.9817404747009277,1045.8819580078125,528.9085693359375,0.9276505708694458
344,1106.4871826171875,263.95751953125,0.9660153985023499,994.57421875,351.1993103027344,0.9227148294448853,1126.291015625,461.0692138671875,0.9821510314941406,980.3652954101562,497.94976806640625,0.9662027955055237,1054.462158203125,538.8073120117188,0.8819807767868042
345,1109.7025146484375,269.3879699707031,0.9746721982955933,996.8936157226562,356.7266540527344,0.9414374828338623,1130.28076171875,466.98907470703125,0.9821934700012207,986.0177001953125,507.74017333984375,0.9744430780410767,1062.795654296875,547.9510498046875,0.917866051197052
346,1113.254150390625,272.87689208984375,0.9640158414840698,999.4476318359375,362.7655334472656,0.9500859975814819,1132.866455078125,474.1078796386719,0.9746813774108887,990.3983764648438,516.7344360351562,0.9845798015594482,1068.70458984375,560.8991088867188,0.9241253137588501
347,1115.330322265625,278.5782165527344,0.9735403656959534,1003.2496948242188,368.19586181640625,0.9562227129936218,1135.3626708984375,479.8424987792969,0.966680645942688,996.8802490234375,524.5027465820312,0.9711623787879944,1071.6341552734375,570.386962890625,0.9313241839408875
348,1119.2196044921875,284.061767578125,0.9570597410202026,1004.8192138671875,377.7063903808594,0.9553108811378479,1136.363525390625,488.52191162109375,0.9653356075286865,998.5579223632812,531.3961791992188,0.9474260807037354,1068.6661376953125,573.4913940429688,0.9190455675125122
349,1120.8585205078125,289.6237487792969,0.963153600692749,1007.7286987304688,383.8885498046875,0.9309250116348267,1135.50146484375,493.8116149902344,0.9653208255767822,994.98193359375,532.3023071289062,0.9630776047706604,1068.26025390625,573.590087890625,0.9009677767753601
350,1122.7236328125,297.35986328125,0.974690318107605,1010.2247314453125,392.1212463378906,0.9105710983276367,1135.841064453125,503.806396484375,0.9545495510101318,988.2669067382812,531.7677612304688,0.9853371381759644,1063.51123046875,573.1482543945312,0.8944122791290283
351,1125.08447265625,304.2364501953125,0.9531862735748291,1013.5059814453125,399.78759765625,0.9107983112335205,1131.2705078125,509.1245422363281,0.9818710684776306,985.4476928710938,529.8695068359375,0.9712036848068237,1060.1546630859375,573.5826416015625,0.8845621347427368
352,1127.7481689453125,310.65948486328125,0.9544451236724854,1013.6065063476562,405.9903564453125,0.905709981918335,1130.3050537109375,518.3245239257812,0.9724090099334717,982.3287353515625,528.6707153320312,0.9565578103065491,1053.035400390625,572.8353271484375,0.868665337562561
353,1129.8126220703125,316.9991760253906,0.9125126600265503,1015.568115234375,411.6344909667969,0.929995059967041,1127.99560546875,522.7382202148438,0.9855103492736816,980.3797607421875,527.8240356445312,0.9656862616539001,1051.3978271484375,573.4588012695312,0.9108579754829407
354,1131.7783203125,323.3576354980469,0.9268288612365723,1016.4764404296875,416.35748291015625,0.9174652099609375,1127.1256103515625,530.0372314453125,0.9744636416435242,975.27587890625,526.908935546875,0.9625833034515381,1046.0626220703125,573.1206665039062,0.917325496673584
355,1135.5216064453125,330.364501953125,0.930253267288208,1014.6434936523438,421.56689453125,0.907579779624939,1125.4605712890625,534.3619384765625,0.9864901304244995,973.1917724609375,526.77197265625,0.9711278676986694,1042.776611328125,573.997314453125,0.9247775673866272
356,1135.8204345703125,332.9836120605469,0.8756639361381531,1014.9096069335938,424.9801940917969,0.9201363325119019,1123.5111083984375,537.1944580078125,0.9843398332595825,969.9918212890625,525.1727294921875,0.9647201299667358,1036.36767578125,574.0543212890625,0.9153208136558533
357,1137.4888916015625,335.98114013671875,0.8984202146530151,1014.859375,427.2056579589844,0.9443905353546143,1120.9532470703125,540.5638427734375,0.977034866809845,967.0458374023438,522.6956176757812,0.9710361957550049,1035.797607421875,573.7861328125,0.9239979982376099
358,1139.0865478515625,341.3929138183594,0.9206379055976868,1016.6875610351562,428.7443542480469,0.9428237676620483,1119.90478515625,542.5260009765625,0.9534364342689514,965.35986328125,522.250244140625,0.9726121425628662,1029.0430908203125,572.9611206054688,0.9305554628372192
359,1140.08251953125,343.4383239746094,0.920385479927063,1016.9240112304688,428.8587341308594,0.9340137243270874,1117.9453125,546.0424194335938,0.9578317403793335,962.7810668945312,521.3739624023438,0.970421552658081,1026.729736328125,575.2561645507812,0.9335083961486816
360,1140.9892578125,345.10821533203125,0.9243553876876831,1016.4124755859375,428.8301696777344,0.9310071468353271,1116.678466796875,547.1033325195312,0.9638116359710693,959.7757568359375,520.9309692382812,0.9643776416778564,1021.3112182617188,575.4842529296875,0.9088873863220215
361,1140.96337890625,345.4042663574219,0.9061143398284912,1016.2076416015625,427.9217224121094,0.944860577583313,1113.6846923828125,548.2783203125,0.9735398292541504,956.9972534179688,518.8250732421875,0.9789923429489136,1018.7549438476562,574.3551025390625,0.9287101030349731
362,1141.594970703125,345.70672607421875,0.9160099029541016,1014.6238403320312,426.67059326171875,0.9470173120498657,1109.8804931640625,549.0620727539062,0.9749621748924255,955.5248413085938,516.51318359375,0.9812477827072144,1013.6509399414062,573.7300415039062,0.928178608417511
363,1141.796875,344.4232482910156,0.8865591287612915,1014.2281494140625,425.1319274902344,0.9266238212585449,1108.222412109375,548.4450073242188,0.9796855449676514,953.8986206054688,514.2031860351562,0.9730324745178223,1010.8069458007812,573.7865600585938,0.9296469688415527
364,1143.9735107421875,343.7002868652344,0.8859887719154358,1014.7488403320312,424.09222412109375,0.9129433035850525,1107.0301513671875,548.718994140625,0.9787937998771667,950.0601196289062,509.967529296875,0.9698976874351501,1006.513671875,573.5303955078125,0.9008831977844238
365,1145.887451171875,342.9745178222656,0.8880817294120789,1014.4149169921875,423.12615966796875,0.8737201690673828,1105.7191162109375,548.552978515625,0.9747922420501709,948.8213500976562,507.9528503417969,0.9743481874465942,1004.31591796875,573.2327880859375,0.9005756378173828
366,1148.1973876953125,342.10003662109375,0.8887255191802979,1017.8167724609375,421.62127685546875,0.8907864689826965,1104.8155517578125,548.1140747070312,0.9665219783782959,946.2410888671875,506.26220703125,0.9735666513442993,998.2086791992188,572.8475341796875,0.888608992099762
367,1151.254638671875,341.0768737792969,0.8901770114898682,1018.017333984375,419.1265563964844,0.909844696521759,1102.9737548828125,546.3920288085938,0.9663311243057251,943.9337768554688,505.55194091796875,0.974953293800354,996.7090454101562,574.2511596679688,0.9315087795257568
368,1152.645751953125,340.33123779296875,0.89208984375,1018.0564575195312,416.7732238769531,0.866743803024292,1102.0521240234375,545.5792236328125,0.968915581703186,942.851806640625,503.3131103515625,0.9665020704269409,990.6519775390625,573.193359375,0.889778733253479
369,1153.6680908203125,338.2173156738281,0.8766875863075256,1019.0205688476562,415.00885009765625,0.9046936631202698,1102.02392578125,544.568115234375,0.9720768928527832,941.7039184570312,501.3324890136719,0.9783732891082764,989.55810546875,571.8555297851562,0.8775025606155396
370,1155.44677734375,337.2544860839844,0.9011486768722534,1018.3508911132812,412.87896728515625,0.9403059482574463,1100.447998046875,541.4013061523438,0.9665977954864502,939.9357299804688,498.8980712890625,0.9778250455856323,983.28955078125,570.2301635742188,0.8917718529701233
371,1156.272705078125,335.55914306640625,0.8882440328598022,1018.7488403320312,410.411865234375,0.9674829244613647,1099.4241943359375,540.9535522460938,0.9714595079421997,938.5343627929688,496.3097839355469,0.9603066444396973,980.0000610351562,571.7835083007812,0.9112669825553894
372,1157.641357421875,334.7375183105469,0.8611687421798706,1020.1195068359375,409.2225646972656,0.9517760276794434,1098.805908203125,540.6434326171875,0.9678329229354858,935.7977294921875,492.7801208496094,0.9407495856285095,976.2701416015625,571.72412109375,0.8965937495231628
373,1161.1943359375,333.582763671875,0.8366568684577942,1022.3811645507812,408.5442810058594,0.9087923765182495,1098.792236328125,540.119384765625,0.9743321537971497,934.5057983398438,491.6271667480469,0.9560733437538147,966.8232421875,566.7322998046875,0.908341109752655
374,1163.3900146484375,332.49359130859375,0.8884224891662598,1025.0213623046875,407.44451904296875,0.8739141225814819,1098.5040283203125,539.6206665039062,0.9735753536224365,933.367919921875,490.0036315917969,0.9622085690498352,964.1719970703125,565.541259765625,0.9368957281112671
375,1167.16943359375,332.3129577636719,0.8520562648773193,1024.3824462890625,403.6081237792969,0.862576961517334,1098.549072265625,538.8729248046875,0.9740164279937744,931.7102661132812,489.0934753417969,0.9676793813705444,961.33642578125,566.301513671875,0.868677020072937
376,1168.9925537109375,331.869873046875,0.9001760482788086,1024.60888671875,400.7711181640625,0.8926094174385071,1098.9794921875,537.1049194335938,0.9636590480804443,930.7515869140625,488.3516540527344,0.9518295526504517,957.1307983398438,566.3093872070312,0.9211900234222412
377,1170.424072265625,330.87457275390625,0.8709222078323364,1026.158447265625,398.9442138671875,0.9027912020683289,1099.6348876953125,534.86083984375,0.9750429391860962,928.5485229492188,486.5224914550781,0.9582821130752563,954.69677734375,567.4849243164062,0.8803819417953491
378,1172.5203857421875,329.9733581542969,0.8975415825843811,1027.638916015625,397.51068115234375,0.9567834734916687,1099.6636962890625,533.939697265625,0.9793619513511658,927.4082641601562,484.8926086425781,0.9633152484893799,948.84814453125,564.6262817382812,0.9442746043205261
379,1175.826904296875,328.4494934082031,0.9023359417915344,1029.2874755859375,395.58929443359375,0.9666266441345215,1100.6806640625,532.5186157226562,0.9829248189926147,925.2623291015625,483.7209777832031,0.972067654132843,946.1561279296875,563.6218872070312,0.9653017520904541
380,1180.164306640625,329.8573913574219,0.8852275609970093,1032.76171875,394.08966064453125,0.9618937969207764,1099.540771484375,531.1395874023438,0.9816287755966187,923.3743896484375,482.2355041503906,0.9570015072822571,943.5548706054688,565.1151123046875,0.9021978378295898
381,1183.4033203125,330.03277587890625,0.866055965423584,1034.0977783203125,392.9137878417969,0.9595887064933777,1099.7955322265625,530.2752685546875,0.9839380979537964,920.8994140625,481.3240966796875,0.9497154951095581,939.4893188476562,564.7969360351562,0.9065378308296204
382,1184.947021484375,329.9435729980469,0.8376551866531372,1034.8951416015625,392.4728698730469,0.9245373010635376,1100.571044921875,529.0156860351562,0.9807271957397461,918.0576171875,477.3746032714844,0.9165863990783691,935.566650390625,564.47119140625,0.8901440501213074
383,1187.093505859375,329.73291015625,0.8212002515792847,1037.1375732421875,392.0037841796875,0.9229260087013245,1101.2171630859375,528.34912109375,0.9708231687545776,916.1142578125,475.0059509277344,0.9577609300613403,931.8603515625,562.7086791992188,0.944857120513916
384,1188.3096923828125,329.69085693359375,0.8656827211380005,1041.664306640625,392.93994140625,0.9114620089530945,1101.8687744140625,526.4586791992188,0.9658728837966919,915.030029296875,475.000732421875,0.9463241100311279,929.5839233398438,562.464111328125,0.9505583047866821
385,1191.3289794921875,329.1234436035156,0.8947049379348755,1042.6011962890625,391.69671630859375,0.9162411689758301,1101.9112548828125,525.9636840820312,0.9665876626968384,912.4797973632812,474.8822937011719,0.9591732025146484,925.8512573242188,562.5579833984375,0.9414962530136108
386,1192.9970703125,329.56988525390625,0.9127322435379028,1043.3372802734375,391.02838134765625,0.9054127931594849,1103.3148193359375,525.5869750976562,0.9653009176254272,911.5179443359375,474.2625732421875,0.9655721783638,923.7095947265625,563.1676025390625,0.9074296951293945
387,1195.1932373046875,328.31915283203125,0.8777741193771362,1045.2501220703125,389.49957275390625,0.9047991037368774,1102.657470703125,524.88671875,0.9580513834953308,909.8826904296875,472.92547607421875,0.9753093719482422,918.694091796875,562.72021484375,0.9326860904693604
388,1196.7919921875,327.9130859375,0.8494185209274292,1046.9036865234375,388.15032958984375,0.9025571346282959,1102.4459228515625,524.2428588867188,0.9575459957122803,908.2874755859375,472.46533203125,0.9744219779968262,915.2655029296875,560.4763793945312,0.9571436643600464
389,1200.579833984375,329.7117614746094,0.8615502119064331,1050.175537109375,386.8724060058594,0.8750268220901489,1102.0108642578125,523.8945922851562,0.962252140045166,906.1040649414062,472.1577453613281,0.9760197401046753,912.2538452148438,560.2728271484375,0.9379091262817383
390,1201.7601318359375,328.3049621582031,0.8895907402038574,1051.5120849609375,386.2427978515625,0.9258065223693848,1102.92822265625,523.0346069335938,0.9682701826095581,904.0147094726562,471.7744140625,0.9707000255584717,909.4217529296875,561.5018310546875,0.946239709854126
391,1203.7047119140625,328.22540283203125,0.8877166509628296,1052.56689453125,386.186767578125,0.8925431966781616,1104.19140625,522.5853881835938,0.9617210626602173,902.8983154296875,471.8389892578125,0.9365839958190918,905.8650512695312,561.6160278320312,0.926087498664856
392,1206.5177001953125,327.18359375,0.920872688293457,1054.4522705078125,386.05560302734375,0.9174789786338806,1105.27880859375,521.4119262695312,0.9593666791915894,900.3681640625,468.71832275390625,0.9193812608718872,901.0703735351562,560.7236328125,0.9594834446907043
393,1207.888916015625,327.28192138671875,0.9466538429260254,1055.8836669921875,384.39849853515625,0.9100732803344727,1105.634033203125,520.5853881835938,0.9613962173461914,897.0557861328125,468.0402526855469,0.9466261863708496,897.81396484375,560.1627807617188,0.9517890214920044
394,1210.273681640625,327.0551452636719,0.9399458169937134,1059.4359130859375,385.3111877441406,0.885473370552063,1106.2283935546875,519.2178955078125,0.9674127101898193,896.1881713867188,467.0030822753906,0.9584035873413086,894.3572998046875,560.284423828125,0.9357538223266602
395,1210.877685546875,326.3509826660156,0.9191535711288452,1060.220703125,383.6401672363281,0.914364755153656,1107.0047607421875,517.817626953125,0.9750874042510986,895.5750732421875,466.2982482910156,0.9672451019287109,891.7542114257812,559.8486328125,0.9123712778091431
396,1211.9356689453125,326.11273193359375,0.9268621802330017,1065.372802734375,383.61175537109375,0.9187849760055542,1107.4410400390625,516.4910888671875,0.9766329526901245,894.309814453125,465.7571716308594,0.9673691987991333,888.213623046875,559.1373901367188,0.9202227592468262
397,1215.475341796875,327.1686706542969,0.8938037157058716,1067.0166015625,382.6288146972656,0.9443965554237366,1107.9149169921875,516.0162353515625,0.9791406393051147,893.7845458984375,465.8080749511719,0.9671686291694641,885.1828002929688,559.1348876953125,0.9585545063018799
398,1217.8465576171875,326.830322265625,0.9216870069503784,1067.3250732421875,381.99725341796875,0.9365915060043335,1108.6822509765625,514.7039184570312,0.9701321125030518,893.2142944335938,465.42242431640625,0.9685945510864258,882.6849975585938,558.30712890625,0.9324702024459839
399,1219.4825439453125,325.5461730957031,0.9515775442123413,1068.8056640625,381.9138488769531,0.934727668762207,1109.2928466796875,511.6710205078125,0.9681169986724854,892.718017578125,464.09539794921875,0.9698230624198914,879.6632080078125,558.7863159179688,0.9387626647949219
400,1221.972412109375,324.6211853027344,0.9361318945884705,1072.656005859375,382.3621826171875,0.9247080087661743,1110.041259765625,509.9200744628906,0.9737869501113892,893.0661010742188,464.1432189941406,0.9639695286750793,876.0078735351562,558.9593505859375,0.9318821430206299
401,1224.1312255859375,323.9945983886719,0.9382647275924683,1074.31201171875,381.5145568847656,0.955302357673645,1110.975830078125,508.7515869140625,0.9787846803665161,892.1011962890625,462.3959045410156,0.960227370262146,871.5078125,558.1497802734375,0.9125438332557678
402,1225.53173828125,323.13751220703125,0.9427787065505981,1077.1795654296875,379.86767578125,0.9641557335853577,1111.709716796875,507.560791015625,0.9751079082489014,891.7495727539062,464.2176208496094,0.9578923583030701,869.0222778320312,557.954345703125,0.9438959360122681
403,1227.4539794921875,322.16802978515625,0.9174493551254272,1078.982666015625,377.47308349609375,0.9659868478775024,1112.3087158203125,505.6285400390625,0.9644310474395752,891.5993041992188,464.6469421386719,0.9544457793235779,865.2160034179688,557.8927001953125,0.9565559029579163
404,1228.1400146484375,321.014892578125,0.9111655950546265,1081.7490234375,376.41107177734375,0.9381028413772583,1115.1209716796875,502.5668029785156,0.9560691714286804,891.5357055664062,464.4736633300781,0.9542852640151978,862.4838256835938,557.0274047851562,0.9364577531814575
405,1232.70556640625,320.02618408203125,0.9347550868988037,1083.84033203125,373.7992858886719,0.9139677286148071,1114.434814453125,500.04443359375,0.962321937084198,891.6913452148438,464.0596923828125,0.9589653015136719,857.4205322265625,556.8496704101562,0.9256449937820435
406,1232.897705078125,318.6975402832031,0.9518941640853882,1085.38134765625,373.245361328125,0.9091354608535767,1114.7354736328125,497.54473876953125,0.9535959362983704,891.9236450195312,464.25689697265625,0.9613211750984192,853.5494995117188,555.8837280273438,0.9394933581352234
407,1233.9830322265625,317.8808898925781,0.9678674340248108,1086.7012939453125,371.83526611328125,0.903595507144928,1116.7186279296875,495.89202880859375,0.9332073330879211,893.0424194335938,464.8221130371094,0.9556368589401245,850.2402954101562,555.482666015625,0.9364490509033203
408,1235.2899169921875,316.2658996582031,0.950645923614502,1087.6934814453125,370.0160217285156,0.9226911664009094,1122.4715576171875,493.51263427734375,0.9692014455795288,894.2691650390625,465.181884765625,0.9575507044792175,847.8328857421875,554.9102783203125,0.8740965127944946
409,1235.5196533203125,314.5653381347656,0.9552001953125,1090.3399658203125,368.09271240234375,0.9350469708442688,1123.819091796875,491.54327392578125,0.9765037894248962,895.5633544921875,465.6484680175781,0.9482690691947937,844.7594604492188,553.3541870117188,0.9101052284240723
410,1237.3323974609375,312.80828857421875,0.9559726715087891,1092.6298828125,366.7226867675781,0.9440155625343323,1125.49658203125,490.41278076171875,0.9774620532989502,897.672119140625,466.0056457519531,0.9156019687652588,842.52294921875,550.0146484375,0.8864580988883972
411,1237.7088623046875,309.7483215332031,0.9758957624435425,1096.483154296875,365.157958984375,0.948627233505249,1127.263671875,489.49029541015625,0.9716436862945557,902.4818115234375,465.6585693359375,0.9423304200172424,842.4158325195312,545.79833984375,0.8839865922927856
412,1241.861572265625,306.66156005859375,0.9722174406051636,1097.0958251953125,363.5339050292969,0.9461454153060913,1129.5709228515625,487.7339172363281,0.9525591135025024,906.8347778320312,465.84210205078125,0.9627968072891235,838.511962890625,543.7466430664062,0.8958063125610352
413,1243.20166015625,303.544921875,0.9711556434631348,1099.0032958984375,362.3267822265625,0.9384876489639282,1135.82568359375,487.31524658203125,0.9644454121589661,910.8095092773438,466.6410827636719,0.964882493019104,837.8142700195312,541.340576171875,0.9237728118896484
414,1243.640625,300.2003173828125,0.9803122282028198,1101.370849609375,361.4964904785156,0.9215723276138306,1139.4224853515625,487.52667236328125,0.974147379398346,918.8942260742188,467.72967529296875,0.9440325498580933,837.6488647460938,538.446533203125,0.9093319177627563
415,1243.280517578125,297.4579772949219,0.9602179527282715,1105.0042724609375,361.2014465332031,0.9202245473861694,1143.2646484375,487.7550048828125,0.9700372219085693,925.4838256835938,469.6123962402344,0.9749658107757568,838.5900268554688,534.5900268554688,0.9150385856628418
416,1244.991943359375,294.32501220703125,0.9624652862548828,1106.568603515625,358.5398254394531,0.9091039896011353,1149.8836669921875,486.2308044433594,0.9715791344642639,932.9822387695312,471.5917663574219,0.9297664165496826,842.70947265625,531.3782958984375,0.9126827716827393
417,1246.218994140625,291.0731201171875,0.9701553583145142,1110.1868896484375,357.1501770019531,0.9508160352706909,1156.224365234375,487.07763671875,0.9803728461265564,942.8074951171875,473.2417907714844,0.961891233921051,845.7749633789062,529.39794921875,0.9298930168151855
418,1249.3505859375,288.4759216308594,0.9802137613296509,1114.1231689453125,355.8815002441406,0.9580628871917725,1162.579345703125,485.6909484863281,0.9829856157302856,953.5946655273438,474.0025329589844,0.9418356418609619,853.4843139648438,527.4014892578125,0.9240418672561646
419,1250.33154296875,285.42266845703125,0.9814873933792114,1116.4061279296875,355.173828125,0.9511597156524658,1169.160400390625,485.1348571777344,0.9832876920700073,960.184326171875,473.89019775390625,0.9423404335975647,860.0958862304688,529.629150390625,0.928656816482544
420,1252.3448486328125,282.9770202636719,0.9695054888725281,1118.6173095703125,354.4558410644531,0.9184752702713013,1174.87841796875,484.0657653808594,0.9837267994880676,972.0098876953125,474.32208251953125,0.9631575345993042,876.9054565429688,525.779296875,0.7733186483383179
421,1253.5142822265625,280.75494384765625,0.9550470113754272,1122.9608154296875,352.4065856933594,0.9407048225402832,1183.1063232421875,482.2445983886719,0.9744999408721924,980.1371459960938,474.4510192871094,0.9577174782752991,885.0382690429688,530.509521484375,0.9048012495040894
422,1257.497314453125,277.4375,0.9693392515182495,1126.9022216796875,350.2845764160156,0.9522987604141235,1188.624755859375,479.103759765625,0.9815965890884399,989.17333984375,475.46075439453125,0.9713008999824524,901.6583251953125,533.3442993164062,0.8725810647010803
423,1259.4122314453125,274.4151306152344,0.9796856045722961,1129.642578125,347.6793212890625,0.94306880235672,1195.97216796875,477.44366455078125,0.9733262062072754,998.8886108398438,474.3790283203125,0.9577630758285522,916.8546752929688,536.609130859375,0.9129302501678467
424,1261.661865234375,272.1936340332031,0.9780511260032654,1132.131103515625,346.8258361816406,0.9388529062271118,1203.1065673828125,475.8836669921875,0.9837197661399841,1007.1646118164062,473.5235595703125,0.967776358127594,931.2263793945312,540.4324951171875,0.9486367106437683
425,1264.8316650390625,270.36767578125,0.9778650999069214,1136.5487060546875,345.79827880859375,0.9305297136306763,1209.727783203125,475.7861328125,0.9750208854675293,1016.2933959960938,472.1523742675781,0.9688462018966675,944.8181762695312,544.243408203125,0.9156566858291626
426,1266.27197265625,268.6417236328125,0.9751496911048889,1140.75927734375,341.3494567871094,0.9340090751647949,1217.4029541015625,472.8304138183594,0.9818077683448792,1024.533935546875,466.4440612792969,0.9608659148216248,961.5929565429688,546.571044921875,0.9408698081970215
427,1270.0037841796875,267.7832336425781,0.973915696144104,1145.7117919921875,338.52825927734375,0.9601812362670898,1223.0032958984375,471.6747131347656,0.974839448928833,1032.322265625,459.8362731933594,0.965675950050354,980.7578735351562,544.5853271484375,0.9316635131835938
428,1273.4093017578125,265.2482604980469,0.9710688591003418,1149.0888671875,336.21697998046875,0.9504401683807373,1229.910400390625,467.9931945800781,0.9661523103713989,1041.009765625,454.8591613769531,0.9693742394447327,996.5405883789062,549.0574951171875,0.9379047155380249
429,1274.26123046875,264.4504699707031,0.9764492511749268,1150.8145751953125,334.7221984863281,0.9231932163238525,1235.068603515625,466.0211181640625,0.968275785446167,1049.4310302734375,448.7694091796875,0.9633463621139526,1018.2590942382812,548.1469116210938,0.8001030683517456
430,1275.7574462890625,264.05743408203125,0.971546471118927,1155.2406005859375,332.919677734375,0.9521842002868652,1240.853515625,463.6861267089844,0.965269148349762,1056.425537109375,441.3118591308594,0.9837579131126404,1040.845458984375,545.654541015625,0.8967517614364624
431,1278.19873046875,263.7341613769531,0.9634021520614624,1158.33056640625,331.0395812988281,0.9448702931404114,1244.68701171875,461.1614685058594,0.966789722442627,1064.8299560546875,438.14678955078125,0.9831095337867737,1058.47998046875,532.9140014648438,0.9089024066925049
432,1281.3228759765625,264.5250549316406,0.9693155288696289,1160.8621826171875,329.71612548828125,0.9544212818145752,1250.516357421875,459.4234313964844,0.9794241189956665,1072.34130859375,433.1487121582031,0.9844858646392822,1076.0135498046875,531.34228515625,0.8411672711372375
433,1284.0936279296875,264.4632568359375,0.9693400859832764,1163.24658203125,329.1950988769531,0.9504148960113525,1255.2705078125,459.5723876953125,0.9833330512046814,1082.7705078125,427.0286560058594,0.9810279607772827,1092.8004150390625,525.5062255859375,0.31615644693374634
434,1287.0296630859375,265.39654541015625,0.9747612476348877,1167.5008544921875,329.759521484375,0.9188648462295532,1259.96044921875,459.9785461425781,0.9724597930908203,1090.687255859375,423.9412841796875,0.9831826686859131,1106.9708251953125,516.1480712890625,0.8097974061965942
435,1289.8858642578125,265.4783630371094,0.9787513613700867,1169.9508056640625,330.20941162109375,0.9540911912918091,1266.8170166015625,458.1100158691406,0.9861106872558594,1097.3819580078125,421.6196594238281,0.9833946824073792,1124.92919921875,524.2861328125,0.7151647806167603
436,1292.0992431640625,266.7987060546875,0.9810121655464172,1173.1297607421875,330.9071350097656,0.9646787643432617,1270.6717529296875,458.7370300292969,0.9862021207809448,1104.0687255859375,419.81011962890625,0.9829359650611877,1136.133544921875,516.59033203125,0.5438987016677856
437,1293.4183349609375,268.5151062011719,0.9760453701019287,1175.16650390625,332.034423828125,0.9470545053482056,1274.23681640625,459.5299987792969,0.9776738882064819,1112.0172119140625,417.7767333984375,0.9717931747436523,1150.306640625,517.8411865234375,0.5832880735397339
438,1296.2335205078125,271.2813720703125,0.9703747630119324,1178.123291015625,332.5660400390625,0.9552386403083801,1279.2646484375,459.34393310546875,0.976352334022522,1117.3900146484375,418.0021667480469,0.9795150756835938,1156.7283935546875,511.70672607421875,0.7188652157783508
439,1298.047119140625,273.23687744140625,0.9817026853561401,1181.22705078125,332.9555358886719,0.9554307460784912,1282.5679931640625,459.21136474609375,0.987667977809906,1120.509765625,419.870361328125,0.9769161343574524,1166.3953857421875,512.234619140625,0.6588023900985718
440,1299.7803955078125,274.9714050292969,0.977536141872406,1182.0081787109375,334.146484375,0.9420852661132812,1285.357177734375,460.2624816894531,0.986362099647522,1127.8902587890625,421.2301330566406,0.9758275747299194,1173.9105224609375,510.2738037109375,0.774966299533844
441,1300.9647216796875,276.4263610839844,0.9788905382156372,1185.9659423828125,336.55902099609375,0.9261049032211304,1288.3607177734375,460.6087646484375,0.976186215877533,1131.8848876953125,425.6042175292969,0.9725265502929688,1181.0224609375,509.22637939453125,0.7784760594367981
442,1302.1204833984375,278.3035888671875,0.9718958139419556,1187.4739990234375,338.3590393066406,0.9429866075515747,1290.864013671875,461.5762939453125,0.9509101510047913,1134.281982421875,431.94403076171875,0.9623713493347168,1188.01220703125,513.4422607421875,0.8645004034042358
443,1305.1495361328125,279.4331970214844,0.970841646194458,1188.8388671875,340.5605773925781,0.9419019222259521,1295.2813720703125,464.99798583984375,0.9251246452331543,1135.597412109375,437.89495849609375,0.9815312027931213,1197.3555908203125,516.8592529296875,0.7571370601654053
444,1306.107177734375,280.66851806640625,0.9707690477371216,1189.982177734375,342.5418395996094,0.9396328926086426,1297.4339599609375,466.0223693847656,0.949114978313446,1139.4881591796875,442.9100341796875,0.9807560443878174,1200.525390625,516.2376098632812,0.8298549056053162
445,1306.781494140625,281.5078430175781,0.9723496437072754,1190.747802734375,344.25,0.9352052807807922,1299.0643310546875,467.1474609375,0.9539847373962402,1142.6136474609375,450.9366149902344,0.9738684892654419,1203.9564208984375,519.0695190429688,0.7626464366912842
446,1309.925048828125,282.8112487792969,0.9663100242614746,1190.987060546875,346.7039489746094,0.9311479330062866,1300.0689697265625,467.7190856933594,0.9610723257064819,1145.327392578125,459.2288818359375,0.9738677740097046,1216.496337890625,530.555419921875,0.6976735591888428
447,1310.8594970703125,283.5801086425781,0.9701645374298096,1192.3001708984375,347.4837646484375,0.9452803134918213,1301.985595703125,469.625732421875,0.9740208387374878,1147.1527099609375,464.9591979980469,0.9714498519897461,1217.088623046875,530.467529296875,0.8057236075401306
448,1310.8741455078125,283.9628601074219,0.9743908643722534,1194.4766845703125,348.0627746582031,0.9447500705718994,1303.5787353515625,471.0921936035156,0.9689751863479614,1149.7484130859375,471.9089050292969,0.9719144105911255,1217.8492431640625,531.28369140625,0.8814314603805542
449,1311.2261962890625,284.2973327636719,0.9681203961372375,1194.8345947265625,348.51214599609375,0.960220217704773,1304.99169921875,471.86993408203125,0.9605304002761841,1150.5784912109375,476.1875305175781,0.9678666591644287,1220.5799560546875,533.494873046875,0.6952193975448608
450,1312.2677001953125,285.4718017578125,0.9782251119613647,1195.79248046875,349.1439514160156,0.9597141742706299,1306.7430419921875,471.3045959472656,0.960167646408081,1156.3997802734375,480.681884765625,0.9555759429931641,1222.546142578125,535.0420532226562,0.7548039555549622
451,1313.5863037109375,285.93109130859375,0.9826059937477112,1196.4718017578125,349.4791564941406,0.9576776027679443,1307.608154296875,470.6849365234375,0.9652191400527954,1159.03369140625,484.68731689453125,0.971923291683197,1229.310546875,540.56884765625,0.7836621999740601
452,1313.8367919921875,286.38714599609375,0.981631875038147,1196.818359375,349.6357727050781,0.9554212093353271,1309.089111328125,470.3819274902344,0.9552971124649048,1161.85791015625,488.8973388671875,0.976513147354126,1235.060791015625,542.6411743164062,0.8788315057754517
453,1313.567138671875,285.9481201171875,0.9782122373580933,1196.976318359375,349.5337829589844,0.953366219997406,1310.0047607421875,469.1910400390625,0.9584276676177979,1163.2662353515625,490.9954833984375,0.9806839227676392,1235.4923095703125,542.01025390625,0.9032461047172546
454,1315.044921875,285.6338806152344,0.9848915338516235,1197.288330078125,349.5945739746094,0.9516268968582153,1311.041748046875,468.1790466308594,0.9449070692062378,1165.7447509765625,492.3752136230469,0.977557361125946,1237.653564453125,542.0961303710938,0.9144537448883057
455,1314.6722412109375,284.8721618652344,0.9825246334075928,1197.636962890625,349.76708984375,0.9464997053146362,1311.4927978515625,467.6324157714844,0.9545628428459167,1168.6964111328125,492.8219909667969,0.9708371162414551,1242.3704833984375,542.5538940429688,0.8925750255584717
456,1315.4232177734375,283.5400390625,0.9833234548568726,1198.134765625,349.42730712890625,0.9396648406982422,1312.2698974609375,466.5050964355469,0.9512709975242615,1171.50341796875,495.0511474609375,0.9623759984970093,1243.911865234375,542.466552734375,0.893875241279602
457,1315.7332763671875,283.1889953613281,0.9828638434410095,1198.2679443359375,349.64501953125,0.9457903504371643,1312.99658203125,465.56121826171875,0.9534425735473633,1174.7186279296875,497.5867919921875,0.9678939580917358,1248.1685791015625,543.5601806640625,0.9031155109405518
458,1316.1654052734375,282.47979736328125,0.9812169671058655,1200.1240234375,349.865478515625,0.9492496252059937,1312.942626953125,463.50006103515625,0.956128716468811,1176.472900390625,499.315673828125,0.9712468981742859,1248.775634765625,542.8601684570312,0.903083086013794
459,1316.30810546875,281.4618835449219,0.9769516587257385,1200.019775390625,349.19781494140625,0.9610682725906372,1313.4307861328125,462.989501953125,0.965320348739624,1178.2047119140625,500.331787109375,0.9822784662246704,1249.518798828125,541.2630004882812,0.9258335828781128
460,1316.7197265625,280.94989013671875,0.9741874933242798,1200.13134765625,348.4216613769531,0.9676878452301025,1313.892333984375,462.2893371582031,0.9688133001327515,1179.8868408203125,501.213134765625,0.9830226898193359,1250.293212890625,538.7770385742188,0.873056173324585
461,1316.4163818359375,280.15423583984375,0.9697573184967041,1200.11328125,348.0491638183594,0.9690595269203186,1314.0865478515625,461.645751953125,0.9745522141456604,1181.552734375,501.9056091308594,0.9792530536651611,1252.274169921875,538.3060302734375,0.909234881401062
462,1316.8194580078125,279.59979248046875,0.9718424677848816,1200.26513671875,347.4037780761719,0.9692971110343933,1314.4384765625,461.09075927734375,0.9757771492004395,1183.088623046875,502.12750244140625,0.9730324149131775,1253.27783203125,537.9444580078125,0.9208977222442627
463,1316.568115234375,278.98114013671875,0.971331000328064,1200.834716796875,347.3192138671875,0.9708560705184937,1314.6876220703125,460.5168151855469,0.9796909093856812,1187.21875,502.2879333496094,0.9667724370956421,1254.66064453125,537.8536376953125,0.8994537591934204
464,1317.067138671875,278.25933837890625,0.9763666391372681,1201.005615234375,347.239013671875,0.9677424430847168,1315.06787109375,460.2027893066406,0.9809185266494751,1188.8238525390625,502.5805969238281,0.9632424116134644,1254.5228271484375,536.3218994140625,0.8932687044143677
465,1317.6046142578125,277.31646728515625,0.975722074508667,1201.6173095703125,346.9988708496094,0.9720629453659058,1314.9443359375,460.1340637207031,0.9821107387542725,1189.4512939453125,503.9504089355469,0.9699443578720093,1261.525390625,537.9677124023438,0.9299871921539307
466,1317.971923828125,276.6445007324219,0.9757856130599976,1201.88671875,347.12432861328125,0.9699164628982544,1314.728271484375,460.65765380859375,0.981669545173645,1191.260986328125,505.55096435546875,0.9616492986679077,1265.014404296875,541.3659057617188,0.9191701412200928
467,1320.8902587890625,274.65423583984375,0.979016900062561,1202.2491455078125,347.2128601074219,0.9712890386581421,1314.9049072265625,461.04315185546875,0.9823293089866638,1194.8870849609375,509.1529846191406,0.950863778591156,1269.0029296875,545.8305053710938,0.930145800113678
468,1322.0220947265625,273.9561767578125,0.9828794002532959,1202.94091796875,347.2705993652344,0.9751087427139282,1315.05615234375,462.27166748046875,0.974513053894043,1195.6522216796875,511.9044494628906,0.9661419987678528,1269.5084228515625,550.1347045898438,0.9267923831939697
469,1323.1959228515625,274.0506286621094,0.9836724996566772,1203.5206298828125,347.41217041015625,0.9650818705558777,1315.691650390625,463.4486389160156,0.9644293785095215,1196.9156494140625,514.36376953125,0.9795513153076172,1270.400146484375,555.5073852539062,0.9202515482902527
470,1324.141357421875,273.87408447265625,0.9834033250808716,1204.39892578125,348.4947814941406,0.9668543338775635,1315.989990234375,466.8191223144531,0.9664818048477173,1194.7642822265625,514.6516723632812,0.9756428003311157,1268.992919921875,556.9803466796875,0.9215025901794434
471,1324.686767578125,274.1817626953125,0.9831287264823914,1205.3839111328125,349.4146423339844,0.9544700384140015,1315.7919921875,468.6988830566406,0.9741512537002563,1190.23974609375,511.4093322753906,0.9622700214385986,1265.095703125,559.454345703125,0.912075400352478
472,1325.443359375,273.8055725097656,0.9817029237747192,1207.6905517578125,348.8575439453125,0.9457491636276245,1315.53564453125,470.9581298828125,0.9767978191375732,1188.4473876953125,510.0463562011719,0.9718186855316162,1259.227294921875,558.260498046875,0.9187601804733276
473,1326.2371826171875,273.08294677734375,0.9798619747161865,1208.291259765625,349.79052734375,0.9526896476745605,1315.6395263671875,471.42279052734375,0.9759034514427185,1187.0118408203125,507.39532470703125,0.9794045090675354,1253.821533203125,556.4511108398438,0.9087778925895691
474,1326.210205078125,272.2619323730469,0.9807304739952087,1208.143798828125,350.21600341796875,0.9522746801376343,1315.89990234375,470.74505615234375,0.9770145416259766,1186.1385498046875,505.0926818847656,0.9785951375961304,1250.9781494140625,557.6988525390625,0.9326283931732178
475,1326.2401123046875,270.52850341796875,0.9808540344238281,1208.490966796875,350.6124267578125,0.9546644687652588,1316.3131103515625,469.64666748046875,0.9768725633621216,1184.5712890625,502.3819885253906,0.970359206199646,1246.3011474609375,555.0640258789062,0.892560601234436
476,1326.6968994140625,269.4254455566406,0.9803439974784851,1209.109130859375,350.83575439453125,0.960707426071167,1317.0870361328125,468.77630615234375,0.9719878435134888,1182.8311767578125,499.79144287109375,0.9781457781791687,1244.4228515625,556.0494995117188,0.8980844020843506
477,1327.0301513671875,267.6790466308594,0.9784562587738037,1209.6346435546875,350.9936218261719,0.9606115818023682,1317.0069580078125,467.89453125,0.9717657566070557,1180.8037109375,497.14422607421875,0.9738339185714722,1241.88720703125,556.189697265625,0.864578127861023
478,1326.9935302734375,266.5028381347656,0.9772269129753113,1210.18310546875,350.60369873046875,0.9666913747787476,1316.7166748046875,467.22760009765625,0.9701473712921143,1180.301025390625,494.8155822753906,0.9522661566734314,1237.4525146484375,554.6826782226562,0.9046286344528198
479,1327.2144775390625,265.8944091796875,0.9723905324935913,1211.070556640625,350.4630432128906,0.9681153893470764,1316.2586669921875,466.3975524902344,0.9664963483810425,1178.01611328125,492.0465087890625,0.9616556167602539,1233.9127197265625,556.025634765625,0.9345467686653137
480,1328.301513671875,266.0264892578125,0.9714510440826416,1211.5689697265625,349.5771484375,0.9637459516525269,1316.019775390625,466.0625305175781,0.964197039604187,1176.08544921875,489.3108825683594,0.9654461145401001,1228.7724609375,555.4249267578125,0.8532519340515137
481,1328.9769287109375,265.75531005859375,0.9709669351577759,1211.62451171875,349.1018371582031,0.9633100032806396,1315.0892333984375,465.6812438964844,0.9597269296646118,1173.9417724609375,485.028564453125,0.9666478633880615,1222.6036376953125,551.8614501953125,0.8886421322822571
482,1328.8931884765625,265.33319091796875,0.9662470817565918,1210.990966796875,347.9676208496094,0.9630039930343628,1314.082763671875,465.4156188964844,0.9600585103034973,1172.6739501953125,483.5003662109375,0.9605746269226074,1219.6339111328125,550.6240234375,0.9469196796417236
483,1329.212646484375,265.0813293457031,0.9603986740112305,1210.5980224609375,347.2458190917969,0.9625929594039917,1312.85888671875,464.75299072265625,0.9493852257728577,1168.35205078125,481.6344299316406,0.9594086408615112,1216.874267578125,550.1996459960938,0.9296132326126099
484,1329.4666748046875,264.7565002441406,0.9590688943862915,1210.2318115234375,346.2052917480469,0.9655596017837524,1309.9244384765625,462.04180908203125,0.9469785690307617,1166.36181640625,478.7299499511719,0.9582477807998657,1213.4656982421875,552.1500854492188,0.903059720993042
485,1329.36865234375,264.55291748046875,0.9660602807998657,1210.3603515625,345.4959716796875,0.969918966293335,1308.0322265625,461.3064880371094,0.9670393466949463,1163.9044189453125,476.2002868652344,0.9710880517959595,1204.7806396484375,547.4442749023438,0.8856487274169922
486,1327.2525634765625,263.1227111816406,0.9625225067138672,1209.2608642578125,344.4024353027344,0.9634448289871216,1305.791259765625,460.676025390625,0.9741250276565552,1161.418701171875,474.7438049316406,0.9744888544082642,1201.9300537109375,547.871337890625,0.9528226256370544
487,1327.1805419921875,262.9188537597656,0.9570037126541138,1208.5797119140625,343.36114501953125,0.9548724889755249,1304.3768310546875,460.1780090332031,0.9788988828659058,1158.1207275390625,472.2560119628906,0.9747111201286316,1197.40771484375,546.8050537109375,0.9326072931289673
488,1328.5533447265625,263.5533752441406,0.966606616973877,1208.00830078125,341.3355712890625,0.9622867107391357,1302.693359375,459.7492980957031,0.9787630438804626,1156.0174560546875,471.0422668457031,0.9678093194961548,1191.6710205078125,545.1030883789062,0.9037989377975464
489,1328.371337890625,263.11761474609375,0.9631690979003906,1207.08740234375,339.9378662109375,0.9724879264831543,1300.8497314453125,458.979248046875,0.9822534322738647,1154.7166748046875,469.5234375,0.9628686904907227,1187.6529541015625,543.8844604492188,0.9529215097427368
490,1326.381591796875,261.7118835449219,0.9692142009735107,1206.3328857421875,338.80615234375,0.9701986312866211,1299.64208984375,458.4417724609375,0.9831801056861877,1149.810302734375,467.8750915527344,0.9798528552055359,1185.3089599609375,543.6259155273438,0.9435619115829468
491,1326.623291015625,261.2057189941406,0.9723331928253174,1205.5350341796875,337.5619201660156,0.968767523765564,1297.8568115234375,457.89044189453125,0.9847667217254639,1148.0511474609375,466.6579895019531,0.9819027185440063,1181.3927001953125,542.9175415039062,0.9296066761016846
492,1328.3563232421875,261.5848388671875,0.9757612347602844,1204.7183837890625,336.5090637207031,0.9650899171829224,1297.1195068359375,457.26910400390625,0.9776164293289185,1146.3707275390625,465.7081298828125,0.9781806468963623,1175.476806640625,541.3280639648438,0.9168603420257568
493,1327.1387939453125,260.3613586425781,0.9757070541381836,1204.4537353515625,335.99249267578125,0.9643121957778931,1295.82861328125,456.0234680175781,0.9690479636192322,1144.37939453125,464.103271484375,0.9651257991790771,1171.276611328125,539.4304809570312,0.9605939388275146
494,1328.28759765625,260.98907470703125,0.974398136138916,1204.5987548828125,335.6797790527344,0.9698227643966675,1294.4141845703125,457.0241394042969,0.9507173299789429,1142.39697265625,460.97216796875,0.9708290100097656,1169.916259765625,539.5552368164062,0.9490411281585693
495,1326.3309326171875,260.772705078125,0.9773790836334229,1205.0628662109375,335.3428039550781,0.9671071171760559,1293.752685546875,455.99237060546875,0.9616895318031311,1140.48876953125,459.5467529296875,0.979301929473877,1168.24755859375,540.88916015625,0.9302518367767334
496,1326.1175537109375,261.4976806640625,0.9758316278457642,1205.5272216796875,335.40142822265625,0.966556191444397,1294.9576416015625,455.9350280761719,0.9616048336029053,1138.5419921875,458.9620056152344,0.9806326627731323,1164.4810791015625,540.051513671875,0.9223562479019165
497,1326.439453125,262.1380310058594,0.9633054733276367,1206.330810546875,335.7265319824219,0.9693769812583923,1295.1414794921875,455.8748474121094,0.9716448783874512,1135.7421875,458.7771301269531,0.9738208055496216,1159.9678955078125,539.388916015625,0.9150887727737427
498,1328.3721923828125,263.7569274902344,0.9574403762817383,1207.59130859375,336.53814697265625,0.9737908840179443,1295.5931396484375,456.4602355957031,0.9748455286026001,1134.7359619140625,458.8097839355469,0.9764115810394287,1155.8641357421875,539.3008422851562,0.9510639309883118
499,1328.8519287109375,265.0162353515625,0.962870717048645,1208.7642822265625,337.57440185546875,0.9768057465553284,1295.3529052734375,457.6825866699219,0.9731612205505371,1133.353759765625,458.8125,0.982347309589386,1154.1810302734375,539.0948486328125,0.9488123059272766
500,1329.3563232421875,266.18353271484375,0.9748223423957825,1209.5047607421875,338.6279602050781,0.9782122373580933,1295.22998046875,458.2435607910156,0.9791106581687927,1131.1141357421875,458.3731994628906,0.9849379062652588,1150.807861328125,539.1254272460938,0.9294814467430115
501,1330.335693359375,267.7227478027344,0.9793515801429749,1210.712158203125,340.1961669921875,0.9686244130134583,1295.607177734375,458.9056701660156,0.9813774824142456,1129.3292236328125,457.3464660644531,0.9842404127120972,1147.4783935546875,540.7260131835938,0.9328309893608093
502,1330.6553955078125,268.8645324707031,0.9751005172729492,1211.571044921875,341.6908264160156,0.951246976852417,1295.7828369140625,459.3252258300781,0.9820817708969116,1128.5361328125,457.0520324707031,0.9766485095024109,1140.6978759765625,534.082275390625,0.937300443649292
503,1332.5078125,270.3184814453125,0.9722954034805298,1212.022705078125,343.57403564453125,0.9525384902954102,1295.9566650390625,459.8141784667969,0.9812805652618408,1127.137939453125,456.3526611328125,0.9627668261528015,1139.381103515625,534.890625,0.9274019002914429
504,1333.78662109375,272.0585632324219,0.9732893705368042,1213.623779296875,345.1075439453125,0.9498463273048401,1295.912841796875,460.7446594238281,0.9784042835235596,1125.1439208984375,455.9237365722656,0.9698522090911865,1137.7510986328125,534.7471313476562,0.903479814529419
505,1333.839111328125,273.7273864746094,0.969779372215271,1216.14453125,346.49188232421875,0.9583979249000549,1296.2095947265625,461.6866760253906,0.973770797252655,1123.8341064453125,455.5800476074219,0.9717316627502441,1134.3106689453125,534.3388671875,0.9058300256729126
506,1336.00048828125,274.80059814453125,0.97357177734375,1216.791748046875,347.0506286621094,0.962345540523529,1296.7279052734375,462.702392578125,0.9678676724433899,1122.106201171875,455.5266418457031,0.9650104641914368,1130.2413330078125,533.718994140625,0.90172278881073
507,1336.9361572265625,276.7359619140625,0.981415867805481,1217.8404541015625,347.70941162109375,0.9679232835769653,1297.3653564453125,463.0672607421875,0.9667617082595825,1120.1771240234375,455.4822082519531,0.9694740772247314,1125.6439208984375,534.4645385742188,0.9254380464553833
508,1338.057861328125,278.49847412109375,0.9735126495361328,1218.78857421875,348.6402893066406,0.9631720781326294,1297.273193359375,465.1776428222656,0.9688286781311035,1118.925048828125,455.3614196777344,0.9790786504745483,1123.435546875,534.373046875,0.9326570630073547
509,1337.7088623046875,280.228759765625,0.9672643542289734,1219.9027099609375,349.7853088378906,0.9490013122558594,1297.5113525390625,465.4502868652344,0.9678122997283936,1116.965576171875,455.3819274902344,0.9754631519317627,1121.735595703125,538.374755859375,0.9065997004508972
510,1339.274169921875,281.100830078125,0.9780354499816895,1222.778076171875,349.80560302734375,0.9553412795066833,1297.599609375,466.54632568359375,0.9739364385604858,1114.35693359375,455.26116943359375,0.9743181467056274,1116.8779296875,535.2252197265625,0.9004988670349121
511,1339.8419189453125,282.5791320800781,0.9832079410552979,1223.49853515625,350.39837646484375,0.9660999178886414,1297.9066162109375,467.5728759765625,0.9750144481658936,1112.4471435546875,455.6513366699219,0.964375376701355,1113.976806640625,537.3547973632812,0.8699685335159302
512,1340.753662109375,284.3122863769531,0.9851291179656982,1223.84228515625,351.88690185546875,0.9705948829650879,1297.9794921875,469.257568359375,0.9745538830757141,1111.266845703125,454.58673095703125,0.9622867107391357,1108.8997802734375,533.94091796875,0.9407938718795776
513,1341.181884765625,285.78106689453125,0.9796911478042603,1224.745849609375,352.89044189453125,0.9739537239074707,1297.3248291015625,470.8043212890625,0.9746405482292175,1108.5596923828125,454.38812255859375,0.9543918371200562,1106.975830078125,533.5735473632812,0.9286550879478455
514,1341.351318359375,286.7716979980469,0.9788566827774048,1224.012939453125,354.4240417480469,0.9744582176208496,1297.3350830078125,471.9485778808594,0.976651668548584,1105.1044921875,454.8576354980469,0.947899341583252,1104.474609375,533.8822631835938,0.9089120626449585
515,1340.826904296875,288.8549499511719,0.9748986959457397,1224.3038330078125,355.9825439453125,0.9714720845222473,1296.9273681640625,472.611328125,0.9804487228393555,1104.13916015625,454.5592041015625,0.9677726030349731,1100.292236328125,534.6350708007812,0.9243726134300232
516,1341.324462890625,290.1995849609375,0.9789654016494751,1224.9051513671875,357.33734130859375,0.9673984050750732,1295.508544921875,472.99609375,0.9786171913146973,1102.518310546875,454.7292785644531,0.9699947834014893,1095.154052734375,533.5130615234375,0.9074115753173828
517,1341.4425048828125,291.5198669433594,0.978449821472168,1225.127685546875,358.0901794433594,0.9662484526634216,1294.655517578125,473.35418701171875,0.9782835841178894,1100.654052734375,455.566162109375,0.968813419342041,1092.985595703125,533.9961547851562,0.9391111135482788
518,1341.14501953125,292.4381103515625,0.9792225360870361,1224.3853759765625,359.7576904296875,0.9584931135177612,1292.97900390625,474.9449768066406,0.9747793674468994,1098.4178466796875,455.7657775878906,0.9701189994812012,1090.859130859375,533.4930419921875,0.9265134334564209
519,1341.0679931640625,293.0259094238281,0.9789710640907288,1224.551513671875,360.4137268066406,0.9617322683334351,1292.391357421875,475.2217102050781,0.9808583855628967,1096.8046875,455.59808349609375,0.9606481790542603,1088.5328369140625,532.7312622070312,0.9179582595825195
520,1341.4295654296875,294.20159912109375,0.9792954921722412,1224.6153564453125,361.6402587890625,0.9632203578948975,1291.358642578125,475.3910217285156,0.9851359128952026,1094.447998046875,454.5594787597656,0.9532826542854309,1084.639892578125,533.5206909179688,0.9283088445663452
521,1341.9959716796875,294.690185546875,0.9749555587768555,1224.4605712890625,362.4087219238281,0.9623756408691406,1290.7760009765625,475.573486328125,0.983930230140686,1092.390380859375,454.43829345703125,0.9464623928070068,1079.8037109375,533.3294677734375,0.9132505655288696
522,1342.2435302734375,295.7628479003906,0.9647117853164673,1224.5137939453125,362.92291259765625,0.9630255103111267,1290.0172119140625,475.8349304199219,0.982624351978302,1089.1014404296875,455.15814208984375,0.9403492212295532,1077.2738037109375,533.951416015625,0.9367538094520569
523,1344.1031494140625,297.0731201171875,0.9715499877929688,1224.8988037109375,363.4386901855469,0.9660360217094421,1289.4033203125,475.6919860839844,0.9815340638160706,1087.73486328125,455.1246337890625,0.9629448652267456,1074.7398681640625,533.8514404296875,0.9194502830505371
524,1344.41552734375,297.85040283203125,0.9779199957847595,1225.2779541015625,363.76922607421875,0.966823935508728,1289.191162109375,475.9132995605469,0.9837579727172852,1086.0914306640625,454.97528076171875,0.970329761505127,1071.3043212890625,533.168212890625,0.9310950636863708
525,1345.38134765625,298.2781677246094,0.9770381450653076,1225.45458984375,364.1810607910156,0.9645336866378784,1288.0101318359375,476.23046875,0.9837597608566284,1084.7406005859375,455.037353515625,0.9683386087417603,1067.0335693359375,533.9942626953125,0.9233285784721375
526,1346.560302734375,298.92388916015625,0.9818163514137268,1227.0992431640625,364.4796447753906,0.9682607650756836,1287.0509033203125,476.5397644042969,0.9849473237991333,1083.077392578125,454.9419250488281,0.9636858701705933,1063.3350830078125,533.7364501953125,0.9279400110244751
527,1347.0875244140625,299.2427673339844,0.9781564474105835,1227.3585205078125,364.8544921875,0.968327522277832,1286.48095703125,476.6430969238281,0.9850700497627258,1081.9066162109375,454.5222473144531,0.9616167545318604,1060.922119140625,534.0427856445312,0.9445748329162598
528,1348.0220947265625,300.1337890625,0.9820340275764465,1227.678955078125,365.0515441894531,0.9678230285644531,1286.1683349609375,476.7795715332031,0.9841329455375671,1080.7342529296875,454.6180419921875,0.9549955129623413,1058.53857421875,532.5267333984375,0.9329906702041626
529,1349.096923828125,300.5012512207031,0.9798359870910645,1228.0892333984375,365.1759948730469,0.9656977653503418,1286.240966796875,476.8281555175781,0.9832450151443481,1079.6204833984375,454.10723876953125,0.9505466222763062,1056.107666015625,531.7808227539062,0.9124261140823364
530,1350.7838134765625,300.92779541015625,0.9755904674530029,1228.3560791015625,365.1219177246094,0.968902587890625,1286.2802734375,476.95867919921875,0.9814009666442871,1078.9300537109375,454.6511535644531,0.9472318291664124,1053.734375,533.8204345703125,0.9224923849105835
531,1351.539306640625,301.2753601074219,0.9747532606124878,1228.8624267578125,365.4552917480469,0.9671800136566162,1286.6505126953125,477.0487060546875,0.9807071685791016,1077.24072265625,455.16339111328125,0.9502227306365967,1050.68896484375,534.1079711914062,0.9256415367126465
532,1354.0804443359375,300.9460754394531,0.9816375970840454,1229.384033203125,365.64520263671875,0.9603240489959717,1286.640625,477.35748291015625,0.9764158725738525,1077.045654296875,455.40234375,0.9513084292411804,1046.3875732421875,534.2197875976562,0.9408029317855835
533,1355.088623046875,301.4726257324219,0.983594536781311,1229.85400390625,366.226318359375,0.9632246494293213,1286.6866455078125,477.5346374511719,0.9756156206130981,1076.78759765625,455.6097717285156,0.9589482545852661,1044.647216796875,534.3555297851562,0.9461864233016968
534,1355.510986328125,301.8565979003906,0.9848204851150513,1230.4049072265625,366.471435546875,0.9603872895240784,1286.6292724609375,477.9310302734375,0.9748067855834961,1075.304443359375,456.00067138671875,0.9572762846946716,1041.537109375,533.9876708984375,0.8968440294265747
535,1356.18115234375,302.7271728515625,0.9837076663970947,1230.69140625,366.8027648925781,0.9600769281387329,1286.2857666015625,478.8846740722656,0.9750099182128906,1074.3831787109375,456.81402587890625,0.9593268632888794,1037.5533447265625,533.657470703125,0.918348491191864
536,1356.7469482421875,304.00909423828125,0.9822533130645752,1231.4029541015625,367.65625,0.9599076509475708,1286.4644775390625,481.6424255371094,0.973704993724823,1072.26953125,457.8524169921875,0.9637969732284546,1031.2646484375,534.1915283203125,0.9311283826828003
537,1356.9937744140625,304.5274353027344,0.9832510352134705,1231.6138916015625,368.24578857421875,0.9555575251579285,1286.02734375,482.288330078125,0.9766894578933716,1071.13720703125,458.2107849121094,0.9681862592697144,1029.4749755859375,533.2310791015625,0.9563580751419067
538,1357.104736328125,305.0759582519531,0.9772622585296631,1231.44091796875,368.8289489746094,0.9547005891799927,1284.749267578125,483.3896179199219,0.9804020524024963,1070.9384765625,458.366455078125,0.9675433039665222,1026.3651123046875,534.0836181640625,0.9131572246551514
539,1357.2418212890625,305.4736328125,0.9772182703018188,1231.5408935546875,369.4496765136719,0.9517002105712891,1283.6231689453125,484.495849609375,0.9830712080001831,1069.7548828125,458.8147277832031,0.9704324007034302,1024.39697265625,533.5243530273438,0.8980882167816162
540,1358.0306396484375,306.6379699707031,0.9780789613723755,1231.7261962890625,370.2968444824219,0.952960193157196,1283.6666259765625,485.5257873535156,0.9845821857452393,1069.5501708984375,459.1807556152344,0.969796895980835,1020.2589721679688,533.5606689453125,0.9451701045036316
541,1358.40380859375,307.31903076171875,0.9750760793685913,1232.105712890625,371.26287841796875,0.9479477405548096,1282.9510498046875,486.14581298828125,0.9847846031188965,1069.2598876953125,459.38818359375,0.9672398567199707,1015.8268432617188,531.6217041015625,0.9428471326828003
542,1358.4056396484375,308.5389099121094,0.9725381135940552,1233.8358154296875,371.7168273925781,0.9349448680877686,1282.8472900390625,486.63165283203125,0.9820764064788818,1069.3289794921875,459.9881591796875,0.9612395167350769,1011.9058227539062,531.9964599609375,0.9600036144256592
543,1358.75732421875,309.1746826171875,0.9724441766738892,1233.629150390625,372.7677307128906,0.9237921237945557,1282.7554931640625,487.5691833496094,0.9822130799293518,1069.0858154296875,460.51495361328125,0.9632576704025269,1007.4005737304688,533.7114868164062,0.93489670753479
544,1358.7464599609375,310.2372741699219,0.9643282294273376,1234.3001708984375,374.2244567871094,0.9091809391975403,1283.5084228515625,489.1745300292969,0.9832937717437744,1069.5548095703125,463.05084228515625,0.9602120518684387,1002.4168090820312,531.4017944335938,0.9539647102355957
545,1358.79638671875,311.0601501464844,0.9595479965209961,1234.40087890625,376.54986572265625,0.9384267330169678,1284.501708984375,490.7398376464844,0.9835385680198669,1070.8841552734375,465.3252868652344,0.9557383060455322,997.8609008789062,527.3604736328125,0.9248383045196533
546,1360.8690185546875,312.8751525878906,0.9730808138847351,1235.4644775390625,378.0666198730469,0.9556320905685425,1284.5145263671875,492.09881591796875,0.9843175411224365,1073.3043212890625,467.6712341308594,0.9474884271621704,996.043212890625,524.2365112304688,0.9434812068939209
547,1361.0279541015625,313.6953125,0.9770370721817017,1235.385986328125,379.84423828125,0.9666736125946045,1285.6077880859375,493.6321105957031,0.9775165319442749,1078.3074951171875,468.680419921875,0.9485584497451782,993.9974365234375,523.8468627929688,0.9435288310050964
548,1361.2249755859375,314.3974304199219,0.9828561544418335,1235.3153076171875,381.98944091796875,0.9678009152412415,1286.0262451171875,498.7352600097656,0.9756970405578613,1082.7025146484375,471.21246337890625,0.960349440574646,993.2392578125,522.4697875976562,0.9132194519042969
549,1361.35693359375,314.90167236328125,0.9842467308044434,1236.569091796875,383.27484130859375,0.962047815322876,1289.5562744140625,500.1910400390625,0.976050853729248,1086.2493896484375,473.7388000488281,0.9770863056182861,993.096923828125,519.7088012695312,0.9166160821914673
550,1360.9869384765625,315.8119201660156,0.980910062789917,1236.873291015625,385.3829650878906,0.9659351706504822,1291.8011474609375,503.51788330078125,0.9726244211196899,1089.7652587890625,474.54010009765625,0.9688279628753662,996.8377685546875,516.7650756835938,0.9453515410423279
551,1360.9600830078125,316.17547607421875,0.9833328723907471,1237.3145751953125,387.68585205078125,0.9684066772460938,1294.6907958984375,506.16204833984375,0.9767602682113647,1095.1771240234375,475.6866455078125,0.9628386497497559,998.2388305664062,515.399169921875,0.9404268860816956
552,1360.824951171875,317.12725830078125,0.9782571792602539,1238.9022216796875,390.3106994628906,0.952937662601471,1298.0457763671875,507.9806213378906,0.984912633895874,1101.4647216796875,477.0581970214844,0.9537451267242432,1002.7185668945312,514.8969116210938,0.9342184066772461
553,1360.37255859375,317.99652099609375,0.9759656190872192,1239.2669677734375,393.7321472167969,0.9601173996925354,1300.55517578125,511.18804931640625,0.9826920032501221,1107.1080322265625,477.04144287109375,0.9508463144302368,1005.7871704101562,515.7885131835938,0.9381042718887329
554,1360.3575439453125,319.1851806640625,0.9696305394172668,1240.779541015625,396.73577880859375,0.9596760272979736,1304.6737060546875,515.3580932617188,0.9817757606506348,1114.3314208984375,480.29443359375,0.9383572340011597,1014.0851440429688,513.7821044921875,0.902075469493866
555,1358.2587890625,320.06085205078125,0.9631633758544922,1241.162109375,398.5028991699219,0.9681602716445923,1309.2520751953125,518.4205932617188,0.9777303338050842,1120.676025390625,482.49578857421875,0.9441666603088379,1022.640869140625,516.2460327148438,0.9097692966461182
556,1357.728271484375,322.33282470703125,0.9666712284088135,1241.2437744140625,401.0472412109375,0.9714287519454956,1313.304443359375,520.886474609375,0.9820682406425476,1129.7528076171875,484.32232666015625,0.9576044678688049,1034.6231689453125,516.5098876953125,0.8522447943687439
557,1356.673095703125,324.34722900390625,0.970350980758667,1241.2584228515625,403.7920227050781,0.9638353586196899,1315.4307861328125,523.1123657226562,0.9862658381462097,1136.036865234375,486.81610107421875,0.9660335779190063,1043.3494873046875,520.808349609375,0.7771129608154297
558,1356.31298828125,326.3652038574219,0.9626465439796448,1241.34228515625,406.03948974609375,0.9541086554527283,1318.6844482421875,525.9940795898438,0.9797466993331909,1142.1619873046875,488.5066223144531,0.9486327767372131,1051.11083984375,526.64404296875,0.7946233749389648
559,1355.1680908203125,327.880615234375,0.9572259187698364,1239.586181640625,409.1799011230469,0.9493839740753174,1322.3397216796875,528.8060302734375,0.9810259342193604,1149.081787109375,490.71954345703125,0.9671633243560791,1060.105712890625,530.56591796875,0.9050447344779968
560,1354.9595947265625,329.8293151855469,0.9629675149917603,1239.268798828125,411.7413024902344,0.9465781450271606,1325.081298828125,530.658203125,0.9796543121337891,1154.2113037109375,490.75701904296875,0.9668110609054565,1063.196044921875,535.70751953125,0.8598458766937256
561,1353.3707275390625,331.1172790527344,0.9542324542999268,1240.7086181640625,412.91424560546875,0.9612021446228027,1328.0694580078125,532.6268310546875,0.97444748878479,1157.311767578125,490.2227478027344,0.9685612916946411,1073.99951171875,540.72705078125,0.9476338624954224
562,1351.771728515625,332.9869384765625,0.9600642919540405,1239.9171142578125,414.8025207519531,0.9599858522415161,1330.05615234375,534.00146484375,0.9777780771255493,1161.23291015625,489.65899658203125,0.9680737257003784,1081.7935791015625,544.776611328125,0.9126302003860474
563,1351.0555419921875,334.3852233886719,0.9570246338844299,1237.8778076171875,415.43524169921875,0.9572327733039856,1330.6492919921875,534.7802124023438,0.9792466759681702,1162.0557861328125,486.5509948730469,0.9702602028846741,1090.275146484375,547.8672485351562,0.9573910236358643
564,1350.3719482421875,335.6659851074219,0.9569776654243469,1237.4649658203125,416.193603515625,0.9526061415672302,1331.1541748046875,535.1707153320312,0.979194164276123,1163.1031494140625,482.8870849609375,0.9839314818382263,1094.3785400390625,554.45556640625,0.931587815284729
565,1348.0987548828125,337.21685791015625,0.9295567274093628,1236.154052734375,415.9224548339844,0.9588872194290161,1330.25244140625,535.5303344726562,0.9758104085922241,1164.788818359375,479.8556213378906,0.9719173908233643,1105.401123046875,552.2273559570312,0.8907036781311035
566,1348.5791015625,338.24365234375,0.9474227428436279,1235.69287109375,415.36334228515625,0.9564756155014038,1328.8289794921875,536.1958618164062,0.9676069021224976,1166.0615234375,475.4152526855469,0.986527144908905,1111.68115234375,553.9970703125,0.9332495927810669
567,1347.9337158203125,339.4239807128906,0.9619123339653015,1234.8690185546875,414.92559814453125,0.9308809041976929,1327.32421875,536.3724365234375,0.9406721591949463,1165.633056640625,473.3768310546875,0.9887121915817261,1121.012939453125,552.6593627929688,0.7739750146865845
568,1347.6641845703125,339.9249572753906,0.9688396453857422,1234.1378173828125,414.9162902832031,0.9411900043487549,1324.7879638671875,536.9163818359375,0.9471948146820068,1165.888671875,470.37347412109375,0.9863361716270447,1128.5465087890625,555.477783203125,0.8973977565765381
569,1347.109130859375,340.27685546875,0.9629682302474976,1233.486083984375,414.0287780761719,0.9456669688224792,1323.2593994140625,537.4445190429688,0.9595572352409363,1166.443603515625,468.453125,0.9902300834655762,1137.2374267578125,557.5475463867188,0.935619592666626
570,1345.434326171875,340.6354675292969,0.9585343599319458,1233.09423828125,413.30810546875,0.9274903535842896,1322.3043212890625,537.5297241210938,0.9631344079971313,1167.8426513671875,466.32513427734375,0.982831597328186,1144.208740234375,557.1476440429688,0.9089667797088623
571,1344.664794921875,341.27545166015625,0.9586894512176514,1229.0814208984375,412.56707763671875,0.9088470339775085,1321.706298828125,537.6687622070312,0.9679657220840454,1168.058837890625,464.0921630859375,0.9770628213882446,1153.5615234375,555.47998046875,0.9509605169296265
572,1344.61572265625,341.9588623046875,0.9560031294822693,1228.3587646484375,412.0179138183594,0.9030294418334961,1321.3448486328125,538.1217041015625,0.969582200050354,1168.2786865234375,461.8812255859375,0.9733898639678955,1160.1075439453125,557.0606689453125,0.8998860120773315
573,1343.97509765625,342.91705322265625,0.9297922849655151,1228.285888671875,411.88995361328125,0.9094321727752686,1321.453369140625,538.4566650390625,0.9712204933166504,1169.8614501953125,463.75384521484375,0.9618766903877258,1169.8939208984375,556.8311767578125,0.8967608213424683
574,1343.9267578125,343.80902099609375,0.9220843315124512,1228.2164306640625,412.190185546875,0.896759033203125,1321.7666015625,539.1007080078125,0.9694192409515381,1171.483642578125,463.374755859375,0.9459728002548218,1176.043212890625,558.6932373046875,0.9111999869346619
575,1344.655029296875,344.5301208496094,0.9183481931686401,1228.3284912109375,412.80322265625,0.8538215160369873,1322.3505859375,539.6103515625,0.9661502838134766,1174.768798828125,467.0563659667969,0.9426494836807251,1187.7384033203125,555.2988891601562,0.9727461338043213
576,1344.3697509765625,345.6800842285156,0.9203130602836609,1228.64306640625,413.7823486328125,0.9050403237342834,1323.7979736328125,539.8028564453125,0.9575654864311218,1177.2093505859375,469.7229919433594,0.9684263467788696,1193.89501953125,557.1406860351562,0.8875206708908081
577,1345.2930908203125,346.6451416015625,0.9223893880844116,1229.9034423828125,414.533203125,0.9002550840377808,1326.3973388671875,540.1723022460938,0.9603811502456665,1179.1356201171875,472.7198181152344,0.9825690984725952,1204.066162109375,554.8727416992188,0.9568842649459839
578,1345.595947265625,348.5035400390625,0.9287130832672119,1229.3167724609375,415.80682373046875,0.9440106153488159,1328.7396240234375,541.5170288085938,0.9643030166625977,1181.7459716796875,475.8742980957031,0.9715856909751892,1210.9376220703125,554.5589599609375,0.8929497003555298
579,1346.0709228515625,349.6122741699219,0.9471914768218994,1229.514892578125,417.7889099121094,0.9497147798538208,1330.8536376953125,542.7208862304688,0.963148832321167,1181.892822265625,481.5093994140625,0.9745743274688721,1219.6561279296875,555.6547241210938,0.9051293134689331
580,1347.8697509765625,351.36517333984375,0.9317545294761658,1230.224609375,420.9315185546875,0.9339364767074585,1333.9525146484375,546.7652587890625,0.97408127784729,1183.4498291015625,487.028076171875,0.9768097400665283,1224.013427734375,558.4270629882812,0.8552757501602173
581,1348.5433349609375,353.226318359375,0.9185634851455688,1233.447509765625,425.44305419921875,0.882828414440155,1337.5775146484375,548.4942626953125,0.9814473390579224,1186.427734375,492.9110412597656,0.9626812934875488,1233.859375,560.8784790039062,0.8642093539237976
582,1350.941162109375,355.0162353515625,0.9420810341835022,1234.6685791015625,428.3833923339844,0.9456506371498108,1340.9293212890625,550.9600219726562,0.9628212451934814,1189.1978759765625,499.3877258300781,0.9751336574554443,1237.317138671875,561.3212280273438,0.9210253953933716
583,1351.7159423828125,356.5301513671875,0.9484643936157227,1234.3291015625,431.2135314941406,0.9431878328323364,1345.175537109375,552.4843139648438,0.9687001705169678,1190.2906494140625,504.4265441894531,0.9663668870925903,1243.9454345703125,563.0933227539062,0.9365202188491821
584,1352.825439453125,357.4513854980469,0.9451694488525391,1235.4381103515625,432.8866882324219,0.9423433542251587,1347.6636962890625,553.4853515625,0.984382152557373,1195.8857421875,510.7540283203125,0.9650164246559143,1246.2738037109375,566.590087890625,0.9296963810920715
585,1353.3211669921875,358.2154846191406,0.9050862193107605,1237.74267578125,435.3575439453125,0.9397205710411072,1350.519775390625,554.5609741210938,0.9845774173736572,1197.73486328125,514.7463989257812,0.9806375503540039,1250.295166015625,568.5595092773438,0.9250326156616211
586,1353.55615234375,359.0500793457031,0.8900763392448425,1239.107177734375,437.6717224121094,0.9407273530960083,1352.5302734375,555.9401245117188,0.9769107699394226,1200.1949462890625,518.6594848632812,0.9766496419906616,1254.9122314453125,571.732666015625,0.9614280462265015
587,1355.7313232421875,360.2231750488281,0.8640222549438477,1240.1993408203125,439.8695068359375,0.9049316048622131,1354.2525634765625,556.7763671875,0.9766573905944824,1203.96728515625,521.4776611328125,0.9778199195861816,1258.5418701171875,571.9144897460938,0.9301315546035767
588,1358.935791015625,361.815673828125,0.8562486171722412,1241.6241455078125,441.6107482910156,0.9247523546218872,1356.5697021484375,557.0228271484375,0.9669802784919739,1205.7685546875,523.7007446289062,0.9770287275314331,1262.7781982421875,573.7205810546875,0.9386460781097412
589,1360.4017333984375,362.49298095703125,0.9052778482437134,1241.927001953125,442.90814208984375,0.9186130166053772,1359.5572509765625,557.5728149414062,0.9639156460762024,1209.7430419921875,528.1864013671875,0.9640878438949585,1266.8497314453125,575.9363403320312,0.9552104473114014
590,1361.357421875,362.83697509765625,0.9275982975959778,1243.22900390625,444.1641845703125,0.9222093820571899,1362.078369140625,558.391845703125,0.9816157817840576,1212.20068359375,530.7943115234375,0.9865853190422058,1270.675048828125,575.8751831054688,0.974122166633606
591,1362.460205078125,363.2423400878906,0.9352825284004211,1244.84716796875,444.89044189453125,0.9272869229316711,1364.76025390625,557.4589233398438,0.9844839572906494,1214.0211181640625,532.7086791992188,0.9850509166717529,1275.3055419921875,577.0806884765625,0.9600802659988403
592,1364.2938232421875,363.4044494628906,0.9402782917022705,1248.850341796875,446.3742370605469,0.9114459753036499,1367.09130859375,557.179931640625,0.9813512563705444,1219.1920166015625,534.4461059570312,0.9676076173782349,1280.2169189453125,577.5634765625,0.9307146668434143
593,1365.7490234375,363.30364990234375,0.9473962187767029,1250.267578125,446.5095520019531,0.8961018323898315,1369.3759765625,556.5343017578125,0.9750765562057495,1221.5201416015625,535.7174682617188,0.9796785116195679,1284.940185546875,578.2462768554688,0.9439811706542969
594,1366.30419921875,362.26275634765625,0.9286887049674988,1251.8839111328125,446.2578430175781,0.9215275049209595,1372.8829345703125,555.953857421875,0.9720580577850342,1226.2078857421875,539.40380859375,0.9702708721160889,1289.11376953125,578.8037719726562,0.9145336747169495
595,1369.00390625,360.6545715332031,0.9259426593780518,1253.897216796875,446.0008239746094,0.9328510165214539,1376.8480224609375,555.0142211914062,0.9802570343017578,1229.4598388671875,541.2625732421875,0.9567724466323853,1293.9537353515625,579.53955078125,0.9327150583267212
596,1370.2821044921875,359.1404113769531,0.9288185834884644,1258.54638671875,445.6314697265625,0.9476107358932495,1380.348388671875,553.7821044921875,0.9870135188102722,1235.1572265625,543.1737060546875,0.9696671962738037,1299.5125732421875,579.6422119140625,0.9336064457893372
597,1372.941650390625,358.5831298828125,0.9080345630645752,1259.5269775390625,445.2863464355469,0.9334242939949036,1383.3238525390625,552.7271118164062,0.9813927412033081,1237.9757080078125,544.9484252929688,0.9791175127029419,1303.4893798828125,580.3154907226562,0.941630482673645
598,1376.16162109375,357.73297119140625,0.9248334765434265,1260.6373291015625,445.19281005859375,0.9455528855323792,1385.51220703125,551.9981689453125,0.967599630355835,1241.8955078125,548.7054443359375,0.9744933843612671,1312.0369873046875,581.2930908203125,0.8595340847969055
599,1378.0594482421875,356.4173583984375,0.9465236663818359,1261.522216796875,444.76751708984375,0.9229822158813477,1390.9058837890625,550.1989135742188,0.9661670923233032,1246.328857421875,550.4345703125,0.981304943561554,1316.6744384765625,579.1217041015625,0.8908979892730713
600,1379.7640380859375,355.3047180175781,0.9469088912010193,1266.5635986328125,445.531494140625,0.8724863529205322,1394.4300537109375,549.8507690429688,0.9824554920196533,1250.785888671875,552.7459106445312,0.9791669845581055,1323.7294921875,583.1520385742188,0.806715726852417
601,1382.921875,352.6985778808594,0.933118462562561,1268.32958984375,443.9145202636719,0.9434769749641418,1395.7257080078125,548.8307495117188,0.9851092100143433,1254.7379150390625,555.7057495117188,0.9715090990066528,1325.4007568359375,582.3178100585938,0.8124461770057678
602,1383.255615234375,351.5107116699219,0.9121512174606323,1270.5784912109375,442.1736145019531,0.9456539154052734,1398.354736328125,547.4835815429688,0.9825454950332642,1258.7919921875,559.6240844726562,0.9689321517944336,1331.0927734375,585.6513671875,0.8510556221008301
603,1385.988037109375,348.7613220214844,0.9218915700912476,1272.7640380859375,441.033203125,0.9424197673797607,1402.218505859375,545.6776123046875,0.9781196713447571,1264.3160400390625,560.3565673828125,0.9606577754020691,1335.576904296875,586.0765991210938,0.8067567348480225
604,1387.0740966796875,346.9908447265625,0.9234659075737,1274.7122802734375,440.1591796875,0.9380910992622375,1404.3536376953125,543.7673950195312,0.9761145114898682,1269.941162109375,561.2443237304688,0.9680439233779907,1344.4786376953125,586.4386596679688,0.7135782241821289
605,1391.043701171875,345.9416198730469,0.9251465797424316,1278.707763671875,439.9720153808594,0.8812140226364136,1405.17041015625,541.673583984375,0.9576029181480408,1273.809326171875,564.1483154296875,0.9610800743103027,1348.1993408203125,587.1279296875,0.833762526512146
606,1393.5501708984375,343.9436950683594,0.9490448236465454,1282.980712890625,438.8121032714844,0.8463024497032166,1409.22412109375,541.18994140625,0.974398136138916,1277.9405517578125,565.1242065429688,0.9735927581787109,1350.8621826171875,586.9945068359375,0.8387941122055054
607,1396.1148681640625,342.1618957519531,0.9647324681282043,1285.0594482421875,436.9199523925781,0.8972724080085754,1411.2828369140625,539.9357299804688,0.986670732498169,1281.4097900390625,565.648681640625,0.9484962224960327,1360.9576416015625,586.9224853515625,0.762773871421814
608,1399.267333984375,340.5403137207031,0.9559401869773865,1287.6641845703125,435.268310546875,0.9301117658615112,1413.67333984375,539.0850830078125,0.9854798316955566,1286.54736328125,566.1114501953125,0.9495759010314941,1363.8118896484375,587.5379028320312,0.8934975266456604
609,1400.1214599609375,339.2636413574219,0.9332154393196106,1291.1832275390625,433.3490295410156,0.954543948173523,1415.442626953125,538.203369140625,0.9798882603645325,1288.555908203125,565.7681274414062,0.954049825668335,1364.8123779296875,587.7333984375,0.9280796051025391
610,1402.9119873046875,337.57220458984375,0.900641679763794,1293.411376953125,432.9787902832031,0.9539517760276794,1417.213134765625,538.5271606445312,0.9849147796630859,1290.0306396484375,566.5419921875,0.9582300186157227,1365.618896484375,588.0193481445312,0.9103506207466125
611,1407.39990234375,336.36834716796875,0.919047474861145,1295.6483154296875,431.7416687011719,0.9464335441589355,1419.5845947265625,538.2552490234375,0.9788386821746826,1290.847900390625,565.2028198242188,0.9713772535324097,1364.972900390625,589.818359375,0.9126750230789185
612,1409.0379638671875,335.401611328125,0.9328892230987549,1300.2984619140625,432.60211181640625,0.9256795644760132,1420.7454833984375,537.9276123046875,0.9760825634002686,1289.888427734375,562.5209350585938,0.9707050323486328,1363.149658203125,589.4747314453125,0.8923467397689819
613,1411.57861328125,335.1878967285156,0.9621521234512329,1302.12841796875,432.1927490234375,0.913349449634552,1421.92333984375,537.7879638671875,0.9725013375282288,1288.445068359375,560.386474609375,0.9630336761474609,1360.7025146484375,588.9515991210938,0.8879050016403198
614,1412.6995849609375,335.1622619628906,0.9649956822395325,1305.13525390625,430.8529968261719,0.9265457987785339,1422.5787353515625,537.8021850585938,0.9658316373825073,1285.4932861328125,556.58935546875,0.9716745615005493,1360.6812744140625,589.4119262695312,0.9174392223358154
615,1413.453857421875,335.2452697753906,0.9537954330444336,1306.5517578125,430.1717224121094,0.948586106300354,1422.6441650390625,538.2978515625,0.9675360918045044,1283.6873779296875,554.1402587890625,0.9765854477882385,1355.00927734375,588.1651000976562,0.9511697292327881
616,1414.87158203125,335.40911865234375,0.9510961771011353,1307.4073486328125,429.8717956542969,0.9571570158004761,1421.68212890625,538.484619140625,0.9700282216072083,1279.1378173828125,551.7591552734375,0.9681995511054993,1351.2930908203125,587.5391845703125,0.9246885776519775
617,1416.489501953125,335.06964111328125,0.9292881488800049,1307.3511962890625,429.0484924316406,0.9616246223449707,1420.6907958984375,538.4135131835938,0.972527027130127,1276.5948486328125,548.82421875,0.9828948974609375,1346.4169921875,587.640869140625,0.9253560900688171
618,1416.7259521484375,334.7154235839844,0.9274041652679443,1306.9940185546875,428.6017761230469,0.9567626118659973,1419.2889404296875,538.6748657226562,0.9789637327194214,1274.2861328125,546.00244140625,0.9795039892196655,1345.3922119140625,588.2252197265625,0.8990020751953125
619,1418.8548583984375,333.39593505859375,0.9182660579681396,1307.0638427734375,427.3489685058594,0.9676917791366577,1418.32958984375,538.537353515625,0.9833213090896606,1272.307861328125,543.1904296875,0.9701317548751831,1339.636962890625,588.16064453125,0.9406164288520813
620,1419.1832275390625,332.6354675292969,0.9284425377845764,1306.3521728515625,426.6522216796875,0.965359091758728,1417.0914306640625,538.4650268554688,0.9813661575317383,1269.6998291015625,538.734619140625,0.9805957078933716,1336.102294921875,587.3251342773438,0.9318390488624573
621,1419.767578125,331.6141357421875,0.9434163570404053,1306.75634765625,425.67779541015625,0.9669535160064697,1415.545654296875,537.76904296875,0.9742662310600281,1268.35009765625,536.1779174804688,0.9783096313476562,1332.3023681640625,586.0253295898438,0.9313123226165771
622,1418.85400390625,330.6603088378906,0.9370708465576172,1306.8692626953125,424.272216796875,0.958663821220398,1414.687255859375,536.2899169921875,0.9794149398803711,1268.3182373046875,532.9669799804688,0.9749670028686523,1329.8807373046875,586.6991577148438,0.9080696702003479
623,1420.0147705078125,329.5413513183594,0.9461914896965027,1306.72705078125,423.3177795410156,0.9573922157287598,1413.60498046875,534.8193969726562,0.9840404987335205,1264.21044921875,530.9915771484375,0.9770984649658203,1326.0631103515625,585.980224609375,0.8969573974609375
624,1421.0179443359375,326.90338134765625,0.9615726470947266,1306.2841796875,420.8438415527344,0.945756196975708,1412.9442138671875,534.2953491210938,0.9837418794631958,1262.9302978515625,528.6195068359375,0.97144615650177,1318.9306640625,583.1480712890625,0.9017709493637085
625,1420.1429443359375,325.3538513183594,0.9523365497589111,1306.4788818359375,418.98114013671875,0.949262261390686,1411.9154052734375,532.8655395507812,0.9829099178314209,1261.93408203125,525.2347412109375,0.9647074937820435,1318.0848388671875,585.55419921875,0.9170824289321899
626,1420.2857666015625,324.36370849609375,0.9506765604019165,1306.6697998046875,417.7396545410156,0.963448703289032,1410.34228515625,531.78173828125,0.9813816547393799,1260.533935546875,523.7081298828125,0.9701921343803406,1314.46337890625,585.6171264648438,0.906873345375061
627,1420.487548828125,322.9491271972656,0.9449998140335083,1306.859375,416.2425231933594,0.9526646137237549,1408.810791015625,531.0012817382812,0.9772877097129822,1259.84375,521.3080444335938,0.9777532815933228,1309.954833984375,583.0696411132812,0.9077957272529602
628,1421.05517578125,321.95855712890625,0.9541901350021362,1306.70556640625,415.3310852050781,0.952229380607605,1407.01904296875,529.6448974609375,0.9669033288955688,1257.1563720703125,518.2554321289062,0.9638774991035461,1304.4010009765625,582.2230224609375,0.9178836345672607
629,1420.823486328125,321.109619140625,0.9396043419837952,1306.0350341796875,414.51898193359375,0.9486017823219299,1404.85546875,528.8125,0.9753941893577576,1255.481201171875,515.3873291015625,0.9589966535568237,1303.4190673828125,583.1735229492188,0.9025070667266846
630,1422.75244140625,319.9360656738281,0.9499932527542114,1305.4320068359375,414.5804748535156,0.9372252225875854,1403.921875,528.25537109375,0.9799871444702148,1253.33154296875,514.3425903320312,0.9581973552703857,1299.549560546875,582.0265502929688,0.9413954019546509
631,1420.3348388671875,319.67437744140625,0.933413028717041,1304.69287109375,413.96282958984375,0.9330450296401978,1402.1585693359375,528.2666015625,0.981365442276001,1249.16455078125,513.8693237304688,0.9510881900787354,1298.1318359375,581.9395751953125,0.9183847904205322
632,1419.78759765625,318.7234802246094,0.9231741428375244,1301.665283203125,413.9396667480469,0.9447906017303467,1399.1640625,529.4020385742188,0.9674524068832397,1250.36279296875,509.8251647949219,0.9462039470672607,1294.03857421875,582.4790649414062,0.8935763835906982
633,1418.481201171875,318.40838623046875,0.9342551231384277,1300.5826416015625,413.8854064941406,0.9442524909973145,1396.4134521484375,527.0881958007812,0.9740844964981079,1246.7177734375,508.4809875488281,0.9605073928833008,1288.1273193359375,581.2776489257812,0.8910926580429077
634,1417.63720703125,318.1367492675781,0.9337685108184814,1298.6806640625,414.0036315917969,0.9334540367126465,1394.808349609375,526.6597900390625,0.974387526512146,1243.6478271484375,507.8963317871094,0.9649655222892761,1286.4193115234375,581.8848266601562,0.8824341297149658
635,1415.4776611328125,318.1327819824219,0.937507688999176,1297.529052734375,413.0328369140625,0.9203720688819885,1393.045654296875,526.499755859375,0.9741790890693665,1241.5274658203125,507.42510986328125,0.9690239429473877,1282.331298828125,582.1665649414062,0.9227617979049683
636,1414.435302734375,317.82647705078125,0.9353291988372803,1294.2010498046875,411.19903564453125,0.9399538040161133,1391.1591796875,525.5469360351562,0.9562301635742188,1238.52685546875,504.89923095703125,0.9663808941841125,1277.0692138671875,581.3904418945312,0.8821125030517578
637,1412.970458984375,316.84552001953125,0.9460729956626892,1292.4581298828125,409.9789123535156,0.9389511346817017,1388.566650390625,525.33154296875,0.9690130352973938,1235.8153076171875,504.77008056640625,0.9681754112243652,1271.4810791015625,579.16064453125,0.8912062048912048
638,1411.474365234375,315.9474792480469,0.9342800378799438,1291.1845703125,408.7779541015625,0.9572269916534424,1386.50244140625,524.8790893554688,0.975837230682373,1232.7962646484375,503.1321716308594,0.9582089185714722,1269.804443359375,579.6009521484375,0.8910326957702637
639,1409.879150390625,314.95196533203125,0.9331809282302856,1290.196533203125,408.2610168457031,0.9423621296882629,1384.9002685546875,524.895751953125,0.9768928289413452,1229.9835205078125,501.7637023925781,0.9765263795852661,1266.7613525390625,580.9822998046875,0.925977349281311
640,1409.4122314453125,314.56048583984375,0.9111254215240479,1287.2227783203125,406.2278137207031,0.9294835925102234,1382.2186279296875,524.37744140625,0.9798028469085693,1226.524169921875,500.7486877441406,0.9720635414123535,1262.565673828125,580.9003295898438,0.8959359526634216
641,1408.221435546875,313.62591552734375,0.917732834815979,1286.0091552734375,405.0946960449219,0.9187512397766113,1379.723876953125,523.7111206054688,0.9829745292663574,1224.3060302734375,499.71405029296875,0.9550410509109497,1259.8056640625,580.5166015625,0.9314827919006348
642,1404.743408203125,312.06072998046875,0.8994261026382446,1284.3067626953125,403.97442626953125,0.9166439175605774,1377.4293212890625,523.0015258789062,0.9801768064498901,1221.887939453125,498.23541259765625,0.9359149932861328,1254.474609375,578.5615234375,0.9020686149597168
643,1404.4451904296875,311.8880615234375,0.9262046813964844,1282.7222900390625,402.2909240722656,0.9242141246795654,1376.0601806640625,522.2590942382812,0.9760440587997437,1216.344482421875,497.5712585449219,0.9645177125930786,1250.958251953125,578.9226684570312,0.8973649740219116
644,1403.111328125,310.9715881347656,0.9501614570617676,1279.7984619140625,400.58392333984375,0.9223670959472656,1372.8653564453125,522.9119873046875,0.9710297584533691,1214.1065673828125,496.1763610839844,0.966385006904602,1248.7734375,580.577880859375,0.9028276205062866
645,1401.403076171875,310.12750244140625,0.9557716846466064,1278.1815185546875,398.9541015625,0.9287034869194031,1370.0672607421875,522.493408203125,0.9786770343780518,1210.2392578125,494.0056457519531,0.9631236791610718,1244.28515625,579.3903198242188,0.9048830270767212
646,1400.010498046875,309.4732971191406,0.9621415138244629,1276.3265380859375,397.47308349609375,0.9484135508537292,1367.4202880859375,521.8797607421875,0.9755995273590088,1206.938720703125,492.0352478027344,0.964231550693512,1238.9227294921875,578.1993408203125,0.8876657485961914
647,1397.9205322265625,308.95452880859375,0.9608708620071411,1274.1932373046875,396.43218994140625,0.9599778652191162,1365.855712890625,520.315673828125,0.9816021919250488,1204.3985595703125,491.159423828125,0.9740804433822632,1235.15234375,577.722900390625,0.8930301666259766
648,1397.5494384765625,308.7928466796875,0.9512198567390442,1272.8536376953125,395.2840881347656,0.9530303478240967,1364.35009765625,519.1876220703125,0.9837504625320435,1202.2254638671875,491.2067565917969,0.9590249061584473,1232.8270263671875,578.647216796875,0.8935085535049438
649,1396.391845703125,307.7450256347656,0.9695185422897339,1271.0150146484375,394.43975830078125,0.9475971460342407,1362.86474609375,519.0607299804688,0.9815365076065063,1198.65380859375,490.10870361328125,0.974746823310852,1229.8692626953125,579.0087280273438,0.8621712923049927
650,1395.5191650390625,307.46337890625,0.9669368267059326,1269.7325439453125,393.30126953125,0.957912266254425,1360.467529296875,517.9365844726562,0.9724193811416626,1196.4053955078125,490.4095153808594,0.9727192521095276,1226.4327392578125,578.4751586914062,0.8731224536895752
651,1394.32958984375,307.1296691894531,0.9693814516067505,1268.468017578125,392.5094909667969,0.9585390090942383,1357.7349853515625,517.5551147460938,0.9718189835548401,1193.9320068359375,489.9515686035156,0.9655139446258545,1221.267822265625,576.4854736328125,0.8874345421791077
652,1393.8978271484375,306.96710205078125,0.9656445980072021,1267.192626953125,392.093505859375,0.9575268030166626,1356.030029296875,518.0972900390625,0.9697369337081909,1191.400146484375,489.4339904785156,0.9478046894073486,1218.013427734375,576.233642578125,0.883530855178833
653,1393.2947998046875,306.71002197265625,0.9604715704917908,1266.0848388671875,392.28857421875,0.9426734447479248,1353.7164306640625,517.8621215820312,0.9731238484382629,1187.166015625,488.09039306640625,0.9637109041213989,1214.629150390625,577.0838012695312,0.9096882343292236
654,1392.8658447265625,306.82598876953125,0.9648098349571228,1265.046630859375,391.7637634277344,0.9244655966758728,1351.7547607421875,518.23486328125,0.9771576523780823,1184.6214599609375,487.7129821777344,0.9638049602508545,1211.30029296875,576.3510131835938,0.9017491936683655
655,1392.328857421875,306.8073425292969,0.9513301849365234,1262.680908203125,390.01812744140625,0.9218864440917969,1350.011962890625,517.228271484375,0.9858008623123169,1181.9237060546875,486.3630065917969,0.977002739906311,1204.9915771484375,573.7609252929688,0.890933632850647
656,1391.853515625,307.06298828125,0.948250412940979,1261.665283203125,389.4734802246094,0.9253199100494385,1348.7803955078125,517.2466430664062,0.9848612546920776,1179.7523193359375,485.5298767089844,0.973231852054596,1201.931640625,574.8333740234375,0.8968474864959717
657,1391.3734130859375,307.29925537109375,0.9496761560440063,1261.0390625,389.20648193359375,0.9380117058753967,1347.6234130859375,517.1400146484375,0.9842379093170166,1177.2515869140625,484.8499450683594,0.9647738933563232,1199.1356201171875,576.2356567382812,0.898118257522583
658,1391.25048828125,307.4794616699219,0.9448626041412354,1260.551025390625,388.66070556640625,0.9416873455047607,1346.4425048828125,517.1683959960938,0.9826961159706116,1176.363525390625,485.7123718261719,0.9525986909866333,1196.22607421875,574.9474487304688,0.8874502182006836
659,1389.0201416015625,307.1051940917969,0.9436215162277222,1259.9779052734375,388.3016052246094,0.9405306577682495,1345.329833984375,516.7509765625,0.9822597503662109,1174.3497314453125,483.13531494140625,0.9229902625083923,1191.1715087890625,573.33544921875,0.8569849729537964
660,1388.77001953125,307.5469055175781,0.9412920475006104,1259.3082275390625,388.0341796875,0.943833589553833,1344.0711669921875,516.778564453125,0.9790635108947754,1172.3538818359375,481.57110595703125,0.9060607552528381,1187.6156005859375,573.1143188476562,0.9082943201065063
661,1388.222900390625,307.33660888671875,0.936755359172821,1259.2115478515625,387.4369812011719,0.9537714719772339,1342.60205078125,516.1619873046875,0.9770618677139282,1167.9764404296875,480.9874572753906,0.9527507424354553,1184.7513427734375,573.2755126953125,0.8963141441345215
662,1388.3525390625,307.4037780761719,0.9372576475143433,1259.0218505859375,387.3466491699219,0.9546579122543335,1341.585693359375,515.759521484375,0.9787828326225281,1165.9234619140625,478.744873046875,0.9527449607849121,1181.826904296875,572.6854858398438,0.861609697341919
663,1388.217041015625,307.2726135253906,0.9341484904289246,1258.92431640625,386.9783630371094,0.9569987654685974,1340.7418212890625,515.6373291015625,0.9818824529647827,1164.550537109375,477.9932556152344,0.9690425395965576,1178.2119140625,573.263427734375,0.9128506183624268
664,1388.1483154296875,307.47845458984375,0.9430849552154541,1258.5865478515625,386.29254150390625,0.960756778717041,1339.9425048828125,515.5227661132812,0.9823271036148071,1162.361083984375,477.6594543457031,0.9613393545150757,1173.5882568359375,572.265625,0.8922580480575562
665,1388.3963623046875,307.3428649902344,0.9372789859771729,1258.971923828125,385.8047790527344,0.9601125121116638,1339.364013671875,515.0189208984375,0.9854252934455872,1160.7659912109375,476.82586669921875,0.9519146084785461,1169.7864990234375,573.0970458984375,0.9305295348167419
666,1388.853271484375,307.50286865234375,0.938468337059021,1258.9820556640625,384.8632507324219,0.9608905911445618,1338.8013916015625,514.7323608398438,0.984004020690918,1158.7137451171875,475.158203125,0.9489961862564087,1166.882080078125,571.8851928710938,0.8858455419540405
667,1388.7840576171875,307.2193908691406,0.9296629428863525,1259.3890380859375,384.5165100097656,0.9604074954986572,1338.315673828125,514.583740234375,0.9854192733764648,1157.2979736328125,474.1861877441406,0.967046320438385,1164.0250244140625,571.5814819335938,0.9134387373924255
668,1391.29296875,308.0050964355469,0.9360916614532471,1259.7261962890625,383.867431640625,0.961860179901123,1337.36181640625,514.2117309570312,0.9847491979598999,1155.429443359375,473.8849792480469,0.9649428725242615,1159.160400390625,567.0860595703125,0.8649786114692688
669,1391.9918212890625,307.4714660644531,0.940421462059021,1260.044921875,384.04193115234375,0.9667163491249084,1337.4322509765625,513.5125122070312,0.9859827756881714,1154.013427734375,473.2596435546875,0.9658893942832947,1157.4129638671875,571.9095458984375,0.9011751413345337
670,1392.5726318359375,307.3313293457031,0.9494931697845459,1260.4228515625,383.4051818847656,0.9642124176025391,1337.299560546875,513.0638427734375,0.9860308170318604,1153.086181640625,473.56719970703125,0.9741737246513367,1153.479248046875,571.8440551757812,0.9268248081207275
671,1393.6114501953125,307.27593994140625,0.9532790184020996,1261.0516357421875,383.396484375,0.9599277973175049,1336.9527587890625,512.5408325195312,0.9845024943351746,1152.157958984375,473.1786193847656,0.9768104553222656,1150.4002685546875,572.3522338867188,0.8978472352027893
672,1393.8446044921875,307.82647705078125,0.9435106515884399,1261.371337890625,383.69793701171875,0.9613072872161865,1336.4775390625,512.8841552734375,0.981855034828186,1150.5,473.40240478515625,0.9826883673667908,1146.72998046875,571.4358520507812,0.8783432245254517
673,1394.20361328125,307.9194641113281,0.9551440477371216,1261.54833984375,383.7052307128906,0.9604011178016663,1336.1356201171875,512.6688232421875,0.9793115854263306,1148.1710205078125,473.65234375,0.9791737794876099,1142.5736083984375,572.1935424804688,0.8934194445610046
674,1394.5640869140625,309.0358581542969,0.9604700803756714,1261.8634033203125,383.9935302734375,0.9506593942642212,1335.901611328125,512.586669921875,0.9773781299591064,1146.245361328125,473.7759704589844,0.9711999893188477,1139.0172119140625,571.5692749023438,0.92534339427948
675,1394.379638671875,309.5536804199219,0.9632079601287842,1262.0989990234375,384.3599853515625,0.9500796794891357,1335.5384521484375,512.5884399414062,0.9762494564056396,1143.9854736328125,474.141357421875,0.9427944421768188,1135.9910888671875,571.5458984375,0.8774418830871582
676,1394.883544921875,310.6655578613281,0.9611009955406189,1261.877685546875,384.1784362792969,0.9558098316192627,1334.439697265625,511.70928955078125,0.9769794940948486,1141.1226806640625,473.4617004394531,0.953444242477417,1133.043212890625,568.2754516601562,0.847579300403595
677,1394.6627197265625,311.6226501464844,0.9535762071609497,1261.72119140625,384.44342041015625,0.957802414894104,1333.8236083984375,511.992431640625,0.9788953065872192,1139.841796875,473.35345458984375,0.9629796743392944,1127.421875,570.7518310546875,0.9012606143951416
678,1394.606689453125,312.5070495605469,0.9605849981307983,1261.9263916015625,385.0518798828125,0.9585016965866089,1334.8912353515625,513.4915161132812,0.9790620803833008,1137.781494140625,473.1581115722656,0.9637728333473206,1124.479248046875,570.72021484375,0.9213712215423584
679,1393.98583984375,312.9419250488281,0.9567919969558716,1261.776611328125,385.45574951171875,0.9590193629264832,1334.341796875,513.9672241210938,0.9803650975227356,1136.0784912109375,472.6315612792969,0.9791750907897949,1120.721923828125,570.4996337890625,0.9257572889328003
680,1393.6185302734375,313.9691467285156,0.9463403224945068,1261.8182373046875,385.8074645996094,0.9608544707298279,1333.7730712890625,514.3298950195312,0.9808148741722107,1134.795166015625,472.6273498535156,0.9804168939590454,1119.087646484375,567.2449340820312,0.8853632807731628
681,1393.132080078125,314.3464050292969,0.955480694770813,1261.1903076171875,386.1152648925781,0.961412787437439,1332.4368896484375,514.4236450195312,0.9795136451721191,1131.7593994140625,473.3630065917969,0.9807977676391602,1114.4951171875,567.0133056640625,0.8842215538024902
682,1392.3515625,315.3053894042969,0.9414268136024475,1261.0506591796875,386.8370361328125,0.9612240195274353,1331.17138671875,514.0400390625,0.9769909381866455,1128.75634765625,473.9324035644531,0.9523757696151733,1110.443603515625,565.5780639648438,0.9214694499969482
683,1391.1727294921875,316.0369567871094,0.933477520942688,1260.502197265625,387.39349365234375,0.9607536792755127,1329.515380859375,514.1061401367188,0.9762210845947266,1124.9285888671875,473.37799072265625,0.9643032550811768,1107.5233154296875,565.7218017578125,0.9317455887794495
684,1388.5753173828125,316.03424072265625,0.9416274428367615,1259.4954833984375,387.9842529296875,0.9701147675514221,1326.614013671875,514.3154296875,0.9680829048156738,1123.098876953125,473.169677734375,0.9701377153396606,1104.5908203125,564.2537841796875,0.9198033809661865
685,1387.880615234375,316.37310791015625,0.9404791593551636,1258.70166015625,388.83770751953125,0.9666327238082886,1324.5283203125,515.0187377929688,0.9764847755432129,1121.0838623046875,473.3004150390625,0.9750080704689026,1100.616943359375,565.5390014648438,0.9203698635101318
686,1387.4090576171875,316.3256530761719,0.9581012725830078,1258.0953369140625,389.4520263671875,0.9633561372756958,1323.287353515625,515.446533203125,0.9812779426574707,1119.8028564453125,473.194580078125,0.9820741415023804,1095.5675048828125,564.2824096679688,0.9132093787193298
687,1386.0869140625,316.3756408691406,0.9396306872367859,1256.75830078125,390.94879150390625,0.9550966024398804,1321.7025146484375,515.2499389648438,0.9840416312217712,1118.1795654296875,473.392333984375,0.9812864065170288,1092.662841796875,564.400634765625,0.934321403503418
688,1385.134765625,315.912353515625,0.9393385648727417,1255.5762939453125,389.9869384765625,0.9456698298454285,1319.685546875,515.4215087890625,0.9792995452880859,1115.970458984375,474.0028991699219,0.9781132936477661,1089.5472412109375,563.3718872070312,0.917400598526001
689,1382.610107421875,316.1545104980469,0.9503806829452515,1254.608642578125,390.0249938964844,0.9526571035385132,1318.966552734375,514.4601440429688,0.9842653274536133,1113.513427734375,474.4803161621094,0.9659401178359985,1085.70166015625,563.522216796875,0.893905520439148
690,1381.522705078125,315.3712463378906,0.9579849243164062,1254.2156982421875,390.0989990234375,0.9538933038711548,1318.10009765625,513.749267578125,0.9800360202789307,1110.0345458984375,473.8721618652344,0.9589346647262573,1079.06640625,562.5609741210938,0.9420626759529114
691,1380.51513671875,314.4457702636719,0.9672437906265259,1252.9815673828125,390.0575866699219,0.9576833844184875,1316.4451904296875,511.0987548828125,0.9824237823486328,1108.007568359375,473.5356140136719,0.9769265651702881,1076.4393310546875,562.9080810546875,0.928756594657898
692,1379.15869140625,313.5863037109375,0.9559766054153442,1252.173583984375,389.2758483886719,0.9439024329185486,1315.72314453125,510.1885681152344,0.9820727109909058,1106.6513671875,473.9271240234375,0.9721310138702393,1071.4471435546875,560.7698974609375,0.893173098564148
693,1378.6602783203125,312.7352294921875,0.9709823131561279,1250.56640625,388.4364929199219,0.9296324849128723,1315.0361328125,509.40692138671875,0.9855886697769165,1105.099609375,473.6513366699219,0.9683862328529358,1067.7454833984375,561.4780883789062,0.9243566989898682
694,1378.206787109375,311.8336486816406,0.9694758653640747,1248.051513671875,387.2957763671875,0.9334138631820679,1314.0980224609375,508.43682861328125,0.9817261695861816,1104.1265869140625,473.66400146484375,0.9688922166824341,1062.1488037109375,559.634033203125,0.9492641687393188
695,1377.534912109375,310.8634033203125,0.9747706055641174,1247.0560302734375,386.2540588378906,0.942903995513916,1313.0616455078125,507.7550048828125,0.9798246026039124,1103.0733642578125,473.639892578125,0.9770256876945496,1059.0726318359375,559.0438842773438,0.935767412185669
696,1377.444091796875,309.4822998046875,0.968146562576294,1246.497802734375,385.2691955566406,0.9482890367507935,1312.3720703125,507.1798400878906,0.974653959274292,1102.2242431640625,473.5142517089844,0.9722521305084229,1057.2000732421875,558.5010375976562,0.9100238680839539
697,1376.1221923828125,309.02691650390625,0.972254753112793,1246.1168212890625,383.8589782714844,0.9500414133071899,1311.2681884765625,506.35894775390625,0.9704074263572693,1102.18115234375,473.424560546875,0.9689661264419556,1053.94873046875,557.1478881835938,0.9423534870147705
698,1374.3687744140625,307.4959411621094,0.9614710807800293,1245.5201416015625,382.9698486328125,0.9577736258506775,1311.4736328125,505.623779296875,0.9707115888595581,1101.8251953125,473.8265686035156,0.9676965475082397,1049.443359375,556.6727905273438,0.9411298036575317
699,1373.483154296875,306.0248718261719,0.9622370004653931,1245.226318359375,382.25274658203125,0.9667606949806213,1311.04248046875,504.8692626953125,0.9693068265914917,1101.7818603515625,474.2800598144531,0.966113269329071,1047.2286376953125,555.0784912109375,0.9320985078811646
700,1373.4327392578125,303.83160400390625,0.9527065753936768,1243.8890380859375,381.7453308105469,0.9661660194396973,1311.0152587890625,504.5517578125,0.9655522108078003,1101.846923828125,474.74981689453125,0.9703487753868103,1045.2794189453125,553.0953369140625,0.9176971912384033
701,1371.5875244140625,301.8523864746094,0.9547003507614136,1243.4234619140625,381.60595703125,0.958077073097229,1311.620849609375,503.7664489746094,0.9639820456504822,1102.763671875,475.1654052734375,0.9645768404006958,1043.250244140625,549.2186889648438,0.9386433362960815
702,1370.4677734375,300.63494873046875,0.9596259593963623,1243.3466796875,381.0126953125,0.9589568376541138,1311.9842529296875,503.0948791503906,0.9705779552459717,1105.0865478515625,475.86065673828125,0.9605900645256042,1041.650634765625,546.8455810546875,0.9292536973953247
703,1369.62451171875,299.7467346191406,0.9592684507369995,1241.743408203125,380.5290832519531,0.9589535593986511,1312.137451171875,503.04534912109375,0.9756097793579102,1107.2216796875,476.7557067871094,0.9472876787185669,1038.7562255859375,547.6161499023438,0.9293811321258545
704,1368.4951171875,299.2738342285156,0.9502040147781372,1241.28955078125,380.1264343261719,0.9572414755821228,1313.4879150390625,502.4929504394531,0.9787040948867798,1109.8798828125,477.9482116699219,0.9384505152702332,1036.5054931640625,545.6146240234375,0.9149696826934814
705,1366.3818359375,299.4152526855469,0.9468690156936646,1240.7354736328125,380.17449951171875,0.9538424015045166,1314.21875,502.4447326660156,0.9814552068710327,1113.9404296875,480.6651611328125,0.9455355405807495,1034.0460205078125,541.7625122070312,0.8734676837921143
706,1364.989501953125,299.09417724609375,0.9546951055526733,1240.5635986328125,380.046630859375,0.9569109678268433,1316.1978759765625,502.3111877441406,0.9845569133758545,1117.7384033203125,482.33648681640625,0.9681285619735718,1031.970947265625,538.6435546875,0.9044168591499329
707,1363.961669921875,298.1873779296875,0.9470336437225342,1240.71484375,380.5228576660156,0.9536464214324951,1317.30322265625,503.1224670410156,0.9839015603065491,1121.774658203125,484.4873352050781,0.9419199228286743,1031.4337158203125,537.7635498046875,0.9222915172576904
708,1363.2852783203125,298.4954833984375,0.9513933658599854,1241.87890625,380.3775329589844,0.9571715593338013,1318.9549560546875,504.3436584472656,0.9718339443206787,1126.1219482421875,484.0241394042969,0.9314197301864624,1035.2757568359375,534.9258422851562,0.9139013290405273
709,1362.2723388671875,298.1208801269531,0.9511546492576599,1242.331787109375,380.8093566894531,0.9596759080886841,1322.039306640625,504.4640197753906,0.971306324005127,1130.15673828125,483.16162109375,0.9613676071166992,1036.4210205078125,534.75927734375,0.9223570823669434
710,1361.939697265625,298.3035583496094,0.9373468160629272,1242.4459228515625,381.37152099609375,0.954177975654602,1323.5010986328125,504.6475524902344,0.9655280113220215,1133.3551025390625,481.9891662597656,0.9659174680709839,1038.3743896484375,534.9644165039062,0.8936989307403564
711,1361.1719970703125,298.3570251464844,0.9388866424560547,1242.6890869140625,381.4323425292969,0.9651235342025757,1324.07080078125,504.2641296386719,0.9648350477218628,1136.359130859375,481.16693115234375,0.9268749952316284,1042.88818359375,532.4256591796875,0.9068307876586914
712,1361.005859375,298.3571472167969,0.9357069730758667,1242.994873046875,381.6192932128906,0.9639220237731934,1326.9259033203125,504.2554931640625,0.9679200649261475,1141.33154296875,477.764404296875,0.9339411854743958,1047.3106689453125,531.2124633789062,0.8885560035705566
713,1360.80712890625,298.56884765625,0.93450927734375,1243.0506591796875,381.45770263671875,0.9627389907836914,1328.205322265625,504.2661437988281,0.9775807857513428,1144.62939453125,476.75238037109375,0.9377468824386597,1052.6358642578125,531.405517578125,0.8759751915931702
714,1360.47119140625,299.15625,0.948701024055481,1243.191650390625,381.804443359375,0.9576882123947144,1330.2545166015625,504.2750549316406,0.9828060865402222,1147.7335205078125,474.02545166015625,0.9696176052093506,1062.406005859375,529.4995727539062,0.8732731342315674
715,1360.5692138671875,299.33740234375,0.9483528733253479,1243.4947509765625,381.57366943359375,0.9608254432678223,1331.9158935546875,504.55364990234375,0.9820636510848999,1150.3779296875,471.62176513671875,0.9694570899009705,1071.693359375,532.4098510742188,0.8897266387939453
716,1360.507568359375,299.6356201171875,0.9473625421524048,1243.71533203125,382.1444396972656,0.9671062231063843,1333.241943359375,504.7901306152344,0.9785953164100647,1152.34326171875,469.2723693847656,0.9730275273323059,1079.4459228515625,534.6361083984375,0.8816559314727783
717,1360.7352294921875,300.3399353027344,0.955973744392395,1243.7620849609375,381.9591064453125,0.9641317129135132,1333.595703125,505.2769775390625,0.9834656715393066,1153.8692626953125,467.71783447265625,0.958185613155365,1089.54248046875,538.4791870117188,0.9100707769393921
718,1360.828369140625,300.3918762207031,0.9524120092391968,1244.037841796875,381.82452392578125,0.9638900756835938,1334.741455078125,505.8406982421875,0.9816630482673645,1158.0303955078125,465.26593017578125,0.9461629390716553,1101.1925048828125,540.7640991210938,0.9576263427734375
719,1361.1451416015625,300.8843078613281,0.9557486176490784,1244.6422119140625,382.0362243652344,0.96673983335495,1335.54736328125,506.40093994140625,0.9816319942474365,1159.622314453125,463.104248046875,0.9521245956420898,1109.5753173828125,545.8345947265625,0.9286975860595703
720,1361.163330078125,301.2144775390625,0.9580460786819458,1244.7744140625,382.28076171875,0.9673391580581665,1336.7396240234375,506.80987548828125,0.972283124923706,1162.2333984375,461.3810729980469,0.9778109788894653,1123.303955078125,546.9342651367188,0.9549551010131836
721,1361.383056640625,301.5411682128906,0.95795738697052,1245.400390625,382.1749572753906,0.9686770439147949,1337.290771484375,506.6581115722656,0.976122260093689,1165.23779296875,459.3360900878906,0.9887985587120056,1131.0968017578125,551.3924560546875,0.9052872657775879
722,1361.726806640625,301.5840148925781,0.9625095129013062,1245.924072265625,382.1219177246094,0.9622515439987183,1339.4090576171875,505.95379638671875,0.9661105871200562,1167.4329833984375,457.626220703125,0.9895775318145752,1141.2607421875,558.5797119140625,0.9185992479324341
723,1362.368408203125,301.9784240722656,0.9618517160415649,1246.852294921875,381.6819152832031,0.9586396217346191,1340.908935546875,505.3368225097656,0.9523284435272217,1169.7340087890625,457.00726318359375,0.9845378398895264,1152.8231201171875,557.7855834960938,0.8560205101966858
724,1363.652587890625,302.3162841796875,0.9696441888809204,1249.7899169921875,383.0701599121094,0.959611713886261,1343.49853515625,504.6377258300781,0.9618890881538391,1172.1346435546875,456.35784912109375,0.9854980707168579,1159.604736328125,557.7202758789062,0.7621445655822754
725,1364.6290283203125,302.303955078125,0.9637234210968018,1250.7978515625,382.48724365234375,0.9510830640792847,1345.3223876953125,504.243408203125,0.9741866588592529,1176.580078125,456.584228515625,0.977142333984375,1171.5860595703125,557.5760498046875,0.8228805065155029
726,1365.741455078125,302.19085693359375,0.9560830593109131,1252.5069580078125,381.73114013671875,0.9573463201522827,1347.291748046875,504.33099365234375,0.9795633554458618,1180.3514404296875,456.14892578125,0.9841834306716919,1178.86767578125,556.6807861328125,0.8108004331588745
727,1366.298828125,301.91558837890625,0.9574435949325562,1253.7435302734375,381.0924377441406,0.952900767326355,1348.9305419921875,504.0617980957031,0.9800989627838135,1181.8206787109375,455.3497314453125,0.9879200458526611,1187.5748291015625,559.4862060546875,0.8590115308761597
728,1367.4554443359375,301.7594909667969,0.9530050754547119,1255.239990234375,380.39984130859375,0.9520848989486694,1350.8524169921875,504.2143249511719,0.9770127534866333,1185.0950927734375,455.1463928222656,0.9823732376098633,1199.352294921875,550.7146606445312,0.675378680229187
729,1368.0843505859375,301.2964782714844,0.938348650932312,1256.615234375,379.9832458496094,0.9408767223358154,1353.93603515625,503.91192626953125,0.9694756269454956,1188.914306640625,455.1199645996094,0.9781601428985596,1205.33251953125,555.1563720703125,0.8325644135475159
730,1369.838134765625,300.08526611328125,0.9416258335113525,1257.7244873046875,379.631591796875,0.935778796672821,1356.70703125,502.1629943847656,0.9742547273635864,1191.6502685546875,455.0926818847656,0.9777697324752808,1214.906494140625,548.893798828125,0.7370898127555847
731,1370.204833984375,299.7278747558594,0.9462685585021973,1258.431884765625,379.2241516113281,0.9321928024291992,1359.472900390625,501.11761474609375,0.9742692708969116,1195.7928466796875,457.03204345703125,0.9838575124740601,1222.823486328125,546.9678955078125,0.7373796701431274
732,1369.9736328125,298.7060241699219,0.9377515316009521,1258.826416015625,378.890869140625,0.943859875202179,1362.0218505859375,499.8623962402344,0.9797842502593994,1199.167724609375,457.3228759765625,0.9830185174942017,1233.779296875,548.8319702148438,0.892333984375
733,1370.076171875,298.2976379394531,0.9391058683395386,1258.98095703125,378.76556396484375,0.9507726430892944,1363.788818359375,498.54937744140625,0.9779890775680542,1200.462890625,457.91387939453125,0.9815270900726318,1239.840087890625,545.96240234375,0.7906789779663086
734,1370.5245361328125,297.8100280761719,0.9488924145698547,1259.514892578125,378.6075439453125,0.9503097534179688,1365.8319091796875,498.18280029296875,0.9734424948692322,1202.3201904296875,457.6842956542969,0.9829933643341064,1249.86767578125,546.1806030273438,0.8498179912567139
735,1370.0662841796875,297.4341735839844,0.9344242811203003,1260.1436767578125,378.23504638671875,0.9455536603927612,1368.5819091796875,496.6027526855469,0.9713913202285767,1205.369384765625,459.6632995605469,0.9812110066413879,1259.5799560546875,549.3155517578125,0.7898813486099243
736,1370.026611328125,296.8883056640625,0.9406980276107788,1261.041259765625,377.9310607910156,0.9489960670471191,1370.508056640625,496.0101623535156,0.9739358425140381,1209.83642578125,464.84173583984375,0.962626039981842,1265.816650390625,545.6834106445312,0.8469836711883545
737,1369.53955078125,295.6720275878906,0.9465936422348022,1264.0782470703125,377.9178466796875,0.9467319250106812,1371.2119140625,493.1918029785156,0.9611425399780273,1210.7513427734375,466.9705505371094,0.9780451059341431,1270.755859375,546.2453002929688,0.8471304178237915
738,1370.6116943359375,295.31170654296875,0.9648500680923462,1264.3218994140625,377.5452575683594,0.9507202506065369,1374.4959716796875,492.0449523925781,0.9671638011932373,1213.394287109375,469.9393615722656,0.9781971573829651,1279.2808837890625,546.93798828125,0.754043698310852
739,1370.5538330078125,294.4114685058594,0.9640790224075317,1264.3443603515625,377.1917419433594,0.9550875425338745,1377.2799072265625,491.1448974609375,0.981932520866394,1215.9493408203125,473.121826171875,0.9717894792556763,1283.24755859375,546.1346435546875,0.8493219614028931
740,1371.4765625,293.6610412597656,0.9707416296005249,1264.8387451171875,376.7095031738281,0.9476467370986938,1379.273681640625,490.47625732421875,0.9850027561187744,1219.4173583984375,475.4404296875,0.9779976010322571,1286.27490234375,545.075927734375,0.7915771007537842
741,1371.441650390625,292.74212646484375,0.9718939661979675,1265.5416259765625,376.82281494140625,0.9527578353881836,1381.602294921875,489.65167236328125,0.9865429401397705,1222.975341796875,480.5626525878906,0.9620503187179565,1294.129150390625,547.9067993164062,0.8337222933769226
742,1372.2666015625,292.22344970703125,0.9743969440460205,1266.684326171875,376.46856689453125,0.951446533203125,1383.1409912109375,489.7361755371094,0.9832743406295776,1227.0299072265625,487.38525390625,0.9772578477859497,1298.11572265625,546.2265014648438,0.9070359468460083
743,1373.0731201171875,291.6059265136719,0.9805320501327515,1268.148681640625,376.74786376953125,0.9555087089538574,1385.7147216796875,489.649169921875,0.9778349995613098,1229.5643310546875,491.00384521484375,0.9770318269729614,1301.3785400390625,545.4666748046875,0.891045868396759
744,1374.79150390625,291.92437744140625,0.9760300517082214,1269.0859375,376.6596374511719,0.9574164152145386,1388.77880859375,488.7468566894531,0.9641416072845459,1231.958740234375,496.1856689453125,0.9496488571166992,1307.4935302734375,547.3828735351562,0.9100371599197388
745,1374.6561279296875,291.3270263671875,0.978498101234436,1269.6212158203125,377.048095703125,0.9558806419372559,1392.4083251953125,487.9658203125,0.9683924913406372,1239.5440673828125,500.85626220703125,0.9719135761260986,1312.6552734375,548.4732055664062,0.8830909729003906
746,1374.9649658203125,291.5413818359375,0.9756741523742676,1270.0450439453125,377.9886474609375,0.9624119400978088,1394.4251708984375,487.4035339355469,0.9726567268371582,1243.100341796875,506.75042724609375,0.9805387258529663,1316.5919189453125,547.9819946289062,0.8911558389663696
747,1374.445556640625,291.6721496582031,0.9794981479644775,1270.805908203125,379.4444274902344,0.9582383632659912,1396.2379150390625,487.30511474609375,0.9788767099380493,1247.190673828125,511.5285949707031,0.9620488286018372,1323.0987548828125,549.3433227539062,0.9069345593452454
748,1374.6746826171875,291.8011169433594,0.9780839681625366,1273.149169921875,380.1905517578125,0.9533212184906006,1397.50439453125,488.21728515625,0.9739806652069092,1254.326171875,515.4686279296875,0.9679463505744934,1328.0765380859375,549.8735961914062,0.8132089376449585
749,1373.958740234375,292.25238037109375,0.9779284596443176,1273.012451171875,381.6148681640625,0.9569541215896606,1399.3175048828125,488.12451171875,0.9617289900779724,1255.56689453125,520.728515625,0.9650744199752808,1329.346435546875,551.1957397460938,0.8295394778251648
750,1372.638671875,293.3321533203125,0.9762324094772339,1273.4844970703125,383.248291015625,0.9627569913864136,1401.3609619140625,489.0164489746094,0.9644325971603394,1261.3223876953125,525.2025756835938,0.9641211628913879,1334.8194580078125,555.5265502929688,0.8710514903068542
751,1372.173095703125,294.0739440917969,0.9655753970146179,1274.79052734375,385.6000671386719,0.9619332551956177,1402.3997802734375,489.8515930175781,0.9553948640823364,1267.0845947265625,529.3370361328125,0.962165117263794,1341.0408935546875,561.217041015625,0.8881011009216309
752,1372.922607421875,295.1722412109375,0.9722986221313477,1275.1893310546875,387.94036865234375,0.957674503326416,1403.1304931640625,490.7509460449219,0.9671646356582642,1269.06201171875,532.1665649414062,0.969361424446106,1344.8873291015625,563.7943725585938,0.9195477962493896
753,1373.2174072265625,296.201904296875,0.9648120403289795,1275.3563232421875,391.6056213378906,0.9474911689758301,1403.1488037109375,492.1520080566406,0.9636846780776978,1270.5755615234375,536.883544921875,0.9642308950424194,1345.4017333984375,565.5634155273438,0.8953585624694824
754,1373.413330078125,297.95025634765625,0.9687119126319885,1274.026123046875,392.9728698730469,0.9620027542114258,1403.0274658203125,493.4072265625,0.9651110172271729,1274.920654296875,542.0809326171875,0.9527125954627991,1348.85693359375,573.8327026367188,0.8680574893951416
755,1374.171630859375,299.3002624511719,0.9635779857635498,1274.18359375,395.0564880371094,0.9601496458053589,1404.8956298828125,497.6704406738281,0.9714882373809814,1274.7958984375,545.6820068359375,0.9795860052108765,1350.4287109375,577.8760986328125,0.9234058856964111
756,1375.800048828125,301.9662780761719,0.9690704345703125,1274.1466064453125,397.3741149902344,0.9611506462097168,1404.2685546875,500.45501708984375,0.9722068905830383,1273.9444580078125,547.75341796875,0.9712954759597778,1353.974365234375,579.7646484375,0.9051408767700195
757,1375.0906982421875,303.76983642578125,0.9677377939224243,1275.760498046875,399.7862548828125,0.9507979154586792,1402.8270263671875,503.6514587402344,0.9637607336044312,1271.8819580078125,547.3850708007812,0.9649115800857544,1353.1939697265625,580.716064453125,0.9015216827392578
758,1374.2835693359375,305.7252197265625,0.9737246036529541,1275.359619140625,401.5265197753906,0.9599511623382568,1399.7022705078125,506.46728515625,0.9761875867843628,1268.8887939453125,546.8684692382812,0.965080738067627,1347.03271484375,579.910888671875,0.9247890710830688
759,1373.9423828125,308.6776123046875,0.9766552448272705,1274.817626953125,403.5155944824219,0.9634166955947876,1398.868408203125,507.95611572265625,0.9756088256835938,1262.2376708984375,547.190673828125,0.9814714193344116,1340.1531982421875,579.5225830078125,0.8996797800064087
760,1373.42578125,309.96490478515625,0.9766422510147095,1273.2841796875,405.5263977050781,0.9349545836448669,1396.50244140625,510.8081970214844,0.9678018093109131,1258.8704833984375,547.0926513671875,0.9811322093009949,1339.9639892578125,581.7027587890625,0.8992772102355957
761,1372.52978515625,311.5537414550781,0.962158203125,1271.427734375,407.9908752441406,0.9382250905036926,1394.337890625,514.7965087890625,0.9722535014152527,1256.98828125,547.228759765625,0.9669637680053711,1333.614501953125,580.037353515625,0.8946192264556885
762,1372.9163818359375,314.52020263671875,0.9556412696838379,1270.13623046875,408.702392578125,0.9440536499023438,1390.6678466796875,515.82373046875,0.9613063335418701,1254.429931640625,545.8858032226562,0.9597839117050171,1330.346435546875,580.2825317382812,0.924348771572113
763,1372.3511962890625,315.16766357421875,0.956230878829956,1268.886962890625,409.5611267089844,0.9620052576065063,1389.0892333984375,517.9588623046875,0.9646614789962769,1252.18212890625,544.928955078125,0.9607951045036316,1327.8712158203125,580.553955078125,0.906510055065155
764,1371.6529541015625,316.139404296875,0.9570443630218506,1267.4239501953125,410.47943115234375,0.9657954573631287,1386.1944580078125,519.310546875,0.9751148223876953,1245.7010498046875,543.9573974609375,0.9642398357391357,1322.903564453125,581.0767211914062,0.8950744867324829
765,1371.0478515625,317.04412841796875,0.9533026814460754,1265.1868896484375,410.5408935546875,0.955459475517273,1382.4678955078125,520.130615234375,0.9788885116577148,1243.36962890625,542.9027709960938,0.9617456197738647,1317.3924560546875,580.3053588867188,0.8877749443054199
766,1368.5806884765625,318.0591735839844,0.9547608494758606,1261.56982421875,410.1999206542969,0.9543088674545288,1380.7830810546875,520.3484497070312,0.9772171974182129,1238.3709716796875,539.7169189453125,0.9726202487945557,1313.724365234375,580.7344970703125,0.9231113791465759
767,1367.185791015625,318.50628662109375,0.9626492857933044,1259.86279296875,409.7079162597656,0.9548559188842773,1379.035400390625,519.9762573242188,0.9737693071365356,1236.41796875,538.7743530273438,0.9789562821388245,1308.589111328125,580.4458618164062,0.9351928234100342
768,1365.1270751953125,317.4153137207031,0.9641926288604736,1258.9327392578125,408.6578369140625,0.9614676237106323,1376.04541015625,520.4735107421875,0.9622781276702881,1234.2286376953125,537.585205078125,0.974940836429596,1306.5819091796875,581.2578735351562,0.9314523935317993
769,1364.2789306640625,316.864990234375,0.9649695158004761,1257.314208984375,407.7053527832031,0.9409346580505371,1372.90185546875,520.654052734375,0.9668024778366089,1231.4000244140625,537.2670288085938,0.9702378511428833,1302.1187744140625,580.6044311523438,0.9031412601470947
770,1363.9228515625,316.2257080078125,0.9765475988388062,1256.5076904296875,407.1502380371094,0.9376097321510315,1370.1531982421875,520.4403076171875,0.9766378402709961,1229.483154296875,536.7921752929688,0.9752708673477173,1299.2552490234375,580.8404541015625,0.9267800450325012
771,1363.1962890625,315.4131774902344,0.9734777212142944,1255.7188720703125,405.9521484375,0.930860698223114,1367.7786865234375,520.178955078125,0.9687693119049072,1226.380859375,533.9371337890625,0.9745306968688965,1297.4971923828125,580.8726806640625,0.9295340180397034
772,1362.80029296875,314.37982177734375,0.9714183807373047,1253.8433837890625,405.0519714355469,0.9389823079109192,1365.32763671875,519.1097412109375,0.9821459650993347,1223.16064453125,530.9940795898438,0.9659996032714844,1292.613037109375,580.3903198242188,0.9384092092514038
773,1362.329345703125,313.75433349609375,0.9587416648864746,1252.75146484375,403.78985595703125,0.9358810186386108,1363.685302734375,518.2019653320312,0.9802044630050659,1221.1854248046875,529.9641723632812,0.9659390449523926,1290.084716796875,582.0309448242188,0.8819925785064697
774,1361.4857177734375,312.4380798339844,0.9618268013000488,1251.285400390625,402.640625,0.9340723752975464,1361.844482421875,517.4741821289062,0.9766191244125366,1215.5625,528.1958618164062,0.9621258974075317,1284.5489501953125,580.8348999023438,0.9268381595611572
775,1361.27490234375,311.4214782714844,0.9733563661575317,1250.2667236328125,401.40277099609375,0.9424738883972168,1359.5015869140625,516.8358764648438,0.9630034565925598,1213.5201416015625,526.7401733398438,0.9596651792526245,1281.6336669921875,581.8143310546875,0.9120614528656006
776,1360.4005126953125,310.3614196777344,0.9710938334465027,1247.27197265625,399.6653747558594,0.9322073459625244,1356.4476318359375,515.3521118164062,0.9734534621238708,1210.438232421875,525.307373046875,0.9673899412155151,1275.2640380859375,580.7205200195312,0.9251793622970581
777,1360.1590576171875,309.4221496582031,0.9691067934036255,1246.4810791015625,398.58087158203125,0.948611855506897,1353.9940185546875,515.0927124023438,0.97951340675354,1207.0184326171875,522.7219848632812,0.9706993103027344,1271.0032958984375,579.2205200195312,0.9175373315811157
778,1357.697265625,307.00738525390625,0.9713265895843506,1244.716064453125,397.5264892578125,0.9558925628662109,1351.51220703125,515.3076782226562,0.978495717048645,1203.8751220703125,521.3592529296875,0.9742676019668579,1269.38525390625,578.7455444335938,0.9412823915481567
779,1357.37548828125,305.4996032714844,0.9623115062713623,1243.816650390625,396.4263000488281,0.9649748206138611,1350.107421875,514.5691528320312,0.974736213684082,1202.849609375,520.3225708007812,0.9638820886611938,1266.5596923828125,580.3543701171875,0.9549498558044434
780,1356.9229736328125,304.0249938964844,0.9633021354675293,1241.9736328125,395.06494140625,0.9680845737457275,1348.533447265625,513.3496704101562,0.9726415872573853,1199.5677490234375,518.7233276367188,0.9705533385276794,1262.945556640625,580.473388671875,0.9302226305007935
781,1357.850341796875,303.12347412109375,0.959415853023529,1241.190673828125,394.5613708496094,0.9561929702758789,1346.3114013671875,511.0732727050781,0.9718902111053467,1197.9361572265625,517.1307373046875,0.9776113033294678,1259.7083740234375,580.0681762695312,0.9327942132949829
782,1357.1611328125,302.1872253417969,0.9583531618118286,1240.5843505859375,393.6206359863281,0.954593300819397,1344.475341796875,510.5616455078125,0.9701696634292603,1195.283935546875,515.3300170898438,0.9761556386947632,1253.79931640625,577.6390991210938,0.9396948218345642
783,1355.6864013671875,300.9068298339844,0.9398959875106812,1239.7703857421875,392.9334716796875,0.9382054805755615,1342.438720703125,509.79437255859375,0.9627708196640015,1193.9173583984375,513.3697509765625,0.9620678424835205,1250.5404052734375,577.8307495117188,0.9494414925575256
784,1355.2999267578125,300.1462097167969,0.9493071436882019,1238.245361328125,392.10772705078125,0.9325066804885864,1340.6016845703125,509.50921630859375,0.9752849340438843,1190.162109375,510.20166015625,0.9604240655899048,1246.4638671875,578.6593017578125,0.93697190284729
785,1353.1365966796875,299.0286865234375,0.9225465655326843,1237.1397705078125,391.77691650390625,0.9412142038345337,1338.3685302734375,509.4554748535156,0.9773907661437988,1187.922607421875,508.2921142578125,0.9692012667655945,1243.451416015625,577.8734741210938,0.9232622385025024
786,1351.779052734375,299.2077331542969,0.9312295317649841,1236.49755859375,391.46258544921875,0.9320502877235413,1336.9998779296875,508.7703857421875,0.9797362685203552,1185.898681640625,507.29595947265625,0.9644080996513367,1238.5804443359375,575.3895263671875,0.8757697343826294
787,1351.3536376953125,298.229248046875,0.9466422200202942,1235.2979736328125,391.20355224609375,0.9345775842666626,1336.0040283203125,508.43914794921875,0.9786783456802368,1183.2138671875,505.7273864746094,0.9736390709877014,1235.3704833984375,575.5362548828125,0.9185873866081238
788,1351.037109375,297.6869201660156,0.942607581615448,1234.6900634765625,389.9565124511719,0.9229061007499695,1335.0335693359375,507.992919921875,0.9758971929550171,1181.7379150390625,504.1424560546875,0.9795660972595215,1232.0301513671875,576.5482177734375,0.9017728567123413
789,1351.8651123046875,296.13336181640625,0.9480288028717041,1234.09912109375,390.4242858886719,0.9056149125099182,1333.9969482421875,507.564208984375,0.9776163101196289,1179.9322509765625,503.2615051269531,0.9781986474990845,1228.8740234375,575.7593383789062,0.8875723481178284
790,1352.451171875,295.9477233886719,0.9567794799804688,1232.1805419921875,389.06610107421875,0.9094028472900391,1332.3367919921875,507.2314453125,0.9849625825881958,1177.10595703125,500.95928955078125,0.9672530293464661,1222.27197265625,572.1145629882812,0.90279221534729
791,1353.12451171875,295.259033203125,0.9585399627685547,1231.6837158203125,388.11724853515625,0.9123594164848328,1331.5625,506.6734924316406,0.9845516681671143,1176.493408203125,499.58099365234375,0.9550660848617554,1220.2315673828125,572.2566528320312,0.9129769206047058
792,1353.239013671875,294.8179626464844,0.9503326416015625,1231.636474609375,387.2131042480469,0.930160403251648,1330.226806640625,506.505615234375,0.9835482835769653,1174.884033203125,496.724365234375,0.938306987285614,1216.109130859375,572.5709228515625,0.8920721411705017
793,1354.5262451171875,294.5077819824219,0.946879506111145,1231.1820068359375,385.9337158203125,0.9432353973388672,1329.2252197265625,506.15814208984375,0.9820019006729126,1171.367919921875,493.5734558105469,0.9508719444274902,1212.958251953125,571.6718139648438,0.8061395883560181
794,1355.0230712890625,293.77105712890625,0.9538613557815552,1230.9862060546875,384.7283020019531,0.9458310008049011,1328.075927734375,506.07177734375,0.9734702110290527,1167.9678955078125,491.94989013671875,0.9621527194976807,1204.9320068359375,568.0654907226562,0.9090545177459717
795,1356.2652587890625,293.8065490722656,0.943266749382019,1231.6153564453125,383.69146728515625,0.9349592924118042,1327.3868408203125,505.73284912109375,0.9688374996185303,1167.1197509765625,490.3203430175781,0.9730859994888306,1203.7109375,570.5281982421875,0.9156736135482788
796,1357.4783935546875,293.87109375,0.9089789390563965,1230.7244873046875,382.8340148925781,0.9318501949310303,1325.1046142578125,505.9715270996094,0.9639890193939209,1165.64453125,488.96295166015625,0.9775973558425903,1201.523681640625,570.1761474609375,0.8732709884643555
797,1360.1944580078125,293.9881896972656,0.9302620887756348,1230.8818359375,381.6979064941406,0.9456371068954468,1324.1800537109375,505.7840576171875,0.9749180674552917,1163.45849609375,487.6708068847656,0.981021523475647,1197.81982421875,569.6497802734375,0.8505069613456726
798,1361.339111328125,294.0697021484375,0.9387658834457397,1230.70751953125,380.2438659667969,0.9395451545715332,1322.5008544921875,505.4324035644531,0.9763814210891724,1162.23828125,487.48724365234375,0.9737163782119751,1190.7880859375,566.4204711914062,0.8738089799880981
799,1362.4761962890625,294.0068359375,0.9432684779167175,1230.19970703125,378.7339782714844,0.9493725299835205,1321.5582275390625,505.1607666015625,0.981081485748291,1160.2159423828125,486.0046691894531,0.9496332406997681,1188.1888427734375,565.8687744140625,0.9397976398468018
800,1363.524169921875,293.6505432128906,0.9527294635772705,1233.1009521484375,377.9178771972656,0.9425544738769531,1320.3055419921875,504.81866455078125,0.9820302724838257,1158.2467041015625,483.5728759765625,0.9249561429023743,1186.164306640625,566.5144653320312,0.9243708252906799
801,1364.013916015625,293.9898986816406,0.9562801122665405,1232.889892578125,376.9302978515625,0.9379529356956482,1319.408935546875,504.8706359863281,0.9756053686141968,1156.70263671875,481.6455383300781,0.9062368869781494,1181.7984619140625,565.336669921875,0.8953245282173157
802,1366.114013671875,294.0139465332031,0.9471459984779358,1233.095947265625,375.9070739746094,0.9317340850830078,1318.8701171875,504.5502624511719,0.9745470285415649,1152.3883056640625,481.5447998046875,0.9153371453285217,1179.486083984375,566.6878051757812,0.8698598146438599
803,1366.5714111328125,294.57293701171875,0.9332597255706787,1232.916748046875,375.5542907714844,0.9168944358825684,1317.9090576171875,504.0546875,0.9796551465988159,1149.85302734375,479.5379638671875,0.9477971196174622,1173.0877685546875,564.1105346679688,0.943524956703186
804,1367.2559814453125,295.2289123535156,0.9261695146560669,1231.7470703125,373.65106201171875,0.9091493487358093,1317.4674072265625,503.8213195800781,0.9806745052337646,1147.5068359375,478.472900390625,0.9433822631835938,1170.2730712890625,564.0950317382812,0.9508628249168396
805,1367.85986328125,295.5985412597656,0.9373858571052551,1231.7069091796875,373.2887268066406,0.9111127853393555,1316.380615234375,504.0650329589844,0.9825855493545532,1145.1055908203125,477.38995361328125,0.9348399639129639,1166.3475341796875,564.4649047851562,0.9160897135734558
806,1366.537353515625,297.40533447265625,0.94186931848526,1231.5767822265625,373.0321044921875,0.9332503080368042,1315.760498046875,503.9237365722656,0.9868181943893433,1142.237060546875,475.6947021484375,0.92826247215271,1163.8448486328125,564.7263793945312,0.9269237518310547
807,1366.722900390625,298.49847412109375,0.9286736249923706,1231.6260986328125,373.4057922363281,0.9183107614517212,1314.5677490234375,504.1114196777344,0.9867385625839233,1140.5107421875,475.2020568847656,0.9517538547515869,1158.1099853515625,562.7459106445312,0.9419969916343689
808,1367.2808837890625,299.7197570800781,0.9173741340637207,1231.1737060546875,373.40631103515625,0.9202101826667786,1313.561279296875,505.002685546875,0.9853494167327881,1138.41748046875,474.6395263671875,0.9514755010604858,1156.034912109375,562.6499633789062,0.9521795511245728
809,1369.4052734375,299.88677978515625,0.9267901182174683,1231.10595703125,374.02294921875,0.9227287769317627,1312.71484375,505.88397216796875,0.9862431287765503,1135.823974609375,474.38665771484375,0.9666721820831299,1152.3995361328125,561.759033203125,0.9400997161865234
810,1369.964111328125,301.4774169921875,0.911736011505127,1232.2833251953125,376.3052062988281,0.9252194166183472,1311.7281494140625,506.68359375,0.9845112562179565,1134.3372802734375,473.9687805175781,0.9731202125549316,1149.2437744140625,562.21728515625,0.9338772296905518
811,1369.5184326171875,302.14080810546875,0.905595064163208,1232.482177734375,377.36102294921875,0.9392703771591187,1310.8360595703125,507.41015625,0.9751455783843994,1131.5369873046875,474.1579284667969,0.9776747822761536,1145.9969482421875,562.9010620117188,0.9259313941001892
812,1369.657470703125,303.28997802734375,0.8921260833740234,1229.736572265625,377.53021240234375,0.9467930793762207,1310.5045166015625,508.154296875,0.965514063835144,1130.1397705078125,473.8668212890625,0.9730620384216309,1140.672607421875,562.0057373046875,0.9476263523101807
813,1368.410888671875,304.9643859863281,0.9128972887992859,1229.7294921875,378.55902099609375,0.9440456032752991,1309.1314697265625,509.14178466796875,0.973911464214325,1128.0301513671875,473.3939514160156,0.9661452770233154,1137.6021728515625,560.102294921875,0.9476532936096191
814,1368.3983154296875,306.3131408691406,0.940579891204834,1229.7064208984375,379.4434509277344,0.9519203305244446,1308.9072265625,509.225341796875,0.9734146595001221,1125.15673828125,472.24871826171875,0.9642735123634338,1134.998779296875,561.256103515625,0.938998818397522
815,1368.2645263671875,306.949462890625,0.9293302893638611,1229.5855712890625,380.5906677246094,0.9459541440010071,1308.024658203125,509.4176025390625,0.9762169122695923,1123.8153076171875,472.1542053222656,0.9670814275741577,1131.9134521484375,560.9708251953125,0.9183682799339294
816,1367.28125,308.2044982910156,0.9393614530563354,1229.5098876953125,381.13873291015625,0.9419476985931396,1308.025390625,509.680908203125,0.978212833404541,1121.327880859375,472.1838684082031,0.9627995491027832,1127.1444091796875,560.7193603515625,0.9201310276985168
817,1366.5335693359375,308.6698303222656,0.9248145818710327,1229.369140625,381.9219665527344,0.9487690925598145,1308.0548095703125,511.6025390625,0.9807088375091553,1121.010498046875,471.37432861328125,0.9669989347457886,1123.96533203125,559.1866455078125,0.9351452589035034
818,1364.6551513671875,309.866455078125,0.9508479833602905,1228.8272705078125,381.6904296875,0.9533963799476624,1307.0809326171875,512.0354614257812,0.9865521192550659,1119.794189453125,470.9330749511719,0.9706534147262573,1121.6448974609375,559.3250122070312,0.9398870468139648
819,1363.8663330078125,310.4482421875,0.9529181718826294,1228.7738037109375,381.8580017089844,0.9608715772628784,1305.931884765625,512.33251953125,0.9829655885696411,1118.5799560546875,470.838623046875,0.9718729257583618,1118.90673828125,560.1180419921875,0.9151986837387085
820,1362.647705078125,310.64459228515625,0.9663376808166504,1227.7259521484375,381.5577087402344,0.9639039039611816,1304.7989501953125,512.6471557617188,0.9784049391746521,1116.2408447265625,471.181884765625,0.9768574237823486,1116.07080078125,559.9318237304688,0.8871446847915649
821,1362.005126953125,310.77386474609375,0.9636743068695068,1228.1634521484375,381.585693359375,0.9631825685501099,1302.5291748046875,511.1005554199219,0.9740762710571289,1112.8857421875,471.80035400390625,0.9782110452651978,1110.8028564453125,558.9791870117188,0.9104821085929871
822,1358.484375,309.8358459472656,0.9525344371795654,1227.592041015625,381.7491149902344,0.9624971151351929,1301.525634765625,510.89697265625,0.9757934808731079,1111.163818359375,472.043212890625,0.9588955044746399,1107.8455810546875,558.9221801757812,0.9285576343536377
823,1355.6754150390625,309.8043518066406,0.9744765162467957,1226.3773193359375,381.1831359863281,0.9624858498573303,1299.9058837890625,510.8014221191406,0.976094126701355,1108.64697265625,471.1228942871094,0.9491370916366577,1105.6683349609375,558.5513916015625,0.9106000065803528
824,1354.6578369140625,310.0417785644531,0.9767627716064453,1225.5850830078125,381.444091796875,0.964821457862854,1298.38525390625,510.40350341796875,0.9779141545295715,1105.6153564453125,471.4216613769531,0.9544106721878052,1102.136474609375,558.1248779296875,0.9253639578819275
825,1353.6231689453125,310.010986328125,0.9716699123382568,1224.9647216796875,381.7330322265625,0.967041015625,1296.5936279296875,510.29931640625,0.9720013737678528,1104.13525390625,470.5985107421875,0.9725146293640137,1099.585205078125,557.8869018554688,0.8737046718597412
826,1350.836669921875,310.4801330566406,0.9674645662307739,1223.471923828125,382.2657775878906,0.9609361886978149,1295.287109375,510.1711730957031,0.9669813513755798,1101.97900390625,470.9703369140625,0.9713010787963867,1093.3543701171875,558.3515014648438,0.9073213338851929
827,1349.5338134765625,309.4726257324219,0.9797240495681763,1219.843017578125,382.42889404296875,0.9534371495246887,1292.7447509765625,509.570068359375,0.9656574726104736,1098.8056640625,471.65252685546875,0.9786539673805237,1090.8638916015625,558.5617065429688,0.9202609658241272
828,1347.6580810546875,308.6531677246094,0.9820834398269653,1219.4051513671875,382.2220458984375,0.9555341601371765,1289.9930419921875,508.8548278808594,0.9793452620506287,1095.9136962890625,471.7637939453125,0.9574130177497864,1088.336181640625,557.075927734375,0.9052417278289795
829,1345.5506591796875,308.3147888183594,0.9709678888320923,1216.794677734375,382.77642822265625,0.9471621513366699,1288.7554931640625,508.4964904785156,0.9851050972938538,1091.31201171875,471.2911376953125,0.9446202516555786,1084.703125,557.401123046875,0.8880305290222168
830,1342.7081298828125,307.13909912109375,0.9756835699081421,1213.3311767578125,381.4079895019531,0.9579910039901733,1286.883544921875,508.56182861328125,0.9873897433280945,1089.0982666015625,470.9178771972656,0.9636393189430237,1079.5216064453125,556.4868774414062,0.8835229277610779
831,1340.874267578125,306.2582092285156,0.979082465171814,1212.658203125,381.4444274902344,0.9591606855392456,1285.6915283203125,508.2059326171875,0.9887701272964478,1087.257080078125,470.4526672363281,0.9682676792144775,1076.394287109375,556.2122802734375,0.9385907649993896
832,1340.1217041015625,305.6675720214844,0.981293797492981,1211.7508544921875,381.0989074707031,0.9623184204101562,1282.8956298828125,507.632080078125,0.9895545244216919,1084.135986328125,470.4952392578125,0.974717378616333,1073.99169921875,557.1806030273438,0.9278566837310791
833,1339.9649658203125,304.75494384765625,0.9787083268165588,1210.4991455078125,380.610595703125,0.9628213047981262,1281.1546630859375,506.3443298339844,0.985872209072113,1081.4320068359375,469.9583740234375,0.9676921367645264,1069.9429931640625,556.993408203125,0.922255277633667
834,1339.302490234375,304.3090515136719,0.9775465726852417,1209.3350830078125,380.2613830566406,0.9536219239234924,1279.9503173828125,505.68597412109375,0.9806720018386841,1078.2236328125,469.45806884765625,0.9450874328613281,1066.252685546875,558.1969604492188,0.890751302242279
835,1338.7530517578125,303.2694396972656,0.9768815040588379,1208.449462890625,379.84918212890625,0.9608857035636902,1276.5980224609375,505.54827880859375,0.9694665670394897,1075.7403564453125,469.6243591308594,0.9422038793563843,1061.6817626953125,557.8833618164062,0.9346375465393066
836,1335.827392578125,302.75,0.975155234336853,1207.0435791015625,378.3312683105469,0.963274359703064,1274.55078125,505.0689392089844,0.9683785438537598,1071.926025390625,470.049072265625,0.9678363800048828,1058.9898681640625,557.4566040039062,0.9285364151000977
837,1334.519287109375,302.0407409667969,0.9783747792243958,1205.755126953125,377.59130859375,0.9672646522521973,1273.7010498046875,503.7014465332031,0.9732002019882202,1069.5677490234375,469.4956359863281,0.9691048860549927,1056.6729736328125,556.643310546875,0.892620325088501
838,1332.98486328125,301.329345703125,0.9776080846786499,1204.3836669921875,376.5286865234375,0.9656260013580322,1271.72509765625,502.97027587890625,0.9815598726272583,1067.826904296875,468.03094482421875,0.967207670211792,1050.4588623046875,556.9359130859375,0.9209113717079163
839,1331.1400146484375,299.67987060546875,0.9765721559524536,1202.9212646484375,376.0949401855469,0.9581676721572876,1269.904541015625,500.6795654296875,0.9825142621994019,1065.3623046875,468.4400939941406,0.9519070386886597,1047.5059814453125,558.0142822265625,0.9185910820960999
840,1330.225341796875,298.84307861328125,0.9762682318687439,1202.2525634765625,375.32464599609375,0.9455454349517822,1268.4525146484375,499.4432678222656,0.9802684187889099,1062.70556640625,467.4070129394531,0.9302133321762085,1044.5322265625,558.2283935546875,0.9372343420982361
841,1329.4063720703125,297.93316650390625,0.9776096343994141,1201.3475341796875,373.37176513671875,0.9310021996498108,1267.3048095703125,498.0623474121094,0.9719183444976807,1060.831787109375,467.4434509277344,0.9212073087692261,1041.732421875,557.1226806640625,0.8926646709442139
842,1326.6771240234375,296.038330078125,0.960651159286499,1199.388916015625,372.17645263671875,0.9530282020568848,1265.1060791015625,494.9718322753906,0.9574737548828125,1057.96728515625,467.90277099609375,0.9383169412612915,1036.6986083984375,555.9119873046875,0.9362491369247437
843,1325.8140869140625,294.7444152832031,0.9716968536376953,1198.483154296875,370.8639221191406,0.9589033126831055,1263.859619140625,493.70166015625,0.9576174020767212,1057.383056640625,467.893798828125,0.9364089965820312,1032.1845703125,556.9283447265625,0.9298661947250366
844,1324.35400390625,293.67071533203125,0.9753400087356567,1197.5418701171875,369.3250732421875,0.9682508707046509,1261.9368896484375,492.8962097167969,0.969713032245636,1056.6510009765625,468.0566711425781,0.9503334760665894,1029.88671875,555.5982666015625,0.9552875757217407
845,1323.7396240234375,292.61773681640625,0.9806792736053467,1196.7442626953125,368.5107116699219,0.9734397530555725,1261.4207763671875,492.6811218261719,0.9745520949363708,1056.5240478515625,467.86517333984375,0.9462350010871887,1027.0714111328125,554.198974609375,0.9418028593063354
846,1323.4693603515625,291.0172424316406,0.9810335636138916,1196.6470947265625,367.2611389160156,0.9742166996002197,1261.5223388671875,491.7735290527344,0.9789961576461792,1056.7506103515625,467.3605041503906,0.9400355219841003,1024.1680908203125,550.7730102539062,0.9068323373794556
847,1323.3594970703125,289.43609619140625,0.9803751707077026,1196.27783203125,366.42327880859375,0.9753754138946533,1262.844482421875,490.145263671875,0.9762659072875977,1056.9610595703125,467.0091247558594,0.9385000467300415,1020.5286865234375,548.8348388671875,0.9340627193450928
848,1323.0518798828125,287.8653564453125,0.9784844517707825,1196.2779541015625,365.78369140625,0.9727776050567627,1263.97998046875,488.5466613769531,0.9764584302902222,1057.718505859375,467.1462707519531,0.9304021000862122,1014.748046875,547.7989501953125,0.9595760107040405
849,1323.0855712890625,286.761474609375,0.9735075235366821,1196.1368408203125,365.169921875,0.9686678647994995,1264.580078125,487.8164978027344,0.9760862588882446,1059.6112060546875,466.7621765136719,0.9388172030448914,1012.8252563476562,544.889404296875,0.9441739320755005
850,1321.8043212890625,285.3375549316406,0.9742133617401123,1195.24951171875,364.81591796875,0.9666792154312134,1265.4921875,487.82855224609375,0.9771277904510498,1061.41552734375,466.25,0.9461104869842529,1010.4215698242188,544.04296875,0.9247912764549255
851,1320.166015625,285.0736083984375,0.9718121290206909,1194.9556884765625,364.17315673828125,0.966995120048523,1266.677490234375,486.81048583984375,0.9836918115615845,1063.3084716796875,466.93682861328125,0.9503648281097412,1009.9226684570312,541.9204711914062,0.9218817949295044
852,1319.407958984375,284.18707275390625,0.9739658832550049,1195.0972900390625,363.3522033691406,0.9740234613418579,1268.064453125,486.0592956542969,0.9865790605545044,1066.2005615234375,466.9306945800781,0.9488670229911804,1007.3795166015625,543.9163208007812,0.9222491979598999
853,1318.5262451171875,283.7868957519531,0.973514974117279,1194.3729248046875,362.9921569824219,0.9692981243133545,1269.8253173828125,485.86566162109375,0.9864554405212402,1069.315185546875,468.1450500488281,0.9699553847312927,1006.1203002929688,539.3986206054688,0.9170541763305664
854,1317.9210205078125,283.4573669433594,0.974831223487854,1195.041015625,362.3747863769531,0.9675779342651367,1270.9854736328125,484.8184509277344,0.9851617217063904,1072.151123046875,469.2433776855469,0.9637554883956909,1004.342529296875,538.1427612304688,0.9424206018447876
855,1317.760009765625,282.48187255859375,0.9702394604682922,1194.826416015625,362.35107421875,0.9677354693412781,1272.4251708984375,484.89337158203125,0.9828908443450928,1076.85107421875,468.5095520019531,0.9524288177490234,1002.4994506835938,537.3070068359375,0.930391788482666
856,1317.0706787109375,282.0870361328125,0.97064208984375,1195.28125,361.76055908203125,0.9705213308334351,1273.858642578125,483.0873107910156,0.9852010011672974,1081.256591796875,469.25933837890625,0.9568380117416382,1002.598876953125,532.2886352539062,0.9347978234291077
857,1317.1629638671875,281.431640625,0.9663087725639343,1195.6875,361.6944885253906,0.9691672325134277,1276.7020263671875,482.3518371582031,0.9818018078804016,1086.138427734375,469.3858947753906,0.9717016220092773,1002.7424926757812,528.9028930664062,0.9021974205970764
858,1317.4315185546875,280.9524841308594,0.9688230156898499,1196.81787109375,361.6651611328125,0.9562622308731079,1279.137451171875,483.1380920410156,0.9660953283309937,1088.51611328125,469.55926513671875,0.9678747653961182,1004.4661254882812,527.137451171875,0.901505172252655
859,1317.4981689453125,280.7015686035156,0.9690361022949219,1197.557373046875,361.4693298339844,0.9600034952163696,1281.4893798828125,482.527099609375,0.9736430644989014,1093.5645751953125,466.2051086425781,0.9533739686012268,1008.82373046875,524.3220825195312,0.8559108972549438
860,1317.1866455078125,280.89471435546875,0.9683724641799927,1199.61083984375,361.3714294433594,0.9611897468566895,1283.873046875,482.0029602050781,0.9723718166351318,1097.93359375,462.28759765625,0.9615412354469299,1011.0185546875,524.0834350585938,0.9180423021316528
861,1317.7694091796875,280.747314453125,0.9653369188308716,1200.358642578125,360.3203125,0.9632478952407837,1286.75927734375,481.51849365234375,0.971688449382782,1102.112548828125,459.3795166015625,0.9768427610397339,1016.634765625,522.5616455078125,0.8924164772033691
862,1318.7138671875,280.38458251953125,0.9659392833709717,1202.189697265625,359.6241149902344,0.9514446258544922,1289.7239990234375,480.4023742675781,0.9752733111381531,1105.490234375,456.1138000488281,0.9665672779083252,1027.298095703125,521.4053344726562,0.8984909057617188
863,1321.4361572265625,279.6202087402344,0.9665477275848389,1204.2239990234375,358.3575439453125,0.9589737057685852,1293.3846435546875,479.5773620605469,0.9620145559310913,1110.01025390625,452.573974609375,0.9696164131164551,1037.6280517578125,520.66259765625,0.892385721206665
864,1322.6900634765625,279.3457336425781,0.9727121591567993,1206.4356689453125,357.1532287597656,0.959786593914032,1295.0548095703125,477.8770751953125,0.9729138612747192,1113.11474609375,449.2669982910156,0.9778809547424316,1046.3167724609375,525.303466796875,0.9427870512008667
865,1323.6337890625,278.8496398925781,0.972294807434082,1208.6444091796875,356.57177734375,0.9559207558631897,1297.6893310546875,477.8549499511719,0.9814338684082031,1116.925048828125,444.5773010253906,0.9855642318725586,1061.230712890625,526.1104736328125,0.9528210163116455
866,1324.4671630859375,279.0403747558594,0.9655418395996094,1210.07275390625,355.78704833984375,0.9620423913002014,1301.107666015625,476.6004943847656,0.986698567867279,1122.451416015625,441.1915588378906,0.9852004051208496,1077.12890625,527.7478637695312,0.9419812560081482
867,1324.599853515625,278.8288879394531,0.9660394191741943,1212.1064453125,354.7161865234375,0.963771641254425,1303.6585693359375,476.50360107421875,0.984673023223877,1128.0460205078125,439.4710998535156,0.9762697815895081,1093.210693359375,529.2160034179688,0.946099042892456
868,1325.808349609375,278.753173828125,0.9591621160507202,1213.577880859375,353.8347473144531,0.9596812129020691,1305.78515625,475.9681091308594,0.9818574786186218,1132.002685546875,438.5762939453125,0.9876621961593628,1108.5992431640625,532.6142578125,0.9050214886665344
869,1328.845947265625,279.3572998046875,0.9600893259048462,1214.9766845703125,352.92572021484375,0.9601304531097412,1308.4678955078125,475.93646240234375,0.9765257835388184,1137.5731201171875,436.61297607421875,0.9813244342803955,1124.519287109375,532.37109375,0.8124638795852661
870,1330.970703125,279.1429138183594,0.9663796424865723,1218.630859375,352.81500244140625,0.964236855506897,1313.28466796875,474.5055236816406,0.9868569374084473,1142.7359619140625,436.1543884277344,0.9737993478775024,1142.113037109375,533.2890625,0.9314200282096863
871,1332.247802734375,278.9117431640625,0.9728407859802246,1220.15625,351.995849609375,0.9697089195251465,1316.4398193359375,474.61151123046875,0.987951934337616,1147.257568359375,435.8373107910156,0.985285222530365,1157.160400390625,532.5096435546875,0.8068075776100159
872,1333.268798828125,279.07550048828125,0.9717937707901001,1222.0162353515625,351.7492980957031,0.9718998074531555,1319.7796630859375,474.6600646972656,0.9808226227760315,1151.672119140625,436.023193359375,0.9838249683380127,1171.4696044921875,531.912841796875,0.13760003447532654
873,1333.869384765625,279.2884826660156,0.9661903977394104,1224.3074951171875,351.2119445800781,0.9729490280151367,1323.4771728515625,474.8782958984375,0.9750148057937622,1158.3897705078125,435.5416564941406,0.9740406274795532,1185.01611328125,531.20849609375,0.7939379215240479
874,1336.591796875,278.6009521484375,0.9666193127632141,1226.236572265625,350.837158203125,0.9742195010185242,1328.4132080078125,473.1385803222656,0.9782134294509888,1162.02001953125,436.7720947265625,0.9815413951873779,1192.822021484375,524.531005859375,0.6859768629074097
875,1334.64208984375,278.9848937988281,0.9662131071090698,1227.6126708984375,351.5941162109375,0.972403883934021,1332.0689697265625,473.3661804199219,0.9865056276321411,1167.003662109375,438.55120849609375,0.9815080165863037,1205.697509765625,526.5261840820312,0.6079759001731873
876,1337.64306640625,278.85791015625,0.969901442527771,1228.855224609375,352.5907897949219,0.9613075256347656,1335.468017578125,473.86468505859375,0.9791843891143799,1172.764404296875,440.316650390625,0.9843936562538147,1219.2593994140625,528.2731323242188,0.8785805702209473
877,1337.5660400390625,279.2964172363281,0.9697527885437012,1229.63671875,354.25018310546875,0.952298104763031,1338.4755859375,474.7335205078125,0.979472279548645,1177.5013427734375,443.9349670410156,0.9732396602630615,1229.834716796875,527.3462524414062,0.8183323740959167
878,1339.166748046875,280.3157653808594,0.972673773765564,1233.30029296875,357.13970947265625,0.9257099628448486,1343.4361572265625,474.1007080078125,0.9738444089889526,1181.8145751953125,451.0765380859375,0.9819961786270142,1243.2994384765625,527.716796875,0.8380245566368103
879,1340.2850341796875,281.3650817871094,0.9660513401031494,1234.3778076171875,359.7346496582031,0.9477840662002563,1347.0428466796875,474.75738525390625,0.9857006072998047,1188.83984375,457.2815856933594,0.9800898432731628,1249.039794921875,524.3042602539062,0.8444069623947144
880,1340.8275146484375,281.6277770996094,0.9726519584655762,1235.7176513671875,362.5566101074219,0.9689335823059082,1350.869140625,475.745849609375,0.9841256141662598,1194.1351318359375,465.31683349609375,0.9699221849441528,1259.0191650390625,525.4985961914062,0.8412137031555176
881,1341.6539306640625,282.7457275390625,0.9704904556274414,1236.2723388671875,365.8549499511719,0.9610983729362488,1353.351806640625,476.7561950683594,0.9815014600753784,1198.9813232421875,473.9822082519531,0.9771440029144287,1268.5848388671875,527.928466796875,0.8935262560844421
882,1342.495849609375,283.8174743652344,0.9698312878608704,1238.1971435546875,367.9028625488281,0.954322099685669,1357.42431640625,477.8095703125,0.965782880783081,1205.66845703125,481.09771728515625,0.9623066186904907,1275.711181640625,531.0092163085938,0.9214568138122559
883,1342.545166015625,285.5960388183594,0.9652170538902283,1240.284912109375,371.9549560546875,0.9594007134437561,1362.424072265625,481.9538879394531,0.973663866519928,1209.627197265625,491.595458984375,0.9709489345550537,1279.133544921875,534.1881103515625,0.8610432147979736
884,1343.5592041015625,287.9755554199219,0.9640601873397827,1240.3470458984375,376.1647033691406,0.9533704519271851,1364.9176025390625,484.197021484375,0.9781621098518372,1214.8046875,500.65435791015625,0.9813437461853027,1286.9951171875,542.7511596679688,0.8790041208267212
885,1345.218017578125,289.7466735839844,0.9676136374473572,1241.049072265625,379.2072448730469,0.9577783942222595,1366.667236328125,486.70587158203125,0.980877161026001,1221.056884765625,508.3901062011719,0.9725905656814575,1292.98486328125,547.9351196289062,0.9308161735534668
886,1345.743408203125,292.80908203125,0.9756911396980286,1243.3133544921875,382.470947265625,0.9530601501464844,1368.55322265625,488.64239501953125,0.9763461351394653,1225.4161376953125,518.230712890625,0.9713578820228577,1297.2388916015625,549.59521484375,0.8978347778320312
887,1345.53125,294.8199462890625,0.9698691368103027,1244.5653076171875,386.0860290527344,0.9527829885482788,1369.569580078125,491.11309814453125,0.9821678400039673,1229.5970458984375,525.2232055664062,0.959807276725769,1303.67138671875,561.7634887695312,0.9158656001091003
888,1346.2373046875,297.210205078125,0.9643338918685913,1245.235107421875,390.3323669433594,0.9411723613739014,1370.70361328125,492.515625,0.9859853982925415,1234.6961669921875,531.7506103515625,0.9696803689002991,1306.059814453125,564.8919067382812,0.9366229772567749
889,1347.398193359375,300.1728820800781,0.9817644357681274,1245.109375,394.3328552246094,0.9590576887130737,1373.048095703125,497.174560546875,0.9807392358779907,1236.54345703125,537.4385986328125,0.9754951000213623,1308.0546875,567.5687866210938,0.9201170802116394
890,1348.552978515625,303.14935302734375,0.9839315414428711,1244.7244873046875,396.95819091796875,0.9563289880752563,1373.076171875,500.9324035644531,0.9718431830406189,1234.9754638671875,538.5226440429688,0.9790012836456299,1308.3804931640625,568.0101318359375,0.8947175145149231
891,1349.145751953125,304.93115234375,0.9680758714675903,1246.25390625,399.24365234375,0.9469162225723267,1370.53515625,504.61175537109375,0.9769172668457031,1232.88720703125,537.9481811523438,0.9703240394592285,1304.1177978515625,568.6510009765625,0.8907344341278076
892,1349.4339599609375,308.8247985839844,0.9723976850509644,1246.662353515625,402.6124267578125,0.9236781597137451,1368.3182373046875,507.2480773925781,0.9882603883743286,1227.7529296875,537.5292358398438,0.9759020805358887,1301.44482421875,569.5075073242188,0.9276012182235718
893,1348.8865966796875,311.6689453125,0.9750901460647583,1246.5694580078125,405.6584777832031,0.9182783365249634,1365.4306640625,511.01763916015625,0.9751057624816895,1223.9927978515625,534.5560302734375,0.963067352771759,1298.60107421875,568.2630615234375,0.9212183356285095
894,1349.5145263671875,314.6676940917969,0.9678231477737427,1245.7540283203125,409.3267517089844,0.9353722333908081,1364.5318603515625,516.550537109375,0.9833031892776489,1221.971923828125,533.194091796875,0.9726189374923706,1297.9501953125,569.013671875,0.943895697593689
895,1349.4130859375,317.2523193359375,0.9694711565971375,1244.3206787109375,411.0277099609375,0.9539241194725037,1362.5400390625,518.5389404296875,0.9829345941543579,1219.294921875,531.5386962890625,0.9732615947723389,1291.6275634765625,568.9129638671875,0.9186625480651855
896,1350.19287109375,319.79718017578125,0.9636802077293396,1244.0994873046875,412.1484375,0.9632079005241394,1361.086669921875,520.0813598632812,0.9724234342575073,1214.201416015625,530.0706787109375,0.9786258935928345,1288.46337890625,569.3727416992188,0.9179553985595703
897,1350.4874267578125,320.8213806152344,0.9535882472991943,1243.9117431640625,412.7032775878906,0.9655003547668457,1356.4178466796875,521.0291137695312,0.9700687527656555,1211.6744384765625,528.5971069335938,0.9729430675506592,1281.8204345703125,566.7349243164062,0.91241455078125
898,1350.8712158203125,320.875732421875,0.948843240737915,1242.9302978515625,412.8134460449219,0.9626287817955017,1353.595458984375,522.19287109375,0.9869969487190247,1209.9288330078125,527.3959350585938,0.9685088992118835,1276.486328125,566.935546875,0.9257787466049194
899,1350.87109375,321.61029052734375,0.9552220106124878,1242.003662109375,412.61651611328125,0.9564242362976074,1351.6671142578125,522.279052734375,0.9834554195404053,1206.3677978515625,523.5017700195312,0.9723772406578064,1270.8748779296875,567.4306030273438,0.9085161685943604
900,1349.34423828125,322.2279968261719,0.9501649141311646,1239.8238525390625,412.0085144042969,0.9464901685714722,1350.282470703125,522.4337158203125,0.9862397909164429,1203.276611328125,521.6064453125,0.9746251106262207,1268.2530517578125,566.6209716796875,0.9234841465950012
901,1349.0125732421875,322.21820068359375,0.9611618518829346,1238.4239501953125,411.1628723144531,0.9544698596000671,1348.0697021484375,522.1080932617188,0.9870737791061401,1201.927734375,519.8870239257812,0.9645005464553833,1265.67724609375,566.6336059570312,0.9039660692214966
902,1348.678466796875,320.6971740722656,0.958133339881897,1237.9451904296875,409.9975280761719,0.9548093676567078,1346.264404296875,521.4843139648438,0.986354649066925,1199.1151123046875,518.072998046875,0.9725159406661987,1267.178466796875,569.2384033203125,0.9210617542266846
903,1348.0535888671875,319.3568115234375,0.9678136706352234,1236.478271484375,408.1764221191406,0.9503525495529175,1345.7755126953125,520.5086669921875,0.9790763854980469,1197.7047119140625,516.8493041992188,0.9840521216392517,1260.9925537109375,567.0078125,0.922434389591217
904,1346.5828857421875,316.93218994140625,0.9689701795578003,1236.3331298828125,406.99163818359375,0.9277655482292175,1344.9556884765625,519.8497924804688,0.9685986042022705,1196.15625,515.1748046875,0.985018253326416,1259.2525634765625,570.0648193359375,0.9177255630493164
905,1346.475341796875,315.1698913574219,0.9716998934745789,1235.997314453125,404.544677734375,0.9239634275436401,1341.5947265625,518.5774536132812,0.9572131633758545,1194.9517822265625,513.2564086914062,0.9766606092453003,1252.303466796875,566.1456909179688,0.9163779020309448
906,1346.523193359375,313.0074768066406,0.9664479494094849,1235.34228515625,402.8578186035156,0.9339598417282104,1340.0574951171875,516.432861328125,0.9742709398269653,1193.528564453125,511.2294616699219,0.9662147164344788,1252.125244140625,566.8453979492188,0.8869602680206299
907,1346.32568359375,310.5972595214844,0.9760422706604004,1235.079345703125,401.1475524902344,0.9282747507095337,1338.4095458984375,513.9434204101562,0.9832457304000854,1190.359375,507.3299560546875,0.9739199876785278,1249.710693359375,570.7682495117188,0.8959512710571289
908,1345.62353515625,307.0981140136719,0.9576148390769958,1234.3857421875,399.815185546875,0.9195972681045532,1337.96337890625,511.5018615722656,0.9804602861404419,1188.4549560546875,505.52850341796875,0.9717564582824707,1243.3656005859375,568.4187622070312,0.8732236623764038
909,1345.035400390625,303.26336669921875,0.9719009399414062,1230.7042236328125,396.4373474121094,0.9500976800918579,1335.927490234375,508.60980224609375,0.9809269905090332,1187.430419921875,503.7790222167969,0.9663019180297852,1236.5003662109375,564.8551025390625,0.9381367564201355
910,1344.1005859375,300.6905822753906,0.9503126740455627,1232.4964599609375,394.03778076171875,0.9535530805587769,1334.7340087890625,507.340087890625,0.9790999293327332,1183.703857421875,500.6199951171875,0.9776332974433899,1235.4234619140625,565.1292724609375,0.9293527007102966
911,1344.9395751953125,298.9985046386719,0.9551547765731812,1232.229248046875,391.9850158691406,0.9218815565109253,1333.8934326171875,505.8301696777344,0.9803513288497925,1181.9814453125,499.1803283691406,0.9802035093307495,1233.281494140625,565.8377685546875,0.8956683278083801
912,1344.9857177734375,295.6718444824219,0.962047278881073,1231.3070068359375,388.26385498046875,0.9150652289390564,1333.15478515625,504.4424133300781,0.9794731140136719,1181.296142578125,497.2714538574219,0.972396731376648,1227.6168212890625,566.050048828125,0.8854265213012695
913,1345.4385986328125,293.33123779296875,0.9701449871063232,1230.927734375,385.16143798828125,0.9423286318778992,1331.761474609375,502.2908630371094,0.982555627822876,1180.259765625,494.58953857421875,0.9610235691070557,1223.49755859375,564.2093505859375,0.8735644817352295
914,1345.1781005859375,290.1384582519531,0.9489692449569702,1231.0494384765625,383.1583557128906,0.9332242012023926,1331.4365234375,500.1014709472656,0.9791125059127808,1178.650146484375,492.51239013671875,0.9586445093154907,1220.641357421875,563.7635498046875,0.900905966758728
915,1346.873046875,287.8219299316406,0.9656752347946167,1232.8104248046875,383.0635681152344,0.9379345178604126,1330.91796875,498.3280029296875,0.9800987839698792,1177.8201904296875,490.5478515625,0.964622974395752,1218.781494140625,563.5830688476562,0.9221394062042236
916,1346.7362060546875,285.845458984375,0.9590039253234863,1232.3077392578125,380.6251220703125,0.9546810388565063,1330.8292236328125,496.4748840332031,0.9780349731445312,1176.6064453125,488.0108642578125,0.9620602130889893,1216.8521728515625,564.909912109375,0.906089186668396
917,1347.349853515625,284.0534973144531,0.9480133652687073,1232.5010986328125,377.9660339355469,0.9609471559524536,1329.0406494140625,493.1214599609375,0.9817202687263489,1174.617919921875,484.9036865234375,0.9567623138427734,1210.6927490234375,562.533447265625,0.8788251280784607
918,1347.739501953125,281.79833984375,0.9538057446479797,1233.2117919921875,376.0057067871094,0.9489428997039795,1328.9588623046875,491.26043701171875,0.9842920899391174,1173.154052734375,482.09576416015625,0.9484969973564148,1205.35546875,559.9857788085938,0.8842763304710388
919,1349.087158203125,279.4541015625,0.9615118503570557,1234.359130859375,373.50408935546875,0.9297960996627808,1330.2056884765625,489.82293701171875,0.9877487421035767,1170.9412841796875,477.96722412109375,0.9470797181129456,1203.8978271484375,560.6371459960938,0.9183416962623596
920,1349.916015625,277.2853698730469,0.9633305668830872,1234.7847900390625,371.1364440917969,0.948473334312439,1331.08544921875,488.34173583984375,0.9855688810348511,1167.6461181640625,476.1112365722656,0.959784984588623,1200.9404296875,560.6987915039062,0.8500013947486877
921,1352.840087890625,274.9490051269531,0.9576005935668945,1235.5281982421875,369.5306701660156,0.950477659702301,1330.4224853515625,487.3094482421875,0.9800309538841248,1166.130615234375,474.2304382324219,0.9655352830886841,1196.443603515625,559.8319702148438,0.8098009824752808
922,1353.8800048828125,272.7875671386719,0.935257077217102,1236.35107421875,367.3585205078125,0.937599778175354,1330.0823974609375,485.12921142578125,0.9842371344566345,1165.0826416015625,472.9661560058594,0.9760164022445679,1191.7843017578125,556.8643798828125,0.7913819551467896
923,1355.995849609375,270.9378967285156,0.9214878082275391,1236.869140625,365.9660949707031,0.9546915292739868,1330.3409423828125,483.364501953125,0.9826405048370361,1164.3746337890625,471.3118591308594,0.9776508808135986,1189.1912841796875,557.09912109375,0.9133797883987427
924,1358.839599609375,270.0276184082031,0.9081277847290039,1237.2996826171875,363.97412109375,0.9687274098396301,1330.8939208984375,481.3628845214844,0.9828593730926514,1163.07568359375,471.0503845214844,0.9746026992797852,1186.84619140625,557.3544311523438,0.8575043082237244
925,1359.5400390625,268.3138122558594,0.9177292585372925,1237.826904296875,361.5769958496094,0.9671711921691895,1329.8487548828125,478.2373962402344,0.9863467812538147,1161.71728515625,467.86187744140625,0.9674128293991089,1184.1983642578125,556.7586059570312,0.8492542505264282
926,1360.723388671875,267.2145690917969,0.9203928709030151,1239.0623779296875,359.019287109375,0.9542908668518066,1330.0302734375,476.42218017578125,0.9891709089279175,1160.8782958984375,466.761474609375,0.9447097182273865,1180.75732421875,555.7098999023438,0.8477030992507935
927,1361.07763671875,265.026611328125,0.9076768159866333,1239.7864990234375,356.3296813964844,0.9621167182922363,1330.065673828125,475.2327575683594,0.9903194904327393,1159.4017333984375,464.81573486328125,0.9083162546157837,1175.6932373046875,554.8599853515625,0.8744461536407471
928,1363.3297119140625,264.64874267578125,0.9400198459625244,1241.3526611328125,353.3778076171875,0.96534264087677,1331.55029296875,473.3448791503906,0.9891570806503296,1157.04736328125,461.4996643066406,0.9087923765182495,1172.732421875,554.7861328125,0.8909975290298462
929,1365.287353515625,263.5431823730469,0.9352072477340698,1242.7890625,350.4421081542969,0.9661978483200073,1331.2760009765625,471.6728210449219,0.9839724898338318,1154.4342041015625,461.2421569824219,0.9163642525672913,1169.19091796875,554.6655883789062,0.8910034894943237
930,1368.8289794921875,262.0010681152344,0.9455131888389587,1241.7965087890625,348.5494079589844,0.961066484451294,1329.8944091796875,471.1222839355469,0.9821694493293762,1149.639892578125,460.65228271484375,0.9584554433822632,1166.0413818359375,555.7003784179688,0.8351222276687622
931,1370.4376220703125,260.9211730957031,0.9438056945800781,1242.1480712890625,346.4013977050781,0.9735677242279053,1328.2159423828125,469.3086853027344,0.9786105155944824,1146.73095703125,460.41436767578125,0.9619117975234985,1161.1380615234375,555.0787353515625,0.8995376229286194
932,1370.8978271484375,259.752685546875,0.9530904293060303,1242.9827880859375,344.2892150878906,0.9679547548294067,1325.9969482421875,467.06219482421875,0.9845196008682251,1144.6788330078125,460.0,0.9525833129882812,1156.2718505859375,549.9219970703125,0.9296061992645264
933,1372.3291015625,259.361328125,0.9420849084854126,1244.368896484375,340.9215393066406,0.9652318358421326,1325.5089111328125,465.58233642578125,0.9859616160392761,1142.5517578125,458.4433898925781,0.9443809986114502,1152.822265625,549.3463745117188,0.9088430404663086
934,1373.9110107421875,258.9349060058594,0.9409101009368896,1245.2457275390625,339.3363037109375,0.9663243889808655,1324.8572998046875,464.2690124511719,0.9852339029312134,1140.15673828125,457.80010986328125,0.9487375617027283,1150.595947265625,550.841796875,0.8870573043823242
935,1375.590576171875,258.8176574707031,0.9409664869308472,1245.3211669921875,337.6985778808594,0.9647915959358215,1324.2103271484375,463.4786682128906,0.9854984283447266,1137.111328125,457.99908447265625,0.9523489475250244,1146.2298583984375,550.1712646484375,0.871422290802002
936,1376.7613525390625,259.2027587890625,0.9531806707382202,1245.6258544921875,336.8302307128906,0.9687540531158447,1322.8955078125,461.95556640625,0.9861605167388916,1135.8111572265625,457.3443298339844,0.9704055190086365,1141.5634765625,548.1571655273438,0.9392167329788208
937,1377.398193359375,260.0907897949219,0.9518277049064636,1245.973876953125,337.0982666015625,0.9611865282058716,1322.568603515625,461.93951416015625,0.9857075214385986,1134.7802734375,457.1429138183594,0.9757853746414185,1138.4351806640625,547.3112182617188,0.9228705763816833
938,1378.2647705078125,261.5854797363281,0.9720852375030518,1245.909912109375,337.5276794433594,0.9698236584663391,1323.49462890625,463.357666015625,0.9864237308502197,1132.5167236328125,457.16302490234375,0.9787993431091309,1134.8258056640625,547.5890502929688,0.9344794750213623
939,1378.43017578125,263.1304931640625,0.9719877243041992,1246.2874755859375,339.11236572265625,0.9639561176300049,1322.936767578125,464.75921630859375,0.9880516529083252,1130.095947265625,457.0440979003906,0.9743658304214478,1130.9970703125,546.9825439453125,0.9213258028030396
940,1378.4781494140625,266.36572265625,0.9612362384796143,1246.982666015625,341.384521484375,0.9437469840049744,1321.539306640625,467.22857666015625,0.986301839351654,1128.2916259765625,457.5106506347656,0.95760178565979,1126.3939208984375,545.7152709960938,0.9455755949020386
941,1379.9337158203125,269.21783447265625,0.9733365774154663,1248.507568359375,345.4043884277344,0.9469428062438965,1321.128173828125,469.69781494140625,0.9781390428543091,1126.00634765625,456.957275390625,0.9487615823745728,1123.3900146484375,545.7821044921875,0.9384430646896362
942,1380.15625,271.7235107421875,0.9742558598518372,1248.95361328125,347.9527282714844,0.9588391780853271,1320.4632568359375,472.3925476074219,0.9769818186759949,1124.0322265625,457.1579284667969,0.958367109298706,1121.1463623046875,546.147705078125,0.8728369474411011
943,1379.41259765625,275.5752868652344,0.9821035861968994,1248.8123779296875,350.66180419921875,0.953545331954956,1320.2828369140625,474.0652160644531,0.9787420630455017,1122.3763427734375,457.2230529785156,0.9541985988616943,1116.950927734375,545.6448364257812,0.9287600517272949
944,1378.69775390625,279.70574951171875,0.9695152044296265,1247.2718505859375,351.87042236328125,0.9518786668777466,1320.1053466796875,476.2565612792969,0.9820621609687805,1120.643798828125,457.7452087402344,0.9728662371635437,1114.054931640625,545.0252075195312,0.8873666524887085
945,1378.87451171875,283.2156677246094,0.9773560166358948,1247.5716552734375,355.2178649902344,0.9506346583366394,1319.2843017578125,477.67529296875,0.9784917831420898,1119.9212646484375,457.5853271484375,0.9810506105422974,1109.6292724609375,541.3937377929688,0.8280134201049805
946,1379.48291015625,285.61358642578125,0.979568362236023,1250.14794921875,359.7152099609375,0.9211488962173462,1320.058349609375,481.2174987792969,0.9767791032791138,1119.3626708984375,457.9518127441406,0.9810987710952759,1107.6322021484375,544.67724609375,0.9188345074653625
947,1379.0103759765625,288.40130615234375,0.9745765924453735,1250.166015625,361.9806213378906,0.9588589668273926,1318.9959716796875,485.1736755371094,0.9811713695526123,1118.64892578125,458.0890808105469,0.9787336587905884,1105.1956787109375,544.9913330078125,0.8650422096252441
948,1379.068115234375,290.9140625,0.9797995090484619,1250.70263671875,364.5072937011719,0.9663797616958618,1319.1591796875,487.08807373046875,0.9785409569740295,1117.7127685546875,457.97674560546875,0.9806588888168335,1100.3935546875,544.7958374023438,0.9134336709976196
949,1379.5540771484375,292.76287841796875,0.9812121987342834,1250.95458984375,366.1795349121094,0.9647883176803589,1319.5361328125,489.02716064453125,0.9766031503677368,1116.7286376953125,458.4949951171875,0.9775049090385437,1097.4566650390625,545.7962646484375,0.9227792024612427
950,1379.98583984375,294.4427795410156,0.9771169424057007,1252.742431640625,366.8329772949219,0.957018256187439,1318.839599609375,490.0716857910156,0.9850132465362549,1115.455810546875,458.70758056640625,0.9757020473480225,1093.8966064453125,545.0421752929688,0.932906448841095
951,1379.96240234375,295.68157958984375,0.9729723930358887,1253.1826171875,367.2867126464844,0.9526292681694031,1319.37744140625,490.6942138671875,0.9838982820510864,1114.9833984375,458.95330810546875,0.9754745960235596,1090.7271728515625,542.43798828125,0.8955435752868652
952,1380.1640625,296.2201843261719,0.9741215109825134,1255.4417724609375,367.9351501464844,0.9616087079048157,1319.5198974609375,490.9070739746094,0.9795080423355103,1114.15234375,458.986083984375,0.9728482961654663,1088.26904296875,541.4610595703125,0.8784422874450684
953,1380.4290771484375,296.3717956542969,0.9725539684295654,1256.3192138671875,367.8701171875,0.9744288921356201,1319.420654296875,490.6798400878906,0.9819306135177612,1111.6109619140625,458.4737548828125,0.9602586030960083,1084.714111328125,541.4403076171875,0.9195953607559204
954,1381.2633056640625,296.4281311035156,0.972332239151001,1257.34521484375,367.828857421875,0.977956235408783,1319.449951171875,490.469970703125,0.9835951328277588,1110.8494873046875,458.41748046875,0.9642887115478516,1081.2708740234375,542.2786865234375,0.9474272131919861
955,1381.9110107421875,296.0721130371094,0.971598744392395,1257.9384765625,367.05987548828125,0.9801080822944641,1319.468017578125,490.09283447265625,0.9822338819503784,1109.9080810546875,458.8265075683594,0.9645489454269409,1076.6595458984375,543.1856689453125,0.9399445652961731
956,1382.8087158203125,295.96478271484375,0.9685060977935791,1258.411865234375,366.35809326171875,0.9791121482849121,1318.9222412109375,489.4923400878906,0.9793248772621155,1109.6224365234375,458.9877014160156,0.9673141241073608,1074.001708984375,541.954833984375,0.9470727443695068
957,1384.3211669921875,294.38812255859375,0.9642006158828735,1259.0906982421875,365.5142517089844,0.9757109880447388,1319.6451416015625,488.4486999511719,0.9738660454750061,1109.7210693359375,459.0243225097656,0.9659682512283325,1070.619873046875,540.6961059570312,0.965117335319519
958,1384.971923828125,293.3867492675781,0.9721536636352539,1258.18798828125,364.9588623046875,0.971695601940155,1319.3280029296875,487.0928649902344,0.9783142805099487,1110.37158203125,459.1376953125,0.9627962112426758,1065.966552734375,540.8699340820312,0.9351326823234558
959,1385.8209228515625,292.26605224609375,0.9778885841369629,1259.129150390625,363.7851257324219,0.9723179340362549,1319.4801025390625,486.1620178222656,0.982032060623169,1111.1180419921875,459.53399658203125,0.9606064558029175,1063.7789306640625,539.9630737304688,0.9421612024307251
960,1386.602294921875,290.0290222167969,0.98136305809021,1259.3861083984375,362.67529296875,0.9665881991386414,1320.8602294921875,483.23638916015625,0.9770239591598511,1112.7608642578125,460.1864318847656,0.9513464570045471,1062.272216796875,537.1088256835938,0.9284956455230713
961,1386.9434814453125,287.92547607421875,0.9779529571533203,1259.7484130859375,361.7105712890625,0.9649481773376465,1321.6962890625,481.7880554199219,0.9803941249847412,1114.837158203125,460.3774108886719,0.951996922492981,1060.84375,533.7145385742188,0.9506022334098816
962,1386.8936767578125,286.3304748535156,0.9788305759429932,1260.784423828125,360.03558349609375,0.9491338729858398,1322.353759765625,480.5176086425781,0.9772770404815674,1116.86083984375,459.8739929199219,0.9639381170272827,1058.9580078125,532.9992065429688,0.941097617149353
963,1386.1566162109375,284.6645812988281,0.9747906923294067,1261.236572265625,357.7125244140625,0.946890115737915,1323.18505859375,477.62591552734375,0.9774116277694702,1118.4166259765625,459.5817565917969,0.9577420949935913,1057.408447265625,531.5187377929688,0.9320429563522339
964,1385.6220703125,283.6026916503906,0.9764851927757263,1261.4228515625,356.49871826171875,0.9611455202102661,1324.796142578125,477.250732421875,0.9733123779296875,1123.25634765625,459.8121643066406,0.9609471559524536,1055.9417724609375,531.1163330078125,0.9243370294570923
965,1385.8740234375,282.037109375,0.9734808206558228,1261.3016357421875,355.285400390625,0.9667752981185913,1327.3572998046875,476.825927734375,0.9735889434814453,1127.0194091796875,459.82275390625,0.9596590399742126,1053.1739501953125,529.7078857421875,0.9344021081924438
966,1383.5587158203125,280.8310546875,0.9653217792510986,1261.6805419921875,354.40570068359375,0.9694997668266296,1330.383544921875,475.6275634765625,0.9824137091636658,1132.677734375,461.0383605957031,0.9476425051689148,1053.860595703125,523.6475830078125,0.92348712682724
967,1382.5623779296875,279.759521484375,0.9705978631973267,1261.786376953125,353.5728759765625,0.968429684638977,1333.0416259765625,475.73797607421875,0.9873373508453369,1138.2508544921875,460.6020202636719,0.9509899616241455,1052.318115234375,521.9249877929688,0.9511599540710449
968,1382.6636962890625,278.365966796875,0.9738413095474243,1261.9029541015625,352.81903076171875,0.964600682258606,1335.353515625,476.10174560546875,0.9874081015586853,1142.1041259765625,460.12078857421875,0.9519227743148804,1054.9261474609375,521.0158081054688,0.9152325391769409
969,1384.212890625,276.35577392578125,0.9734870195388794,1261.918701171875,352.0578308105469,0.9681145548820496,1338.0943603515625,475.6629638671875,0.9772694110870361,1149.4466552734375,459.422119140625,0.9601304531097412,1060.5179443359375,518.3988037109375,0.926527738571167
970,1384.268798828125,275.1539611816406,0.9743919968605042,1262.1776123046875,351.8929138183594,0.9676416516304016,1342.38525390625,474.0878601074219,0.9775446057319641,1153.4176025390625,455.799072265625,0.9485311508178711,1063.794189453125,518.5096435546875,0.9104828834533691
971,1384.0885009765625,273.9043273925781,0.9759938716888428,1262.8876953125,351.61883544921875,0.9655243158340454,1345.717041015625,473.1297912597656,0.9861026406288147,1159.0556640625,452.1754150390625,0.955883264541626,1074.9901123046875,515.771728515625,0.9326415061950684
972,1384.6068115234375,273.5649719238281,0.9750497341156006,1263.291748046875,351.5318298339844,0.9632920026779175,1348.5433349609375,473.150634765625,0.9862346053123474,1163.8470458984375,447.18426513671875,0.9613061547279358,1090.2166748046875,513.2835693359375,0.9193103909492493
973,1385.0291748046875,273.0691833496094,0.9753291010856628,1266.3466796875,351.3291015625,0.9597231149673462,1350.3499755859375,473.5730285644531,0.9858565330505371,1169.3909912109375,441.4565734863281,0.9713732600212097,1105.775634765625,514.0792236328125,0.9362952709197998
974,1385.14013671875,272.6141357421875,0.9684900045394897,1266.9393310546875,351.05419921875,0.9674071669578552,1352.3150634765625,474.16302490234375,0.9815453290939331,1174.1068115234375,439.2438049316406,0.9720009565353394,1120.919189453125,515.7062377929688,0.9393874406814575
975,1385.6607666015625,272.72271728515625,0.9689698815345764,1267.6082763671875,350.6542053222656,0.9634446501731873,1355.2664794921875,472.8656921386719,0.9714179635047913,1177.55810546875,435.93951416015625,0.9821385741233826,1135.031494140625,521.8433227539062,0.9155471324920654
976,1386.2510986328125,272.5209045410156,0.9685827493667603,1267.8033447265625,351.0408020019531,0.9662876129150391,1358.9954833984375,471.9551696777344,0.9607551097869873,1182.3359375,433.2695007324219,0.987028956413269,1149.1854248046875,530.3838500976562,0.9710388779640198
977,1386.2568359375,272.3964538574219,0.9634197950363159,1269.215576171875,350.3658447265625,0.9663605690002441,1360.95166015625,471.3769836425781,0.9739789962768555,1187.6119384765625,429.8450012207031,0.9713897109031677,1167.5753173828125,529.8130493164062,0.9548121690750122
978,1386.3052978515625,272.47271728515625,0.9600820541381836,1272.0096435546875,349.7486267089844,0.9649879932403564,1363.65234375,471.591064453125,0.9752030372619629,1192.2264404296875,429.2585754394531,0.9687047600746155,1185.2169189453125,523.3640747070312,0.9008591771125793
979,1386.61083984375,272.190673828125,0.9644266963005066,1273.3486328125,349.27392578125,0.972280740737915,1365.28662109375,471.8877258300781,0.9819628000259399,1196.9805908203125,429.3533630371094,0.9769322872161865,1196.64208984375,524.1893920898438,0.8778256773948669
980,1387.0830078125,272.3286437988281,0.9613816142082214,1274.7403564453125,349.4043273925781,0.9712358713150024,1367.6314697265625,472.5717468261719,0.97353196144104,1199.8316650390625,429.16851806640625,0.979887068271637,1214.266845703125,523.1826782226562,0.8212611675262451
981,1387.602783203125,272.1245422363281,0.9622107744216919,1275.5283203125,349.299072265625,0.9745224118232727,1372.04150390625,472.15875244140625,0.965399980545044,1204.764892578125,432.1066589355469,0.9741679430007935,1223.457275390625,527.7803344726562,0.5698806643486023
982,1387.851806640625,272.383056640625,0.9651034474372864,1276.1204833984375,349.9241027832031,0.9774371385574341,1375.50732421875,471.4048767089844,0.9595993757247925,1207.861572265625,436.22418212890625,0.9784629344940186,1234.437255859375,528.005859375,0.8532307744026184
983,1388.621826171875,273.0337219238281,0.9701734781265259,1276.4520263671875,350.4621276855469,0.9753745198249817,1378.376708984375,472.2182312011719,0.9790358543395996,1211.259521484375,437.88165283203125,0.9843835830688477,1242.642578125,524.6373901367188,0.7887892723083496
984,1389.348388671875,273.6904602050781,0.9712359309196472,1277.513671875,351.8077087402344,0.9675852656364441,1381.0382080078125,472.2869873046875,0.9814069271087646,1215.9656982421875,440.9974670410156,0.9813253879547119,1254.702880859375,526.7259521484375,0.8820264935493469
985,1390.106201171875,274.66473388671875,0.9598825573921204,1278.4578857421875,352.8839416503906,0.9606869220733643,1383.4588623046875,474.08673095703125,0.9846512675285339,1219.1788330078125,442.74114990234375,0.9861495494842529,1267.3909912109375,531.520263671875,0.9019755721092224
986,1392.0799560546875,276.7193298339844,0.9650261402130127,1281.5423583984375,354.8854675292969,0.9380035400390625,1386.591064453125,474.94805908203125,0.9789900779724121,1222.6512451171875,447.9638977050781,0.9626116156578064,1278.6123046875,531.0486450195312,0.8670430183410645
987,1392.6474609375,277.6622314453125,0.9619866609573364,1283.0830078125,357.1117858886719,0.9432737827301025,1390.7015380859375,474.4282531738281,0.9807004928588867,1227.3377685546875,455.416748046875,0.9820877313613892,1283.461669921875,528.0419921875,0.9273134469985962
988,1393.4735107421875,278.6239318847656,0.9656749963760376,1284.7100830078125,359.30877685546875,0.9518992900848389,1394.044189453125,475.2371826171875,0.9898094534873962,1230.5218505859375,459.40380859375,0.9732912182807922,1294.3804931640625,528.541259765625,0.8863742351531982
989,1394.3389892578125,279.5506896972656,0.9686827063560486,1285.7044677734375,361.8673400878906,0.9688973426818848,1397.620849609375,476.1612854003906,0.9912002086639404,1237.000244140625,467.1380920410156,0.9710581302642822,1300.829833984375,529.5440063476562,0.9191020727157593
990,1394.943359375,280.46337890625,0.9690930247306824,1286.764892578125,364.3720397949219,0.9659016132354736,1400.43310546875,477.54248046875,0.9834338426589966,1239.7872314453125,474.0638732910156,0.9683384895324707,1309.070068359375,531.136474609375,0.9215068221092224
991,1395.8560791015625,282.1222229003906,0.9704240560531616,1288.692138671875,365.9415588378906,0.9603677988052368,1403.61328125,479.38177490234375,0.9832761883735657,1245.0185546875,483.2735290527344,0.9856725335121155,1315.698486328125,533.7553100585938,0.8663514256477356
992,1396.3265380859375,283.48956298828125,0.9724124073982239,1289.793212890625,368.2899169921875,0.9670093059539795,1406.79345703125,481.240966796875,0.9766674041748047,1251.578857421875,490.39453125,0.9784207940101624,1323.0782470703125,538.951416015625,0.8822198510169983
993,1397.1351318359375,285.2107849121094,0.9717746376991272,1290.4302978515625,371.4211730957031,0.9666591882705688,1409.6915283203125,483.37799072265625,0.9787198305130005,1258.158447265625,499.7139892578125,0.9794147610664368,1330.2786865234375,543.9227294921875,0.8922079801559448
994,1397.9002685546875,286.6026611328125,0.9739705324172974,1290.51123046875,375.42913818359375,0.9679916501045227,1412.300048828125,485.4610595703125,0.9803916215896606,1263.394287109375,506.6988525390625,0.9745522737503052,1337.5040283203125,546.6406860351562,0.912006676197052
995,1398.184326171875,288.0260314941406,0.9672183394432068,1291.341064453125,378.4278564453125,0.9679003953933716,1414.0250244140625,488.342529296875,0.9775596857070923,1270.1131591796875,514.2559204101562,0.9609896540641785,1337.5343017578125,549.6215209960938,0.8959274291992188
996,1397.58056640625,289.7825012207031,0.964666485786438,1291.3662109375,380.8259582519531,0.9676386713981628,1415.2080078125,489.88897705078125,0.9797185659408569,1275.4146728515625,522.0709228515625,0.9708124399185181,1346.754638671875,558.256103515625,0.8822219967842102
997,1396.92626953125,292.5093994140625,0.975863516330719,1293.4969482421875,384.0537414550781,0.9451397657394409,1416.383056640625,491.3547668457031,0.9811264276504517,1278.79931640625,527.8242797851562,0.9645816087722778,1353.1441650390625,563.81103515625,0.9385700225830078
998,1396.1995849609375,294.70623779296875,0.9811254739761353,1293.6024169921875,388.4367370605469,0.943833589553833,1417.6575927734375,492.78826904296875,0.983226478099823,1285.4154052734375,533.8766479492188,0.9621454477310181,1354.4886474609375,566.352783203125,0.9189461469650269
999,1396.26513671875,298.0533447265625,0.9672518372535706,1293.5943603515625,393.788330078125,0.9588559865951538,1420.2850341796875,497.6260986328125,0.9805982112884521,1286.18505859375,538.1165771484375,0.9644690752029419,1361.846435546875,572.2760620117188,0.9028363227844238
