scorer,DLC_resnet50_cb4_networkMar13shuffle1_200000,DLC_resnet50_cb4_networkMar13shuffle1_200000,DLC_resnet50_cb4_networkMar13shuffle1_200000,DLC_resnet50_cb4_networkMar13shuffle1_200000,DLC_resnet50_cb4_networkMar13shuffle1_200000,DLC_resnet50_cb4_networkMar13shuffle1_200000,DLC_resnet50_cb4_networkMar13shuffle1_200000,DLC_resnet50_cb4_networkMar13shuffle1_200000,DLC_resnet50_cb4_networkMar13shuffle1_200000,DLC_resnet50_cb4_networkMar13shuffle1_200000,DLC_resnet50_cb4_networkMar13shuffle1_200000,DLC_resnet50_cb4_networkMar13shuffle1_200000,DLC_resnet50_cb4_networkMar13shuffle1_200000,DLC_resnet50_cb4_networkMar13shuffle1_200000,DLC_resnet50_cb4_networkMar13shuffle1_200000
bodyparts,ASIS,ASIS,ASIS,Hip,Hip,Hip,Knee,Knee,Knee,Ankle,Ankle,Ankle,Toe,Toe,Toe
coords,x,y,likelihood,x,y,likelihood,x,y,likelihood,x,y,likelihood,x,y,likelihood
0,1201.8980712890625,296.33966064453125,0.9877688884735107,1151.8382568359375,379.5870056152344,0.9855583906173706,1251.712646484375,483.3209228515625,0.9864658117294312,1124.544189453125,529.8840942382812,0.9807165861129761,1195.5963134765625,576.15283203125,0.960554301738739
1,1198.4071044921875,295.4341125488281,0.9877176880836487,1148.1468505859375,379.133544921875,0.98570716381073,1248.9644775390625,483.6297302246094,0.9792071580886841,1118.0078125,529.1882934570312,0.9781360626220703,1189.617431640625,576.338134765625,0.9638592600822449
2,1195.66650390625,295.9941711425781,0.9880590438842773,1145.8697509765625,378.63555908203125,0.9875392317771912,1245.552490234375,482.4935607910156,0.982201337814331,1112.461669921875,528.6727905273438,0.9711005687713623,1182.858154296875,576.4022216796875,0.94066321849823
3,1192.456298828125,295.84228515625,0.9876075387001038,1143.9400634765625,378.8725891113281,0.9862203598022461,1241.990234375,482.6335754394531,0.9816862344741821,1108.31396484375,525.6497802734375,0.9832857847213745,1175.63134765625,575.2059936523438,0.954346239566803
4,1190.45458984375,296.2750244140625,0.9867153167724609,1140.443359375,379.11865234375,0.9928247332572937,1236.897216796875,484.38134765625,0.9878251552581787,1104.47802734375,524.4725341796875,0.9766535758972168,1171.3724365234375,576.1819458007812,0.9568239450454712
5,1188.2484130859375,296.4873352050781,0.9901458621025085,1136.721435546875,379.1238708496094,0.9884294271469116,1233.123046875,485.0487976074219,0.9843770265579224,1096.5584716796875,525.5989990234375,0.9729921817779541,1165.3436279296875,575.896484375,0.954171359539032
6,1186.1195068359375,296.69964599609375,0.9892950057983398,1133.0931396484375,378.9530334472656,0.9838640689849854,1230.4600830078125,483.8487243652344,0.9823430776596069,1091.6400146484375,522.5943603515625,0.9846723675727844,1157.9898681640625,575.6528930664062,0.9583399295806885
7,1182.6319580078125,295.73797607421875,0.9851734638214111,1130.111328125,378.6722106933594,0.9886424541473389,1227.107666015625,483.9151916503906,0.9853956699371338,1088.3670654296875,521.7330932617188,0.97247314453125,1153.8118896484375,575.7426147460938,0.9467303156852722
8,1179.4915771484375,296.60260009765625,0.9877183437347412,1128.36083984375,378.792236328125,0.9844416379928589,1222.420166015625,485.8743591308594,0.9874532222747803,1080.5972900390625,521.8724365234375,0.9621564149856567,1146.71630859375,575.6419067382812,0.9472883939743042
9,1176.63623046875,296.77691650390625,0.986980140209198,1125.102294921875,378.69012451171875,0.9910012483596802,1218.6710205078125,486.4720458984375,0.9871014356613159,1074.9102783203125,520.0978393554688,0.9784769415855408,1139.667724609375,575.63525390625,0.9513179063796997
10,1174.6968994140625,297.7240905761719,0.9860987663269043,1121.199462890625,379.1533508300781,0.9891855716705322,1215.3089599609375,485.88336181640625,0.9784767031669617,1068.999755859375,519.4539794921875,0.9750500321388245,1133.633544921875,574.904052734375,0.9437687397003174
11,1172.6290283203125,297.3153991699219,0.9874849319458008,1116.70654296875,378.94879150390625,0.9830098152160645,1211.59619140625,485.7706604003906,0.9835104942321777,1063.210205078125,517.280517578125,0.9672653675079346,1125.9031982421875,574.6666259765625,0.95903480052948
12,1170.1080322265625,298.0686950683594,0.9882428646087646,1113.7947998046875,378.7203063964844,0.9846320748329163,1206.278564453125,487.6134338378906,0.9868090748786926,1058.8516845703125,516.6840209960938,0.9782199263572693,1121.8077392578125,574.8267211914062,0.9455438256263733
13,1165.4073486328125,296.8919677734375,0.9841679334640503,1111.3255615234375,378.07464599609375,0.9859627485275269,1202.572509765625,487.5187683105469,0.985418438911438,1051.2576904296875,516.251708984375,0.9833865165710449,1115.24462890625,573.1204223632812,0.949469804763794
14,1161.76171875,298.1552734375,0.986333966255188,1106.98388671875,377.8883361816406,0.9902514219284058,1198.1458740234375,487.61395263671875,0.9696660041809082,1046.894287109375,514.3735961914062,0.9741103649139404,1108.05126953125,573.8076782226562,0.9581397771835327
15,1158.8486328125,298.39306640625,0.9859881401062012,1102.1041259765625,378.01751708984375,0.9750000834465027,1193.4052734375,488.44757080078125,0.982998788356781,1042.0093994140625,512.8601684570312,0.9782669544219971,1101.4444580078125,572.8038330078125,0.9450908899307251
16,1156.2840576171875,298.67132568359375,0.9846421480178833,1098.4906005859375,378.4832763671875,0.98713219165802,1189.7427978515625,489.313720703125,0.9894940853118896,1034.53564453125,513.05517578125,0.9809590578079224,1094.818603515625,572.2063598632812,0.955929160118103
17,1153.2215576171875,299.7131042480469,0.9856953620910645,1095.947265625,378.1354675292969,0.9827471375465393,1185.7545166015625,489.37469482421875,0.9864090085029602,1029.0108642578125,510.0865783691406,0.9801578521728516,1090.034423828125,572.6093139648438,0.954842209815979
18,1148.7779541015625,300.4853210449219,0.9829092025756836,1091.4691162109375,378.0417785644531,0.9908132553100586,1180.007568359375,490.1287841796875,0.978499174118042,1025.2962646484375,508.358154296875,0.9777973890304565,1083.9163818359375,571.9072875976562,0.9412498474121094
19,1143.4273681640625,298.9062194824219,0.9826269149780273,1085.9454345703125,378.8267822265625,0.9822742938995361,1176.3126220703125,490.61572265625,0.9870460033416748,1018.3358764648438,509.2042236328125,0.9777265787124634,1076.89990234375,571.992919921875,0.963668942451477
20,1141.0325927734375,299.5326232910156,0.9854689836502075,1082.4869384765625,378.9510803222656,0.9898698329925537,1171.8031005859375,490.7705383300781,0.9892380237579346,1012.8113403320312,507.4550476074219,0.9823850989341736,1071.03515625,570.912841796875,0.9306052327156067
21,1136.9912109375,300.6853332519531,0.9820219278335571,1079.869873046875,378.5731506347656,0.9877398014068604,1168.6710205078125,491.4245910644531,0.9795517921447754,1008.1776733398438,506.03271484375,0.972991943359375,1062.8560791015625,570.67529296875,0.9583161473274231
22,1132.6153564453125,301.4285583496094,0.9844235181808472,1074.9256591796875,378.93707275390625,0.9929808974266052,1163.30322265625,492.3323059082031,0.9828166961669922,1000.9684448242188,506.5147705078125,0.9713314771652222,1058.052490234375,571.5528564453125,0.951431155204773
23,1127.3980712890625,301.8252258300781,0.9824057221412659,1068.88720703125,379.6642150878906,0.9877175092697144,1158.3240966796875,492.26971435546875,0.988298773765564,994.4071044921875,504.5792541503906,0.9765360951423645,1048.538818359375,570.6360473632812,0.9421335458755493
24,1123.815673828125,301.84320068359375,0.9840202331542969,1065.71044921875,380.1519470214844,0.9865373373031616,1153.9647216796875,492.8088684082031,0.9826767444610596,988.2989501953125,505.1592102050781,0.981793999671936,1043.5748291015625,570.7657470703125,0.9549731612205505
25,1119.2384033203125,303.3631591796875,0.9724845886230469,1061.5899658203125,380.1580810546875,0.9907300472259521,1148.8797607421875,493.3517761230469,0.9765075445175171,981.5504150390625,502.7297058105469,0.9682618379592896,1036.849609375,570.0150756835938,0.9344501495361328
26,1114.5701904296875,305.7285461425781,0.985319197177887,1056.3642578125,381.1301574707031,0.9837443828582764,1143.3475341796875,493.8812561035156,0.9802229404449463,975.7686767578125,502.61383056640625,0.9777122735977173,1030.296875,570.1735229492188,0.9514827728271484
27,1109.7403564453125,306.2167053222656,0.9843820333480835,1051.8177490234375,381.7142639160156,0.9854854345321655,1138.7138671875,494.7679443359375,0.9799561500549316,969.58642578125,502.45697021484375,0.9760652780532837,1025.228515625,570.8648071289062,0.9363161325454712
28,1105.9527587890625,307.5690002441406,0.9848856925964355,1047.7086181640625,381.8757629394531,0.9760082364082336,1135.2071533203125,496.6298522949219,0.9691380262374878,964.2537231445312,501.4870910644531,0.9732098579406738,1018.9581298828125,570.4713745117188,0.9362773895263672
29,1099.8309326171875,308.78094482421875,0.9876448512077332,1042.979248046875,382.764892578125,0.9804722666740417,1130.6702880859375,497.5230712890625,0.979939341545105,958.7841796875,501.57086181640625,0.9808263778686523,1012.8045043945312,569.976806640625,0.9490580558776855
30,1094.7193603515625,308.919921875,0.9822136163711548,1037.14453125,383.5343017578125,0.9836910963058472,1123.5765380859375,499.81512451171875,0.9881436824798584,952.9339599609375,500.7142639160156,0.9707769155502319,1006.00537109375,570.0571899414062,0.9192266464233398
31,1092.1552734375,309.5914611816406,0.9874594211578369,1032.6268310546875,383.92584228515625,0.9770709276199341,1120.173583984375,499.2650451660156,0.9752200841903687,948.0361328125,499.4152526855469,0.9717243313789368,998.55322265625,569.803466796875,0.952241063117981
32,1087.9876708984375,311.6239318847656,0.9777361154556274,1029.751220703125,384.4398193359375,0.9811996221542358,1114.7025146484375,500.2188720703125,0.9814450740814209,941.3099975585938,498.8748779296875,0.9830269813537598,992.5000610351562,570.38916015625,0.9134883880615234
33,1082.0697021484375,312.46636962890625,0.9847527146339417,1023.661865234375,384.7718505859375,0.9762207269668579,1108.7633056640625,502.8484802246094,0.9906617403030396,935.8064575195312,497.17694091796875,0.967345654964447,985.8687744140625,570.2916259765625,0.9363765716552734
34,1078.703369140625,312.3489990234375,0.9769641160964966,1019.9307250976562,383.65765380859375,0.9848723411560059,1105.2142333984375,502.70220947265625,0.9857335090637207,930.8428955078125,495.66607666015625,0.9701402187347412,978.7919311523438,569.3615112304688,0.942570686340332
35,1076.364013671875,313.93853759765625,0.9819349050521851,1015.9524536132812,384.22076416015625,0.9723077416419983,1099.538818359375,503.36004638671875,0.9828174114227295,924.1304321289062,495.6607360839844,0.9743854999542236,972.8954467773438,569.3071899414062,0.9198596477508545
36,1072.407958984375,315.0411376953125,0.9770452976226807,1012.4263916015625,384.85723876953125,0.9838961362838745,1093.8743896484375,504.7431945800781,0.9888507127761841,917.8309936523438,493.544921875,0.9695881605148315,965.5942993164062,569.4275512695312,0.9430356025695801
37,1065.91796875,315.44989013671875,0.9849525690078735,1006.4331665039062,386.100830078125,0.9856003522872925,1089.7711181640625,504.05792236328125,0.9886789321899414,913.7923583984375,492.2015075683594,0.9744159579277039,959.97509765625,568.121826171875,0.9016927480697632
38,1062.337646484375,316.2720031738281,0.9814127683639526,1002.4951782226562,385.5094299316406,0.9861259460449219,1082.8201904296875,504.726806640625,0.9824973940849304,908.7417602539062,492.15997314453125,0.980902910232544,954.4762573242188,569.4861450195312,0.91131591796875
39,1059.19580078125,316.8280029296875,0.9791815876960754,998.8665161132812,386.316162109375,0.9801620244979858,1079.70849609375,506.12713623046875,0.9883801937103271,902.1591796875,490.7603454589844,0.9768744707107544,946.495849609375,567.74755859375,0.9432153105735779
40,1054.33203125,318.545166015625,0.9604834318161011,995.6971435546875,387.0312194824219,0.9866392612457275,1075.4046630859375,506.1229553222656,0.9889783263206482,897.6369018554688,489.5599670410156,0.9768956899642944,940.2027587890625,567.0555419921875,0.9143987894058228
41,1050.6959228515625,320.94635009765625,0.9792476892471313,990.368408203125,387.796630859375,0.9800090789794922,1071.2490234375,507.0809326171875,0.9807044267654419,892.5437622070312,489.8073425292969,0.9816499948501587,933.6639404296875,567.0139770507812,0.9558615684509277
42,1046.3116455078125,318.85198974609375,0.977843165397644,986.31201171875,386.7613220214844,0.9830754995346069,1064.8330078125,506.9584045410156,0.9860997200012207,885.6943969726562,487.7179870605469,0.9707659482955933,928.0466918945312,566.4273681640625,0.9220839738845825
43,1043.5062255859375,318.3726806640625,0.9750522375106812,982.7849731445312,386.6382751464844,0.9748166799545288,1061.184326171875,506.8627624511719,0.9898576736450195,881.6221923828125,487.0975036621094,0.9698368310928345,919.6741943359375,565.9420776367188,0.9386374354362488
44,1039.2857666015625,320.71240234375,0.9608030319213867,980.1883544921875,386.5413513183594,0.9867467880249023,1057.073974609375,507.0516662597656,0.983604907989502,875.8064575195312,485.70379638671875,0.9837294220924377,913.8529663085938,565.8229370117188,0.9538024663925171
45,1036.1922607421875,320.765869140625,0.9747348427772522,974.792236328125,386.97711181640625,0.9847467541694641,1050.984130859375,506.6617431640625,0.9841658473014832,871.1831665039062,483.8068542480469,0.9622028470039368,908.1804809570312,564.9599609375,0.9413862228393555
46,1032.2235107421875,320.6159973144531,0.9752300381660461,971.3280029296875,385.2168273925781,0.9911357164382935,1047.16552734375,506.64892578125,0.9921222925186157,864.6475219726562,483.1955871582031,0.9763681888580322,901.1355590820312,565.0198364257812,0.9565025568008423
47,1030.274658203125,319.2207946777344,0.9674776792526245,968.8255615234375,385.62347412109375,0.9877794981002808,1043.7210693359375,506.4436340332031,0.9895025491714478,860.1984252929688,483.0450134277344,0.9817672967910767,893.8748168945312,563.9003295898438,0.9346014261245728
48,1028.6077880859375,319.2358093261719,0.9721118211746216,966.3123779296875,384.8731994628906,0.9843862056732178,1040.3197021484375,506.8058166503906,0.9778820276260376,856.3980712890625,481.5084533691406,0.9562121629714966,888.2416381835938,564.2289428710938,0.9223085641860962
49,1025.9888916015625,322.0296936035156,0.9642848968505859,964.6140747070312,385.3294677734375,0.9859236478805542,1033.9427490234375,506.5843200683594,0.9868533611297607,851.390625,479.5909118652344,0.9710787534713745,883.0408325195312,564.4111328125,0.9481801986694336
50,1023.1722412109375,322.53753662109375,0.9590096473693848,961.75390625,385.1273498535156,0.9825727939605713,1031.25390625,506.62677001953125,0.991012692451477,845.495849609375,479.9114685058594,0.97432541847229,877.1150512695312,563.556884765625,0.9370836615562439
51,1020.438232421875,322.5045471191406,0.9762617349624634,957.1036376953125,384.36236572265625,0.9878487586975098,1028.316650390625,506.2182312011719,0.9905619621276855,840.7449951171875,477.4647521972656,0.9690431356430054,870.7765502929688,563.4190063476562,0.954735517501831
52,1017.1660766601562,323.05584716796875,0.9740100502967834,954.9088745117188,383.53485107421875,0.987652063369751,1025.2593994140625,506.7388000488281,0.9811990261077881,835.8598022460938,475.78900146484375,0.9736580848693848,864.323486328125,563.301025390625,0.9444652795791626
53,1014.8875122070312,322.2381286621094,0.9661165475845337,952.912353515625,383.0142822265625,0.9833554029464722,1020.4318237304688,506.40435791015625,0.9817655682563782,830.1337280273438,474.8240051269531,0.9774409532546997,858.6801147460938,562.7249755859375,0.9267470836639404
54,1013.9056396484375,320.04278564453125,0.9724011421203613,951.4298706054688,383.3917541503906,0.9791240692138672,1016.4808349609375,506.3046875,0.9873677492141724,825.6259155273438,473.6971435546875,0.976351261138916,850.8792114257812,562.0082397460938,0.9591660499572754
55,1013.5419311523438,319.77093505859375,0.9762626886367798,949.798583984375,383.46612548828125,0.9826701879501343,1014.6804809570312,506.47393798828125,0.9910272359848022,820.5722045898438,472.47808837890625,0.9778767824172974,845.515869140625,562.229248046875,0.9423840045928955
56,1012.041259765625,319.9600524902344,0.9741577506065369,948.1140747070312,383.62261962890625,0.9834524393081665,1012.0591430664062,505.85137939453125,0.991496205329895,815.7937622070312,472.7007141113281,0.9693968892097473,839.2222290039062,560.757080078125,0.9465388059616089
57,1011.3594970703125,319.8267517089844,0.9634560942649841,946.21630859375,383.3133850097656,0.984403133392334,1010.0823364257812,505.6395568847656,0.9839185476303101,810.923095703125,472.5541076660156,0.9757304191589355,833.4136352539062,561.38232421875,0.9525991082191467
58,1010.640625,319.3835754394531,0.9582865238189697,944.2528076171875,383.1148376464844,0.9782967567443848,1007.110107421875,504.8353271484375,0.9732707738876343,806.4426879882812,470.6266174316406,0.9569661617279053,827.949951171875,562.3414306640625,0.93080735206604
59,1010.740478515625,319.4061584472656,0.9646797180175781,942.212158203125,382.4816589355469,0.9804058074951172,1002.5569458007812,503.4709167480469,0.981768012046814,803.0350341796875,471.2998046875,0.9729657173156738,821.1973876953125,560.942138671875,0.9489604234695435
60,1010.0763549804688,318.2159423828125,0.9600566625595093,941.5158081054688,381.6257629394531,0.9836966395378113,999.4119262695312,503.9527587890625,0.9881852865219116,799.207275390625,469.8421630859375,0.9669216871261597,815.5160522460938,560.33203125,0.9353863000869751
61,1009.4779663085938,317.3883056640625,0.9647067785263062,940.6680908203125,380.14788818359375,0.9854868650436401,997.857666015625,501.8060607910156,0.9848814010620117,795.2940063476562,469.2442626953125,0.9775286316871643,809.5794067382812,560.3255004882812,0.9315875768661499
62,1009.7294311523438,316.28533935546875,0.9637967348098755,940.134033203125,379.096923828125,0.9856710433959961,995.8482666015625,499.87396240234375,0.9871366024017334,792.1732177734375,467.3653869628906,0.9514291286468506,802.5206298828125,559.3009033203125,0.9516004323959351
63,1010.701416015625,315.521240234375,0.9615962505340576,939.89794921875,377.737548828125,0.979947566986084,993.8800048828125,498.37286376953125,0.9778785109519958,790.01708984375,465.4075622558594,0.9429885149002075,797.5557861328125,559.4270629882812,0.9481000900268555
64,1011.5846557617188,314.5226745605469,0.9697182178497314,940.7249145507812,375.3868103027344,0.9780420064926147,992.7123413085938,495.6236572265625,0.9713186025619507,787.7196044921875,463.786865234375,0.9395110607147217,791.0390014648438,557.2833862304688,0.9141515493392944
65,1011.7820434570312,312.225341796875,0.9652361869812012,940.9907836914062,373.4273376464844,0.9827650189399719,992.4080810546875,494.2701416015625,0.9746457934379578,786.4066162109375,461.09912109375,0.9439714550971985,787.2047119140625,555.8492431640625,0.9439273476600647
66,1012.5813598632812,311.7281188964844,0.9707841873168945,941.7041625976562,372.904052734375,0.9840589761734009,992.9505615234375,493.3611145019531,0.9793627262115479,786.4715576171875,458.677734375,0.9657547473907471,782.6561889648438,554.3009643554688,0.9078603982925415
67,1013.2704467773438,310.5893249511719,0.9742103815078735,942.7515258789062,372.07696533203125,0.9823039770126343,993.8827514648438,493.4951171875,0.9859511852264404,788.3299560546875,455.9852294921875,0.9679387807846069,778.9315185546875,552.9314575195312,0.9121487140655518
68,1014.1401977539062,310.1705627441406,0.9691770076751709,945.8168334960938,371.1761169433594,0.9817948341369629,997.1370239257812,492.48046875,0.9918853044509888,793.5641479492188,451.5897521972656,0.9729859232902527,776.482666015625,548.1246948242188,0.913127064704895
69,1014.4425048828125,310.1006774902344,0.9680144786834717,948.2240600585938,370.1032409667969,0.9858084917068481,1000.0175170898438,492.2487487792969,0.9891042709350586,798.9201049804688,444.6041564941406,0.9764860272407532,775.7723388671875,541.7698364257812,0.885590672492981
70,1015.2243041992188,310.524658203125,0.9678846597671509,950.5633544921875,368.1531066894531,0.9804747104644775,1002.2138061523438,492.3962097167969,0.9857600927352905,806.426025390625,438.33502197265625,0.9714909791946411,778.700439453125,534.9154052734375,0.8611389398574829
71,1016.50146484375,309.9273986816406,0.9710162878036499,952.7233276367188,366.21478271484375,0.9856412410736084,1009.1185302734375,491.9389953613281,0.9819622039794922,814.6331787109375,432.7432556152344,0.9777825474739075,782.2011108398438,530.229248046875,0.8914628028869629
72,1018.6588134765625,310.1203918457031,0.9715428352355957,955.5546264648438,364.506103515625,0.9893732070922852,1014.99853515625,491.1263122558594,0.990644097328186,825.293212890625,426.7591247558594,0.9840847253799438,788.5913696289062,521.7850952148438,0.8889093995094299
73,1022.3610229492188,309.0082702636719,0.9659494757652283,959.3482666015625,362.5666198730469,0.9818100929260254,1020.4699096679688,490.24456787109375,0.9781087636947632,837.195556640625,417.7916259765625,0.9752404093742371,798.747314453125,518.8189086914062,0.8859419822692871
74,1025.083251953125,307.8721923828125,0.9391326904296875,963.6937255859375,360.3009033203125,0.9849657416343689,1027.5318603515625,489.1111145019531,0.9876220226287842,847.1136474609375,414.1607666015625,0.9796051979064941,816.6288452148438,507.6589660644531,0.8891162276268005
75,1028.147705078125,306.59332275390625,0.9632847905158997,967.5520629882812,356.73236083984375,0.9865621328353882,1032.5992431640625,487.55474853515625,0.9844952821731567,858.6568603515625,411.53033447265625,0.9895181655883789,839.4631958007812,504.4468994140625,0.9255959987640381
76,1029.44091796875,301.7123107910156,0.9563188552856445,971.4092407226562,354.6207580566406,0.9920302033424377,1040.6993408203125,486.1166076660156,0.9864310026168823,871.0931396484375,411.9841003417969,0.9782959222793579,864.431396484375,502.85418701171875,0.9232173562049866
77,1030.0809326171875,299.3399963378906,0.9800353050231934,976.2118530273438,354.0490417480469,0.9892154932022095,1050.6038818359375,484.7724609375,0.9862099885940552,883.95703125,414.4813232421875,0.98473060131073,890.3440551757812,504.9202575683594,0.9084042310714722
78,1032.042236328125,298.08392333984375,0.9667187929153442,981.5243530273438,353.0827331542969,0.9861576557159424,1059.2052001953125,483.3177185058594,0.9862638711929321,895.3765869140625,421.2776184082031,0.9881294965744019,914.2809448242188,508.5657958984375,0.9119975566864014
79,1035.4141845703125,299.1495361328125,0.960532546043396,985.2491455078125,353.19268798828125,0.9865833520889282,1067.6290283203125,479.7646789550781,0.973345160484314,908.299560546875,427.6879577636719,0.9894838333129883,938.9336547851562,511.072998046875,0.8894141316413879
80,1042.036376953125,299.4190368652344,0.9714954495429993,989.8153076171875,355.30511474609375,0.9888527393341064,1078.2091064453125,478.5904541015625,0.9823179244995117,920.25927734375,433.5743408203125,0.9804826378822327,960.4000854492188,514.0621337890625,0.9162390232086182
81,1045.266357421875,297.8533935546875,0.9795340895652771,994.872314453125,357.8350524902344,0.9844241142272949,1089.905517578125,477.009521484375,0.9773721694946289,931.5139770507812,443.28521728515625,0.988777756690979,982.1602172851562,517.177734375,0.9346095323562622
82,1046.3299560546875,296.3194274902344,0.9801666736602783,999.0082397460938,361.11956787109375,0.9737603068351746,1098.322265625,474.5254211425781,0.9757238626480103,942.9601440429688,454.2933654785156,0.9751100540161133,1003.9832763671875,519.5616455078125,0.9040042161941528
83,1049.1043701171875,296.04638671875,0.9852020740509033,1002.8755493164062,363.7575988769531,0.981985330581665,1108.796142578125,472.123779296875,0.9867908954620361,954.7211303710938,465.47625732421875,0.9825873970985413,1023.4263305664062,523.4860229492188,0.9322155714035034
84,1055.0479736328125,295.42608642578125,0.978766918182373,1008.4485473632812,366.98602294921875,0.9728345274925232,1119.6905517578125,469.4320068359375,0.9695377349853516,968.8220825195312,476.0037536621094,0.9719472527503967,1041.40185546875,527.4986572265625,0.9234189391136169
85,1058.748046875,294.72607421875,0.9898048639297485,1013.7103881835938,369.0462951660156,0.9841127395629883,1127.396240234375,468.62249755859375,0.9853368401527405,982.9407348632812,484.46002197265625,0.9736946821212769,1059.5283203125,532.8182373046875,0.954073965549469
86,1062.0697021484375,293.2498474121094,0.9897103309631348,1017.5458984375,369.85064697265625,0.9838882684707642,1136.8670654296875,466.25018310546875,0.9759670495986938,998.0545043945312,494.2508544921875,0.9768534302711487,1078.1048583984375,536.8359375,0.9392133951187134
87,1065.7440185546875,290.6427001953125,0.9909530878067017,1023.1217651367188,372.3524169921875,0.9798473715782166,1144.0435791015625,461.46685791015625,0.9669707417488098,1016.0940551757812,505.4440612792969,0.9706627130508423,1099.4200439453125,539.907958984375,0.9417438507080078
88,1072.064208984375,288.2454528808594,0.983981728553772,1030.158935546875,371.16064453125,0.9817111492156982,1153.945068359375,460.8459167480469,0.979416012763977,1034.6741943359375,512.8189086914062,0.9766137003898621,1121.8564453125,544.2764282226562,0.9459038972854614
89,1075.593017578125,284.6304626464844,0.9908405542373657,1036.1146240234375,371.40960693359375,0.9797409772872925,1160.910400390625,458.4198913574219,0.9811004996299744,1055.7933349609375,519.1249389648438,0.9676318764686584,1141.817138671875,545.36083984375,0.9569060206413269
90,1079.5872802734375,281.4122314453125,0.9864382147789001,1044.2242431640625,370.29644775390625,0.9839820861816406,1171.4666748046875,456.6429138183594,0.9855114817619324,1077.095703125,524.2725830078125,0.986824095249176,1163.9566650390625,547.2005615234375,0.9429547786712646
91,1086.1568603515625,278.8770751953125,0.9900853633880615,1050.9168701171875,368.12939453125,0.9857789278030396,1181.2181396484375,453.6234130859375,0.9769332408905029,1096.5074462890625,528.942626953125,0.9628610610961914,1182.946044921875,547.2596435546875,0.9479813575744629
92,1091.5218505859375,277.0513610839844,0.9945350885391235,1060.2716064453125,367.4364929199219,0.9756301641464233,1188.4693603515625,451.1227722167969,0.9824874401092529,1113.4117431640625,530.4791259765625,0.9729050397872925,1203.433349609375,547.647705078125,0.9558442831039429
93,1097.8392333984375,274.7807312011719,0.9930235147476196,1066.986572265625,365.8037414550781,0.9758002758026123,1197.519775390625,447.2666320800781,0.979734480381012,1129.5035400390625,531.700439453125,0.9776663184165955,1218.1795654296875,548.7390747070312,0.9492797255516052
94,1104.9361572265625,274.0711669921875,0.992068886756897,1075.0540771484375,364.484375,0.9856652021408081,1204.3333740234375,444.51611328125,0.9875272512435913,1144.0126953125,531.6511840820312,0.967962384223938,1229.99951171875,551.1464233398438,0.9140909910202026
95,1111.251953125,272.0624084472656,0.988990306854248,1082.2518310546875,363.5283508300781,0.9775550961494446,1210.0751953125,443.78277587890625,0.9840099811553955,1152.243896484375,532.7241821289062,0.9728306531906128,1237.8009033203125,555.0071411132812,0.9566880464553833
96,1117.144775390625,271.0917053222656,0.9862093925476074,1089.7430419921875,362.4080505371094,0.9854695796966553,1217.2362060546875,441.9950256347656,0.9877169728279114,1158.82275390625,532.6888427734375,0.9768189787864685,1243.7227783203125,559.956298828125,0.9465548992156982
97,1123.7462158203125,270.28021240234375,0.9922559261322021,1095.8560791015625,361.3202209472656,0.9738234281539917,1222.517333984375,442.1448059082031,0.9848201870918274,1160.50341796875,533.909423828125,0.9682912826538086,1239.9293212890625,564.971435546875,0.9500046968460083
98,1129.211669921875,268.9126281738281,0.9881867170333862,1100.472900390625,361.972412109375,0.9799883365631104,1225.9114990234375,443.2862548828125,0.9742999076843262,1155.0797119140625,535.3974609375,0.9800851941108704,1235.6424560546875,568.7858276367188,0.9539686441421509
99,1135.6044921875,270.24676513671875,0.9824948906898499,1106.3577880859375,361.7103271484375,0.9864068031311035,1229.4296875,445.88427734375,0.9734123945236206,1148.2314453125,536.7081909179688,0.9794290065765381,1226.8385009765625,569.5081787109375,0.9453608989715576
100,1141.439453125,270.9952697753906,0.9902607798576355,1110.2025146484375,361.86181640625,0.9878149032592773,1231.8489990234375,448.12261962890625,0.9728899002075195,1142.515869140625,535.7489624023438,0.9756491184234619,1220.9140625,570.3667602539062,0.9633979797363281
101,1146.6314697265625,271.847900390625,0.9907328486442566,1112.5,363.1065979003906,0.9774512648582458,1231.6658935546875,452.07403564453125,0.9757087230682373,1137.2666015625,536.0045776367188,0.9775593876838684,1213.85791015625,569.382080078125,0.9395766854286194
102,1150.453369140625,273.1537170410156,0.9888520240783691,1114.484375,363.7698974609375,0.9880281686782837,1230.2122802734375,455.935791015625,0.974230170249939,1130.8807373046875,535.0445556640625,0.9749531745910645,1206.78125,570.1199340820312,0.9652429819107056
103,1154.7628173828125,274.7755432128906,0.9940652251243591,1115.47216796875,364.76593017578125,0.9886018633842468,1227.1297607421875,457.7559509277344,0.9814692735671997,1126.6129150390625,532.0364379882812,0.9758949279785156,1203.5784912109375,570.0653686523438,0.9593018293380737
104,1158.0540771484375,275.5469055175781,0.9915981292724609,1117.2777099609375,365.81060791015625,0.9847785234451294,1225.3057861328125,458.7321472167969,0.9834151268005371,1122.050048828125,530.774658203125,0.9752620458602905,1196.4951171875,569.7446899414062,0.947108268737793
105,1160.797607421875,275.70391845703125,0.9935339689254761,1117.6517333984375,366.1868896484375,0.9805698394775391,1224.2344970703125,459.4786682128906,0.9791789650917053,1113.8599853515625,529.6798706054688,0.9819144010543823,1189.3345947265625,569.8594360351562,0.9746994972229004
106,1164.0670166015625,276.0567626953125,0.9919619560241699,1119.7113037109375,365.42034912109375,0.9785239696502686,1222.015625,460.554443359375,0.9830012917518616,1109.883056640625,526.9629516601562,0.9790189266204834,1184.36767578125,569.8839111328125,0.940664529800415
107,1166.5164794921875,277.08233642578125,0.9896886348724365,1120.5093994140625,364.7643127441406,0.9855984449386597,1220.4576416015625,462.1856689453125,0.9818586707115173,1106.0469970703125,524.9066772460938,0.9860898852348328,1175.981201171875,569.2954711914062,0.964256763458252
108,1168.3529052734375,278.2375793457031,0.9896285533905029,1121.5235595703125,364.1805725097656,0.990347683429718,1219.320068359375,465.70428466796875,0.9863355159759521,1099.598388671875,524.8286743164062,0.9817301630973816,1171.55029296875,569.63671875,0.962743878364563
109,1169.3978271484375,278.8193664550781,0.9919475317001343,1121.608154296875,363.6388244628906,0.9903448820114136,1217.0179443359375,466.651123046875,0.9831372499465942,1094.149658203125,522.5586547851562,0.983127772808075,1164.5767822265625,568.4780883789062,0.9404265880584717
110,1170.57373046875,279.0814208984375,0.9930781126022339,1121.7010498046875,363.39276123046875,0.9913011789321899,1216.265869140625,467.51141357421875,0.9800770282745361,1089.9171142578125,520.9781494140625,0.9827698469161987,1158.4796142578125,569.1014404296875,0.9652830958366394
111,1171.74365234375,279.3675231933594,0.9915425777435303,1121.662841796875,362.9293518066406,0.990357518196106,1213.6058349609375,469.0329895019531,0.9851282835006714,1085.849365234375,520.7471923828125,0.978196382522583,1153.09130859375,569.2728881835938,0.9438650012016296
112,1172.700439453125,280.0345764160156,0.9899325370788574,1121.2860107421875,362.79052734375,0.9898056983947754,1211.248291015625,470.1059265136719,0.984328031539917,1080.4339599609375,517.1312866210938,0.9731466770172119,1147.028564453125,568.1590576171875,0.9423601031303406
113,1173.7171630859375,280.6654357910156,0.9880363941192627,1121.069580078125,362.191162109375,0.9873343706130981,1209.66259765625,471.80126953125,0.982649564743042,1075.9959716796875,516.31494140625,0.9809081554412842,1140.207275390625,567.6647338867188,0.9649699926376343
114,1174.503662109375,280.70086669921875,0.9853192567825317,1120.6611328125,361.8278503417969,0.9845059514045715,1206.611572265625,472.7728271484375,0.9877738952636719,1070.1727294921875,515.0810546875,0.984511137008667,1133.420166015625,567.3045043945312,0.9541932344436646
115,1175.63720703125,280.6128234863281,0.981882631778717,1120.1304931640625,361.12298583984375,0.9775485992431641,1204.0606689453125,473.2689514160156,0.9932858347892761,1065.2244873046875,513.435546875,0.9805891513824463,1127.4139404296875,567.0731201171875,0.9519308805465698
116,1176.573974609375,280.353515625,0.9871466159820557,1119.7271728515625,361.05865478515625,0.9708210229873657,1202.24853515625,473.6690368652344,0.9900329113006592,1060.947509765625,510.0617370605469,0.985761284828186,1122.769775390625,567.371826171875,0.9598544836044312
117,1177.3536376953125,280.52783203125,0.9882210493087769,1118.74755859375,359.61944580078125,0.9715481996536255,1200.493408203125,473.94635009765625,0.9834640026092529,1057.709716796875,507.3917541503906,0.9841328859329224,1116.2427978515625,567.0535278320312,0.9526432156562805
118,1178.5294189453125,280.362548828125,0.9882537126541138,1118.629150390625,359.3428955078125,0.9740217924118042,1197.781982421875,474.7695007324219,0.980326771736145,1053.372314453125,507.5133361816406,0.97752845287323,1109.4522705078125,566.7318115234375,0.964407742023468
119,1180.2977294921875,280.6058654785156,0.9881095886230469,1118.62890625,358.5745849609375,0.9799083471298218,1197.098388671875,475.11724853515625,0.9808726906776428,1047.5445556640625,504.84930419921875,0.9681967496871948,1104.53125,566.5314331054688,0.9397707581520081
120,1181.85302734375,280.29083251953125,0.9848043322563171,1118.472900390625,357.8351745605469,0.9834259152412415,1195.424560546875,475.29217529296875,0.9849358201026917,1043.821533203125,502.88555908203125,0.9727030992507935,1096.0689697265625,565.7960205078125,0.9463892579078674
121,1184.639892578125,282.1581726074219,0.9870020151138306,1118.7547607421875,357.5318298339844,0.9835429191589355,1193.9329833984375,475.25927734375,0.9865908622741699,1039.1640625,501.5497741699219,0.983884334564209,1091.37890625,565.8720092773438,0.9634189605712891
122,1185.542236328125,282.3362121582031,0.9886649250984192,1119.0137939453125,356.8877258300781,0.984439492225647,1193.073974609375,475.41314697265625,0.9868454933166504,1034.4547119140625,500.2953796386719,0.9863275289535522,1085.292236328125,565.322509765625,0.9391244649887085
123,1186.8876953125,282.6800231933594,0.990305483341217,1119.3746337890625,356.65216064453125,0.9849729537963867,1191.8939208984375,475.73583984375,0.9892933964729309,1030.85400390625,497.79998779296875,0.9786268472671509,1079.07568359375,565.71240234375,0.9516475200653076
124,1188.278076171875,283.2565612792969,0.9907482266426086,1119.978515625,356.438720703125,0.9818100929260254,1191.26806640625,475.8038024902344,0.9908411502838135,1026.5438232421875,495.5937194824219,0.9768717288970947,1074.547607421875,565.9827270507812,0.955382227897644
125,1189.4224853515625,284.7152404785156,0.9887315034866333,1121.3885498046875,356.3299255371094,0.9813590049743652,1190.4083251953125,476.4206237792969,0.9921535849571228,1022.40478515625,492.8224792480469,0.9750202894210815,1067.9783935546875,564.6478271484375,0.9505856037139893
126,1190.6370849609375,285.5650329589844,0.9840404391288757,1121.5574951171875,356.7918395996094,0.981987714767456,1189.589599609375,476.6065673828125,0.9916177988052368,1018.360107421875,491.7025451660156,0.9747511148452759,1061.4776611328125,565.0491943359375,0.9589427709579468
127,1191.668701171875,288.72467041015625,0.9855546951293945,1121.8765869140625,357.407958984375,0.9821977615356445,1188.072998046875,477.6241455078125,0.9904568195343018,1012.6350708007812,489.3737487792969,0.9758877158164978,1054.0780029296875,563.75341796875,0.9278711676597595
128,1192.237060546875,290.2850036621094,0.9877127408981323,1122.2662353515625,358.5544128417969,0.9823741912841797,1186.271728515625,477.76263427734375,0.9880393743515015,1008.5997314453125,489.0619201660156,0.9627031087875366,1047.7939453125,563.177734375,0.9396809339523315
129,1192.528076171875,292.6241760253906,0.9868856072425842,1122.0013427734375,360.61297607421875,0.9813550114631653,1185.013427734375,478.5102233886719,0.9728788137435913,1003.3741455078125,487.1796875,0.9779307842254639,1042.9835205078125,563.2153930664062,0.9554754495620728
130,1192.1708984375,293.4185791015625,0.9835982918739319,1121.7645263671875,361.73382568359375,0.9873663187026978,1181.2615966796875,478.6221618652344,0.9715918302536011,998.6817016601562,485.37542724609375,0.9677202105522156,1036.9248046875,562.9563598632812,0.9378501772880554
131,1191.9765625,294.96185302734375,0.9827800393104553,1121.697021484375,362.82843017578125,0.9901882410049438,1180.5804443359375,480.6960144042969,0.9762883186340332,994.98779296875,484.51751708984375,0.9717220664024353,1029.8382568359375,562.48193359375,0.9558281898498535
132,1192.2061767578125,296.4337158203125,0.978618860244751,1121.3702392578125,363.8487243652344,0.9913595914840698,1179.0694580078125,481.16064453125,0.9762089252471924,989.2872314453125,483.5661315917969,0.9788652658462524,1024.9952392578125,562.4368896484375,0.9483227729797363
133,1191.9691162109375,297.50262451171875,0.9796410799026489,1120.850830078125,365.04351806640625,0.9881942272186279,1175.717529296875,482.4834899902344,0.982223391532898,985.2207641601562,482.0375671386719,0.9580848813056946,1020.2828979492188,562.2894897460938,0.9422323107719421
134,1192.1483154296875,297.8753356933594,0.9774491786956787,1120.4744873046875,365.5998840332031,0.9867285490036011,1173.7799072265625,482.8782043457031,0.9864131808280945,982.0596313476562,479.74798583984375,0.9639595746994019,1012.869384765625,561.7407836914062,0.9475529193878174
135,1191.925537109375,299.8487854003906,0.9775316715240479,1120.0908203125,366.1570129394531,0.9834924936294556,1172.677978515625,482.178466796875,0.9846738576889038,977.2958984375,476.7580261230469,0.9702703952789307,1006.6014404296875,561.4622802734375,0.9313931465148926
136,1192.2327880859375,300.00518798828125,0.9779649972915649,1119.3681640625,366.7315368652344,0.9796050786972046,1170.86083984375,482.2010803222656,0.9842802286148071,971.8963623046875,475.82049560546875,0.9839351177215576,999.506591796875,560.003173828125,0.9257829785346985
137,1193.001708984375,303.3955383300781,0.9762383699417114,1119.103515625,366.9259948730469,0.9835973978042603,1168.4696044921875,481.9393005371094,0.9722047448158264,967.9049072265625,474.5945739746094,0.9716825485229492,993.2965087890625,559.9566650390625,0.9227854013442993
138,1192.93017578125,303.8858337402344,0.9777264595031738,1118.7825927734375,366.71478271484375,0.9852547645568848,1167.0927734375,479.4419860839844,0.9713436961174011,964.053955078125,472.6534729003906,0.9744917154312134,988.3119506835938,560.0901489257812,0.9363822937011719
139,1192.9722900390625,304.4905090332031,0.9773352742195129,1118.2607421875,366.793701171875,0.986890435218811,1165.4263916015625,478.9930419921875,0.9754216074943542,961.1387939453125,471.8005676269531,0.9615073204040527,980.344970703125,558.3759765625,0.9350231885910034
140,1193.101806640625,304.8768310546875,0.9771605134010315,1117.7724609375,366.0774230957031,0.9866490960121155,1162.431640625,478.1949768066406,0.9752427339553833,956.03515625,470.77734375,0.9738008975982666,976.0184936523438,559.599609375,0.9002366662025452
141,1193.077880859375,304.89581298828125,0.9778192043304443,1117.400390625,365.71881103515625,0.9859859943389893,1160.560546875,478.0606384277344,0.9814723134040833,952.5418701171875,469.30023193359375,0.9596472382545471,970.7705688476562,558.7659912109375,0.8966312408447266
142,1193.66796875,304.88397216796875,0.9760984778404236,1116.6595458984375,365.2926940917969,0.988207221031189,1159.1585693359375,476.583740234375,0.9891810417175293,950.0615234375,467.6249084472656,0.9590075612068176,963.4147338867188,557.3897705078125,0.9349812865257263
143,1193.71826171875,304.1384582519531,0.9691194295883179,1116.2298583984375,364.3100280761719,0.989046573638916,1158.2308349609375,476.1929016113281,0.9907546043395996,947.2352294921875,464.87646484375,0.9527318477630615,959.454833984375,558.6681518554688,0.9198446273803711
144,1193.4703369140625,301.4701843261719,0.9709956645965576,1116.0977783203125,363.45892333984375,0.988487958908081,1156.8026123046875,475.13714599609375,0.9890024662017822,942.6915283203125,463.4464111328125,0.9660171866416931,953.4445190429688,556.4705200195312,0.915913462638855
145,1193.9495849609375,300.9768371582031,0.9735963344573975,1115.8165283203125,362.5159606933594,0.9870542883872986,1155.453369140625,474.54052734375,0.9847137928009033,939.8079223632812,461.12628173828125,0.9769433736801147,947.3750610351562,555.4464111328125,0.9475799798965454
146,1193.4813232421875,299.61468505859375,0.9795739650726318,1115.83447265625,361.54150390625,0.9841622114181519,1153.8818359375,473.7893981933594,0.9768510460853577,937.6460571289062,459.75958251953125,0.9758632183074951,942.5423583984375,555.8671875,0.9149273633956909
147,1194.2965087890625,300.8366394042969,0.9802671074867249,1116.033935546875,360.84100341796875,0.981389045715332,1153.2066650390625,473.2289123535156,0.9676709175109863,936.5342407226562,459.0581359863281,0.9739543795585632,935.8206787109375,554.5751953125,0.9265748262405396
148,1194.4609375,300.06207275390625,0.9833731651306152,1116.69677734375,359.4029541015625,0.9821161031723022,1152.9659423828125,473.3856506347656,0.9661049842834473,936.2430419921875,458.06549072265625,0.9704216122627258,933.0511474609375,555.0440063476562,0.9462298154830933
149,1194.943603515625,300.0502624511719,0.9835907220840454,1116.7174072265625,359.7178649902344,0.982524037361145,1153.4398193359375,474.1273193359375,0.9741997718811035,936.75048828125,456.7577209472656,0.9773359298706055,929.0670166015625,553.6857299804688,0.9253181219100952
150,1195.55126953125,299.3546447753906,0.9835259914398193,1116.5965576171875,360.9908752441406,0.9769089221954346,1154.6815185546875,474.6534423828125,0.9811418056488037,938.8511962890625,454.3577880859375,0.9777601957321167,924.1534423828125,550.5023803710938,0.8967514038085938
151,1196.0498046875,298.81683349609375,0.982690691947937,1117.48193359375,361.7216491699219,0.9769203662872314,1156.9385986328125,475.33734130859375,0.9870261549949646,941.3128051757812,451.016845703125,0.9813778400421143,921.0021362304688,548.3294067382812,0.9284958839416504
152,1196.2421875,298.7779846191406,0.9845411777496338,1119.884033203125,362.3535461425781,0.9820401668548584,1158.7738037109375,476.01116943359375,0.9877504110336304,944.3363037109375,447.51263427734375,0.9586647748947144,917.5665283203125,545.024169921875,0.957156777381897
153,1196.8857421875,298.56182861328125,0.9826865196228027,1121.06884765625,362.9206237792969,0.9899791479110718,1160.8331298828125,476.84600830078125,0.9852354526519775,951.8856811523438,442.23358154296875,0.969258189201355,916.4732055664062,540.4149169921875,0.9477379322052002
154,1197.1568603515625,298.94024658203125,0.9832619428634644,1122.8297119140625,363.0329895019531,0.9922027587890625,1165.147705078125,477.99847412109375,0.9774696826934814,958.6943969726562,439.08544921875,0.9714721441268921,917.4067993164062,537.1622314453125,0.9196699857711792
155,1196.7677001953125,298.37567138671875,0.9845466613769531,1124.9227294921875,362.6356201171875,0.9917616844177246,1170.9658203125,479.4696960449219,0.9846035242080688,968.4266357421875,433.752197265625,0.9537843465805054,918.7177124023438,527.9981079101562,0.9112457036972046
156,1196.842529296875,298.1474914550781,0.9838662147521973,1126.7568359375,362.0721130371094,0.9867877960205078,1174.2568359375,479.83636474609375,0.9877901077270508,977.7525024414062,426.5031433105469,0.9818063974380493,925.7450561523438,518.131591796875,0.9174665212631226
157,1197.7835693359375,298.5957946777344,0.9795709848403931,1128.5745849609375,360.7685241699219,0.975480318069458,1179.192138671875,480.8583068847656,0.9851553440093994,988.14404296875,421.2545471191406,0.9872720241546631,931.8313598632812,515.0485229492188,0.9340448379516602
158,1197.1064453125,298.59124755859375,0.9804133176803589,1130.5174560546875,358.0015869140625,0.9881949424743652,1184.13623046875,481.8114929199219,0.9730587601661682,998.6045532226562,413.7233581542969,0.9659318923950195,945.4622802734375,502.965087890625,0.8904798030853271
159,1196.8343505859375,297.6994934082031,0.9807950258255005,1133.080078125,355.0708312988281,0.9916468858718872,1188.9840087890625,479.1510314941406,0.9890947937965393,1010.590087890625,409.5328674316406,0.9865131378173828,962.0089111328125,497.6039733886719,0.920229434967041
160,1196.513916015625,297.2086486816406,0.9802551865577698,1135.2791748046875,352.2117004394531,0.9876046180725098,1194.6611328125,477.5661926269531,0.9878461360931396,1020.3804931640625,406.8623046875,0.9878271818161011,979.65380859375,496.6843566894531,0.9048192501068115
161,1195.8345947265625,296.2539367675781,0.9854899048805237,1137.3514404296875,349.5095520019531,0.9884991645812988,1201.645751953125,475.8180236816406,0.9874953031539917,1031.0081787109375,404.0605163574219,0.9762492179870605,1003.9779052734375,494.8193359375,0.9098925590515137
162,1196.3687744140625,295.4501647949219,0.9853237867355347,1138.935791015625,346.7895812988281,0.9900829792022705,1207.674560546875,474.1772155761719,0.9887241125106812,1038.21630859375,406.3555603027344,0.9865151643753052,1021.8525390625,497.1145935058594,0.9468225240707397
163,1196.4359130859375,293.07598876953125,0.9860419034957886,1140.016845703125,345.5139465332031,0.9854863882064819,1214.47509765625,470.9755859375,0.9805945754051208,1046.1270751953125,408.4331359863281,0.9771881103515625,1042.0394287109375,499.7630615234375,0.9370232820510864
164,1197.54833984375,291.7149963378906,0.9853866100311279,1141.5411376953125,344.853271484375,0.9819164276123047,1220.16748046875,469.1437683105469,0.9874669313430786,1052.850830078125,412.7862243652344,0.9879195094108582,1061.5081787109375,506.414794921875,0.9572196006774902
165,1197.0704345703125,289.6784973144531,0.9884266257286072,1142.6060791015625,345.4254150390625,0.9821919798851013,1227.189208984375,466.76959228515625,0.9783730506896973,1061.4998779296875,420.4665832519531,0.9826699495315552,1079.5338134765625,511.4865417480469,0.904779314994812
166,1197.4320068359375,288.7654113769531,0.9847305417060852,1144.3408203125,346.7065734863281,0.9811069369316101,1232.6563720703125,464.734375,0.9677083492279053,1066.8741455078125,428.45819091796875,0.9869181513786316,1098.1119384765625,515.5552978515625,0.8905082941055298
167,1198.5279541015625,288.0240173339844,0.9758845567703247,1145.5447998046875,348.6534423828125,0.9853807687759399,1239.278076171875,462.1160888671875,0.9773377180099487,1075.2686767578125,437.20599365234375,0.9818198680877686,1114.2158203125,522.3499145507812,0.8731678128242493
168,1200.2655029296875,285.7254638671875,0.9842883348464966,1147.82421875,349.9734191894531,0.988193929195404,1245.236328125,461.21490478515625,0.9609299302101135,1082.1719970703125,446.52532958984375,0.9763907194137573,1130.44140625,525.1751708984375,0.9188291430473328
169,1201.1820068359375,283.81292724609375,0.9923770427703857,1149.4522705078125,351.5032043457031,0.9898533821105957,1252.2623291015625,459.2768859863281,0.9798722267150879,1090.984375,456.0962829589844,0.9779767990112305,1146.911865234375,528.543212890625,0.9201397895812988
170,1202.2508544921875,281.80657958984375,0.9918941259384155,1151.9959716796875,353.21722412109375,0.9862550497055054,1256.478515625,458.25787353515625,0.9705971479415894,1099.5223388671875,466.39947509765625,0.9816080331802368,1163.4041748046875,531.14453125,0.9242270588874817
171,1201.9185791015625,280.3458251953125,0.991057276725769,1155.77783203125,354.4592590332031,0.990021824836731,1263.2098388671875,456.5890197753906,0.9600330591201782,1109.7584228515625,473.70831298828125,0.9750477075576782,1178.429443359375,533.602783203125,0.9248949885368347
172,1202.947021484375,278.8104248046875,0.9935762882232666,1158.607421875,354.8268737792969,0.9872303009033203,1268.1414794921875,455.7238464355469,0.9794830083847046,1122.8216552734375,482.78912353515625,0.9819439649581909,1191.318603515625,534.0392456054688,0.9374839067459106
173,1204.2044677734375,277.586669921875,0.9929865002632141,1160.0601806640625,355.2890930175781,0.9794595241546631,1274.7939453125,452.89556884765625,0.9817495346069336,1134.0926513671875,490.51361083984375,0.981999397277832,1208.1175537109375,536.7821044921875,0.9209722280502319
174,1206.6219482421875,275.8848571777344,0.9902719259262085,1163.099365234375,355.6539001464844,0.9873713850975037,1280.2386474609375,451.37628173828125,0.9651551842689514,1145.8577880859375,497.82086181640625,0.980019211769104,1224.5654296875,539.2186279296875,0.9339584112167358
175,1208.8125,274.05584716796875,0.9915561676025391,1166.806884765625,356.35693359375,0.9853063821792603,1285.3695068359375,449.61444091796875,0.9705609083175659,1160.8729248046875,505.5985412597656,0.9756337404251099,1243.3326416015625,541.536376953125,0.929797887802124
176,1211.501708984375,272.4762268066406,0.9927464723587036,1171.9139404296875,356.33282470703125,0.9873552322387695,1291.6729736328125,445.7864074707031,0.9662359952926636,1176.4788818359375,510.65960693359375,0.9760494232177734,1262.3096923828125,543.6776123046875,0.9386488199234009
177,1213.55810546875,271.6399841308594,0.98760586977005,1175.401123046875,355.7101135253906,0.9772629737854004,1297.97607421875,444.17645263671875,0.979290783405304,1193.171630859375,515.0455322265625,0.9743918180465698,1278.8251953125,545.026123046875,0.9346341490745544
178,1216.588134765625,270.44378662109375,0.9864426851272583,1179.22509765625,355.1221008300781,0.9885815382003784,1302.982177734375,442.10699462890625,0.9725427627563477,1210.3983154296875,520.5494384765625,0.9795812368392944,1297.128662109375,546.5261840820312,0.9406354427337646
179,1218.5084228515625,268.4080505371094,0.992499589920044,1183.88623046875,355.7597961425781,0.9846387505531311,1311.6060791015625,440.3926696777344,0.9725577235221863,1226.5062255859375,524.0968627929688,0.9851864576339722,1313.6395263671875,546.2405395507812,0.9450346231460571
180,1220.9368896484375,266.88470458984375,0.9909347891807556,1189.749755859375,354.013671875,0.9797955751419067,1316.7919921875,438.01702880859375,0.9816445112228394,1242.515380859375,526.7807006835938,0.9801651835441589,1329.553466796875,546.3456420898438,0.9427614212036133
181,1222.03271484375,265.7910461425781,0.9868736267089844,1192.6260986328125,352.2527770996094,0.9798218011856079,1323.65673828125,433.02703857421875,0.9696479439735413,1256.55029296875,528.6210327148438,0.9675410389900208,1342.733154296875,547.487060546875,0.938525915145874
182,1223.2239990234375,264.6815490722656,0.979788064956665,1196.51708984375,351.97589111328125,0.9893084764480591,1330.3077392578125,433.6881408691406,0.9701400995254517,1270.1563720703125,529.9074096679688,0.9716604948043823,1355.7777099609375,549.3076782226562,0.9232340455055237
183,1225.8455810546875,265.3042297363281,0.9856688976287842,1200.385498046875,353.0776062011719,0.9820375442504883,1333.8212890625,430.3151550292969,0.973486065864563,1277.4403076171875,532.338623046875,0.9818888902664185,1364.2293701171875,553.7405395507812,0.9215010404586792
184,1229.514892578125,266.7615966796875,0.9793964624404907,1205.1715087890625,353.9822082519531,0.9863935112953186,1337.7152099609375,429.37432861328125,0.9460511207580566,1285.2005615234375,533.3776245117188,0.9786257743835449,1367.876953125,556.341796875,0.9045419692993164
185,1232.769287109375,268.3986511230469,0.9899299740791321,1207.0770263671875,354.594970703125,0.9812496900558472,1341.1741943359375,430.6601867675781,0.9640859365463257,1287.8189697265625,535.2742309570312,0.9759435057640076,1372.8226318359375,561.3499755859375,0.9365032911300659
186,1234.6783447265625,270.55426025390625,0.9909082651138306,1208.706787109375,357.22332763671875,0.9774753451347351,1344.875732421875,433.7541198730469,0.955155611038208,1286.9583740234375,537.1334228515625,0.9853182435035706,1369.6256103515625,564.8915405273438,0.9387415051460266
187,1235.7742919921875,272.683837890625,0.9862444996833801,1209.255126953125,360.6939392089844,0.9704883098602295,1344.5765380859375,436.1307373046875,0.9696272611618042,1282.4342041015625,538.1779174804688,0.9893742799758911,1364.2310791015625,568.72119140625,0.9384188652038574
188,1236.5050048828125,275.7605285644531,0.9902439117431641,1210.4468994140625,363.04962158203125,0.9833959341049194,1342.9949951171875,440.15478515625,0.9693977236747742,1273.813720703125,540.538818359375,0.9849114418029785,1355.4373779296875,570.4668579101562,0.945192813873291
189,1237.2005615234375,277.69842529296875,0.9907653331756592,1209.52978515625,364.82171630859375,0.9802496433258057,1338.3990478515625,443.08489990234375,0.9754723310470581,1268.5831298828125,541.8246459960938,0.9856364130973816,1348.730224609375,572.519775390625,0.9655693769454956
190,1237.795166015625,280.14617919921875,0.990038275718689,1209.297119140625,367.3340148925781,0.9824869632720947,1338.6641845703125,448.6741943359375,0.9740283489227295,1260.478759765625,545.3292236328125,0.9811586141586304,1341.56005859375,572.7247924804688,0.9413496255874634
191,1238.7073974609375,282.220947265625,0.9906842708587646,1207.7425537109375,369.5821228027344,0.9767204523086548,1334.5430908203125,455.2000427246094,0.974503755569458,1254.96728515625,544.3251953125,0.9711544513702393,1334.82666015625,573.4367065429688,0.9483835101127625
192,1238.644287109375,284.4299621582031,0.9911867380142212,1206.349609375,372.4068908691406,0.9781012535095215,1331.8701171875,457.8759765625,0.9842762351036072,1249.7891845703125,544.6795043945312,0.9737082123756409,1330.4061279296875,573.8966674804688,0.9516496658325195
193,1238.7740478515625,287.4832458496094,0.9865046739578247,1204.20458984375,375.128662109375,0.9782722592353821,1327.6881103515625,460.46563720703125,0.9684743881225586,1241.52099609375,545.0867919921875,0.9759780168533325,1322.906005859375,573.1200561523438,0.9379534721374512
194,1237.716796875,289.86578369140625,0.9843274354934692,1201.6669921875,377.2494201660156,0.9808529615402222,1325.373046875,462.978271484375,0.969376802444458,1237.7677001953125,543.8583374023438,0.9750443696975708,1317.2115478515625,573.398193359375,0.9617291688919067
195,1237.0177001953125,290.9449768066406,0.9889942407608032,1199.8739013671875,378.10870361328125,0.9712278246879578,1322.6302490234375,465.3875732421875,0.9794794321060181,1233.5323486328125,544.0447998046875,0.9740355610847473,1312.8458251953125,574.04296875,0.9322687983512878
196,1235.7259521484375,292.6941833496094,0.9908989667892456,1197.1500244140625,378.33740234375,0.9777960777282715,1317.614990234375,467.9784851074219,0.9812726378440857,1225.8145751953125,544.3137817382812,0.9747135639190674,1304.204345703125,573.5992431640625,0.9348680973052979
197,1234.3258056640625,293.7254638671875,0.992064356803894,1195.301025390625,378.653564453125,0.9833914637565613,1314.8311767578125,470.13916015625,0.9841445684432983,1222.0577392578125,542.1807250976562,0.9828100204467773,1300.325927734375,573.9835815429688,0.9661736488342285
198,1234.082763671875,294.322998046875,0.9918899536132812,1194.432861328125,378.9368591308594,0.9824070334434509,1312.353759765625,470.78802490234375,0.9801508188247681,1216.5233154296875,540.599365234375,0.9823488593101501,1293.1837158203125,573.0122680664062,0.9441684484481812
199,1233.57666015625,295.0738525390625,0.9913443326950073,1193.095703125,379.2081298828125,0.9792624115943909,1308.138427734375,473.0068664550781,0.9753997325897217,1208.6656494140625,540.8639526367188,0.9846265316009521,1286.6575927734375,573.1005859375,0.9618041515350342
200,1233.12158203125,295.2842712402344,0.988469123840332,1192.8201904296875,378.5007629394531,0.975364625453949,1304.2012939453125,473.55023193359375,0.9808542132377625,1204.5455322265625,539.3092041015625,0.9891079664230347,1282.439208984375,574.19775390625,0.9573412537574768
201,1232.80517578125,295.3372802734375,0.9877674579620361,1192.0380859375,378.5638122558594,0.9792064428329468,1301.940185546875,473.86737060546875,0.9852412939071655,1198.1417236328125,539.8263549804688,0.9850033521652222,1275.035400390625,573.1101684570312,0.9596278667449951
202,1232.59423828125,296.3512878417969,0.9832728505134583,1191.1021728515625,378.75634765625,0.9836059808731079,1298.8516845703125,474.82586669921875,0.9839349985122681,1191.791015625,537.8162841796875,0.9809904098510742,1268.912109375,573.236572265625,0.9674526453018188
203,1232.570556640625,296.4774169921875,0.9846324920654297,1190.0010986328125,378.7789001464844,0.9874213933944702,1296.695556640625,475.87957763671875,0.977205753326416,1187.1109619140625,537.333984375,0.9866520166397095,1264.8250732421875,574.3255004882812,0.9477625489234924
204,1232.810546875,296.6801452636719,0.983691394329071,1188.592529296875,378.72515869140625,0.9891415238380432,1293.1109619140625,477.0238342285156,0.9736858606338501,1182.2325439453125,537.4617919921875,0.9786727428436279,1258.1300048828125,573.2139282226562,0.9585895538330078
205,1232.663818359375,297.2000427246094,0.9823732376098633,1187.1868896484375,378.616943359375,0.9901553392410278,1291.5584716796875,478.9337463378906,0.9788779020309448,1176.361328125,534.7975463867188,0.9723314046859741,1251.9686279296875,573.0180053710938,0.9693912267684937
206,1232.583251953125,297.4608459472656,0.9836150407791138,1185.6820068359375,378.856689453125,0.9896929264068604,1289.037353515625,479.3337097167969,0.9737601280212402,1172.092529296875,534.0081176757812,0.9765535593032837,1245.4085693359375,572.8485717773438,0.9533597230911255
207,1230.285888671875,296.20892333984375,0.9841641187667847,1184.7982177734375,378.8309631347656,0.9881367683410645,1285.418212890625,480.9402160644531,0.9800032377243042,1165.0948486328125,533.3013305664062,0.9860259294509888,1238.85888671875,573.081298828125,0.968909502029419
208,1229.38818359375,296.35015869140625,0.9860847592353821,1183.4449462890625,378.8436279296875,0.9798277020454407,1282.7392578125,481.96759033203125,0.9814274907112122,1160.1353759765625,531.5084228515625,0.9750075936317444,1234.8648681640625,574.0277709960938,0.9643161296844482
209,1228.236572265625,297.03076171875,0.9854283332824707,1180.748046875,378.4862060546875,0.9816008806228638,1280.3197021484375,482.5338134765625,0.9764382839202881,1155.4530029296875,530.9783935546875,0.9800406694412231,1227.4814453125,572.9459228515625,0.9654210805892944
210,1226.984375,297.37664794921875,0.9843769073486328,1178.7698974609375,378.5260925292969,0.9861140251159668,1277.283447265625,482.0970458984375,0.9809423685073853,1147.9930419921875,530.2576904296875,0.984534740447998,1220.634521484375,572.7506103515625,0.9688704013824463
211,1225.933837890625,297.8944091796875,0.9858640432357788,1176.9346923828125,378.26287841796875,0.9842777252197266,1273.9700927734375,483.2196044921875,0.983875036239624,1143.54296875,528.735595703125,0.9792439937591553,1216.19580078125,573.6028442382812,0.9398070573806763
212,1225.5618896484375,298.49420166015625,0.9820727109909058,1176.2777099609375,378.4838562011719,0.9839536547660828,1270.5216064453125,484.9449157714844,0.9872229099273682,1139.082763671875,525.8433227539062,0.981974184513092,1207.3529052734375,572.34814453125,0.9646446108818054
213,1224.1968994140625,299.2298583984375,0.983773410320282,1173.966796875,379.0211181640625,0.9903966188430786,1267.0716552734375,486.6551513671875,0.9873485565185547,1132.634765625,527.133544921875,0.9805043339729309,1203.204345703125,572.9808959960938,0.9641087055206299
214,1224.0706787109375,300.7193603515625,0.980965256690979,1171.7154541015625,379.8549499511719,0.9918791055679321,1265.1553955078125,487.51397705078125,0.9763624668121338,1127.2960205078125,525.3407592773438,0.9765810966491699,1197.10888671875,572.5087890625,0.9536774754524231
215,1223.396484375,301.7227783203125,0.982864260673523,1170.03759765625,380.5147705078125,0.9907923340797424,1261.685546875,487.6148376464844,0.975639820098877,1123.6689453125,523.5372924804688,0.9856294989585876,1190.4742431640625,572.1829223632812,0.9697316884994507
216,1222.59423828125,302.6930847167969,0.983454167842865,1167.6292724609375,380.85693359375,0.9840760827064514,1257.741943359375,489.0918884277344,0.9855492115020752,1120.06591796875,522.4963989257812,0.9758685827255249,1185.9794921875,572.7093505859375,0.9546489715576172
217,1221.699462890625,302.7525329589844,0.9870516061782837,1165.4832763671875,381.2481994628906,0.98362135887146,1255.1614990234375,489.51165771484375,0.9882208704948425,1113.115478515625,522.9888916015625,0.9727284908294678,1179.860595703125,572.2953491210938,0.9512471556663513
218,1221.0694580078125,303.35205078125,0.9873977899551392,1163.7666015625,380.70208740234375,0.9855928421020508,1252.451904296875,489.7204284667969,0.9892299175262451,1107.6522216796875,520.2600708007812,0.9758644700050354,1173.01708984375,571.7549438476562,0.9719350337982178
219,1220.2669677734375,304.3459167480469,0.9854771494865417,1162.591064453125,379.9632568359375,0.9859582185745239,1249.9803466796875,490.18353271484375,0.9839165210723877,1102.2628173828125,519.1395263671875,0.9792064428329468,1166.656494140625,571.3812866210938,0.9312195777893066
220,1219.15771484375,304.38623046875,0.9864925742149353,1161.240478515625,380.060791015625,0.9822586178779602,1245.3416748046875,490.7188720703125,0.9780558943748474,1096.8948974609375,517.8352661132812,0.9712842702865601,1159.3192138671875,571.2655639648438,0.9573327302932739
221,1218.5186767578125,304.7829284667969,0.9873504638671875,1160.208740234375,379.528564453125,0.983985424041748,1242.7713623046875,491.3681335449219,0.9839842915534973,1092.2034912109375,515.9598388671875,0.9794368743896484,1154.0853271484375,571.451171875,0.9545736312866211
222,1217.4381103515625,304.99029541015625,0.9862275719642639,1158.534423828125,379.2596130371094,0.9904181957244873,1239.8314208984375,491.457275390625,0.9871724247932434,1086.595458984375,514.068603515625,0.9818487763404846,1148.3619384765625,571.1011352539062,0.9407968521118164
223,1216.7369384765625,304.3651123046875,0.9842317700386047,1156.38623046875,378.8611755371094,0.9917160272598267,1237.7813720703125,491.4573669433594,0.9911174774169922,1081.4329833984375,512.6185302734375,0.976159930229187,1141.9976806640625,570.8078002929688,0.9630358815193176
224,1214.9615478515625,304.26214599609375,0.9833073616027832,1154.0849609375,378.7004699707031,0.9919764995574951,1235.23095703125,491.7392272949219,0.9887161254882812,1076.7567138671875,509.6937561035156,0.9834193587303162,1137.5283203125,570.8568115234375,0.94267338514328
225,1213.6795654296875,304.7453308105469,0.9874332547187805,1152.6473388671875,378.5603942871094,0.987790048122406,1233.1258544921875,492.03314208984375,0.9826294183731079,1073.5098876953125,507.74725341796875,0.9813769459724426,1130.6761474609375,570.8171997070312,0.9346393942832947
226,1212.1280517578125,304.2881164550781,0.9860752820968628,1150.0042724609375,378.2033386230469,0.980593204498291,1229.3031005859375,492.0816650390625,0.98145592212677,1070.343017578125,507.7328186035156,0.9795719385147095,1125.3056640625,570.4007568359375,0.9521949291229248
227,1210.585205078125,305.40777587890625,0.9888404607772827,1148.3153076171875,378.3808288574219,0.9854898452758789,1226.2696533203125,492.2122802734375,0.9856823682785034,1064.5052490234375,506.5391540527344,0.9698289632797241,1118.2403564453125,568.7234497070312,0.9249035120010376
228,1208.802734375,306.4454650878906,0.9887425899505615,1146.7274169921875,378.3798522949219,0.9881294965744019,1223.6790771484375,492.2654113769531,0.987159013748169,1059.2203369140625,504.17889404296875,0.9749719500541687,1111.67822265625,569.7335815429688,0.9491390585899353
229,1207.848876953125,307.40155029296875,0.9850738644599915,1145.7999267578125,378.2304992675781,0.9855956435203552,1221.5406494140625,492.9515075683594,0.9897756576538086,1054.656005859375,502.5788269042969,0.9845752716064453,1106.6634521484375,569.6095581054688,0.9312057495117188
230,1206.1114501953125,308.7804260253906,0.9886389374732971,1144.4036865234375,378.10302734375,0.9813021421432495,1218.7349853515625,493.26409912109375,0.986931562423706,1049.6256103515625,501.4290771484375,0.9804747700691223,1099.85693359375,568.3055419921875,0.9353101253509521
231,1204.4705810546875,308.62945556640625,0.9928575158119202,1142.35400390625,378.4679870605469,0.9889284372329712,1215.1239013671875,493.5928039550781,0.9733333587646484,1045.3131103515625,499.29522705078125,0.9763084650039673,1092.833740234375,567.65185546875,0.946875810623169
232,1203.560546875,309.2509460449219,0.9917926788330078,1139.869140625,378.7474670410156,0.9911227822303772,1212.6541748046875,493.7936706542969,0.977718710899353,1039.7576904296875,497.4061279296875,0.9775309562683105,1086.5596923828125,567.3146362304688,0.9245091080665588
233,1201.67529296875,310.3765869140625,0.9883154630661011,1137.2010498046875,379.08453369140625,0.9899635314941406,1208.40869140625,494.362060546875,0.9745556712150574,1035.8255615234375,497.3441162109375,0.9779707193374634,1079.42431640625,566.8333740234375,0.9375776648521423
234,1199.74560546875,310.5715637207031,0.9757663607597351,1133.8277587890625,379.7471008300781,0.9838573932647705,1205.99609375,495.35467529296875,0.9837011098861694,1030.6693115234375,494.0331115722656,0.9684585332870483,1075.04736328125,567.459716796875,0.9495503306388855
235,1196.3804931640625,311.1933288574219,0.9834488034248352,1131.521484375,379.5995178222656,0.9904732704162598,1203.438232421875,495.784912109375,0.9848726987838745,1026.7493896484375,492.662109375,0.981989860534668,1069.5343017578125,566.79833984375,0.9237655401229858
236,1193.78564453125,311.6846618652344,0.9846007227897644,1130.5684814453125,379.6970520019531,0.9893115758895874,1200.5908203125,498.200439453125,0.9697054624557495,1022.8932495117188,492.213623046875,0.9778767824172974,1061.9195556640625,565.8634643554688,0.9543787240982056
237,1191.8135986328125,312.52008056640625,0.9797406196594238,1128.5872802734375,379.9169006347656,0.9839030504226685,1198.95703125,497.3805847167969,0.9715965986251831,1018.4456176757812,491.21185302734375,0.9802525043487549,1057.2491455078125,566.6004638671875,0.9348437190055847
238,1190.9803466796875,313.2191162109375,0.9785460829734802,1127.04296875,380.60870361328125,0.9879599809646606,1195.9942626953125,498.49432373046875,0.9775140285491943,1013.547119140625,489.3918151855469,0.9783117771148682,1050.7725830078125,565.69482421875,0.9238940477371216
239,1189.959716796875,314.025634765625,0.9793618321418762,1125.57958984375,381.0203552246094,0.9904508590698242,1191.271240234375,500.1414489746094,0.9867668151855469,1009.4212036132812,488.3597412109375,0.9700379967689514,1044.0618896484375,565.2483520507812,0.9492497444152832
240,1189.5198974609375,314.9848937988281,0.9794641733169556,1123.95166015625,381.1603088378906,0.9913796782493591,1188.6104736328125,500.7548522949219,0.9908435344696045,1004.9561157226562,488.2925109863281,0.9800063371658325,1037.11474609375,564.5435180664062,0.9254670143127441
241,1188.713623046875,315.65216064453125,0.9773269891738892,1122.6624755859375,381.80926513671875,0.9906371831893921,1186.5010986328125,500.7433166503906,0.987554669380188,1000.6260375976562,486.1573486328125,0.9522308111190796,1030.6187744140625,564.3077392578125,0.9414483308792114
242,1188.137939453125,316.210693359375,0.9778845310211182,1121.21728515625,382.3160095214844,0.9887124300003052,1184.131103515625,499.6123352050781,0.9715074896812439,996.7583618164062,484.41375732421875,0.966538667678833,1024.8206787109375,564.4945678710938,0.9360865950584412
243,1187.3480224609375,316.8544921875,0.9767023324966431,1119.864013671875,382.7641296386719,0.9830067157745361,1182.553466796875,498.8601379394531,0.9769556522369385,990.9103393554688,483.48626708984375,0.9782638549804688,1020.6055297851562,564.1818237304688,0.919365644454956
244,1187.049072265625,317.62445068359375,0.9726653099060059,1118.769287109375,382.2354431152344,0.9843146800994873,1179.83935546875,498.91766357421875,0.9771072864532471,987.0306396484375,482.20233154296875,0.9724575281143188,1013.103759765625,563.8369140625,0.9428200721740723
245,1186.147216796875,317.4763488769531,0.9693860411643982,1117.873779296875,382.01434326171875,0.986413300037384,1176.1552734375,499.3607177734375,0.9777770042419434,983.7448120117188,480.2106018066406,0.9541552066802979,1008.5255737304688,563.8756713867188,0.9244999885559082
246,1185.795166015625,317.62152099609375,0.9698259830474854,1116.71142578125,381.90948486328125,0.9881178140640259,1173.5084228515625,498.9273986816406,0.9874780178070068,979.205322265625,477.4715881347656,0.9642038345336914,1003.3216552734375,563.6651000976562,0.9155325889587402
247,1185.6842041015625,317.9237060546875,0.966796875,1116.3099365234375,381.6144714355469,0.9882518649101257,1171.619384765625,498.2920837402344,0.9850860834121704,973.5690307617188,477.0004577636719,0.9747685790061951,995.4705200195312,562.8859252929688,0.9455209970474243
248,1185.1962890625,317.83001708984375,0.9690475463867188,1115.447021484375,380.5122375488281,0.9888719320297241,1169.708740234375,497.99407958984375,0.9740127325057983,969.74560546875,475.930419921875,0.9793154001235962,989.7562866210938,562.880859375,0.9361732006072998
249,1185.07568359375,317.96337890625,0.9652204513549805,1114.90185546875,379.7908630371094,0.990001916885376,1166.782470703125,495.45159912109375,0.9608039259910583,966.0447998046875,474.2995300292969,0.9757100343704224,982.93994140625,561.7974243164062,0.9220846891403198
250,1185.167724609375,317.7352600097656,0.9703001379966736,1114.144287109375,379.31072998046875,0.9894349575042725,1164.8121337890625,494.4959411621094,0.9701335430145264,961.9444580078125,472.79412841796875,0.9710415601730347,977.2550048828125,560.9976196289062,0.9402768611907959
251,1185.0238037109375,317.44110107421875,0.971578061580658,1113.5667724609375,379.0082092285156,0.9882832765579224,1162.9212646484375,494.2070617675781,0.9681937098503113,957.629150390625,472.6234130859375,0.9744386672973633,971.6056518554688,561.1383666992188,0.9310038089752197
252,1185.939208984375,317.6366271972656,0.9721322655677795,1112.7264404296875,378.38629150390625,0.9841191172599792,1160.9765625,493.8525695800781,0.9803071022033691,955.5028076171875,471.55328369140625,0.9745290875434875,965.3322143554688,560.059814453125,0.940626859664917
253,1185.633544921875,316.76898193359375,0.9698803424835205,1112.540283203125,377.7041015625,0.9828031659126282,1160.0751953125,493.25970458984375,0.9848846793174744,954.2000122070312,469.5308532714844,0.9759970903396606,961.9735107421875,558.9146728515625,0.9339678287506104
254,1185.8642578125,316.9428405761719,0.9650277495384216,1112.461669921875,377.4759216308594,0.9817827939987183,1160.123779296875,492.9920959472656,0.9861829876899719,953.8878173828125,466.9941101074219,0.9680532217025757,957.9364624023438,560.1237182617188,0.9384305477142334
255,1185.452392578125,315.9552001953125,0.9708012342453003,1112.5872802734375,377.35076904296875,0.980541467666626,1160.168701171875,493.4671936035156,0.9855544567108154,954.2662963867188,463.5617980957031,0.9651138782501221,952.9262084960938,557.3920288085938,0.9148877859115601
256,1185.6385498046875,316.196044921875,0.9746479392051697,1112.6912841796875,377.398193359375,0.9829972982406616,1160.544189453125,493.9367980957031,0.98332679271698,955.1563110351562,461.10955810546875,0.9776222705841064,949.4022216796875,556.713623046875,0.9422974586486816
257,1185.5245361328125,315.031005859375,0.9735120534896851,1113.3553466796875,377.7778015136719,0.9867266416549683,1161.467041015625,494.01324462890625,0.9761896133422852,956.9156494140625,459.3990173339844,0.9790068864822388,944.8858032226562,555.046142578125,0.9216475486755371
258,1185.2994384765625,314.1732177734375,0.9782649278640747,1114.1502685546875,378.270751953125,0.9896422028541565,1162.9464111328125,493.4692687988281,0.9746584892272949,959.58154296875,457.5042724609375,0.9701846837997437,939.51220703125,551.33642578125,0.8916913866996765
259,1185.0345458984375,312.9189453125,0.9768738746643066,1114.68408203125,378.4427185058594,0.9894312620162964,1164.6578369140625,493.76983642578125,0.9757012128829956,962.7576904296875,456.0431823730469,0.9663701057434082,934.746826171875,550.0131225585938,0.9140063524246216
260,1185.32568359375,312.4584655761719,0.9770238399505615,1115.188232421875,377.8052062988281,0.9867733716964722,1168.661865234375,493.731689453125,0.9757510423660278,966.8395385742188,453.89398193359375,0.9538911581039429,931.8110961914062,548.2692260742188,0.9413188099861145
261,1185.1746826171875,312.13775634765625,0.9767177104949951,1116.195556640625,377.0853271484375,0.980040431022644,1171.386474609375,493.2820739746094,0.9869488477706909,970.76318359375,451.0238952636719,0.9660848379135132,929.00830078125,543.8040771484375,0.8978742361068726
262,1185.6859130859375,312.13861083984375,0.9793224334716797,1117.745849609375,374.393798828125,0.9844721555709839,1173.60791015625,492.492431640625,0.989830732345581,974.70654296875,446.66534423828125,0.9708495140075684,929.0584106445312,539.6570434570312,0.9082282781600952
263,1185.6219482421875,309.7820129394531,0.9738028049468994,1119.225830078125,372.8816223144531,0.9867380857467651,1176.481201171875,492.05950927734375,0.9867579936981201,981.1773071289062,440.7554626464844,0.9666216373443604,931.7546997070312,532.3788452148438,0.9276595115661621
264,1187.096923828125,310.3252868652344,0.9690797328948975,1120.1890869140625,371.05877685546875,0.9878868460655212,1178.3394775390625,491.6617431640625,0.9822492003440857,989.3348388671875,433.4070129394531,0.98417067527771,935.665283203125,527.5633544921875,0.8662055134773254
265,1186.92626953125,308.68505859375,0.9588772058486938,1123.4288330078125,367.8955383300781,0.989169716835022,1183.931884765625,489.4150695800781,0.9772588014602661,998.775146484375,425.5536804199219,0.9760613441467285,945.9762573242188,523.1256713867188,0.9038844108581543
266,1187.09619140625,305.44915771484375,0.9439900517463684,1124.8038330078125,364.59954833984375,0.9911812543869019,1188.30029296875,488.5856628417969,0.9886550903320312,1007.112060546875,420.9076232910156,0.9853571653366089,960.77978515625,508.90875244140625,0.9102545976638794
267,1186.6876220703125,303.2371826171875,0.9669415950775146,1127.16064453125,361.0038757324219,0.9811089038848877,1191.73291015625,486.5915832519531,0.9867390394210815,1017.6680908203125,414.68017578125,0.9799128770828247,979.4507446289062,502.3284606933594,0.95244300365448
268,1187.9029541015625,301.5563049316406,0.9756717681884766,1129.2208251953125,356.76446533203125,0.9867416620254517,1197.93115234375,482.64697265625,0.9835625886917114,1028.365966796875,412.1895446777344,0.987421989440918,999.6966552734375,501.5280456542969,0.936371922492981
269,1188.9449462890625,300.47113037109375,0.9818270206451416,1132.204345703125,353.1676025390625,0.9925689697265625,1204.518798828125,480.1452331542969,0.9817723631858826,1036.6300048828125,412.4046630859375,0.9867395758628845,1020.859619140625,504.059814453125,0.9039806127548218
270,1189.7816162109375,298.4350891113281,0.9797139167785645,1134.3253173828125,352.1623840332031,0.9893088340759277,1211.8980712890625,478.4617004394531,0.9784525632858276,1045.4212646484375,414.3951416015625,0.9812616109848022,1042.8494873046875,506.2064514160156,0.9664480686187744
271,1190.2802734375,297.1301574707031,0.9716297388076782,1137.948974609375,351.6497802734375,0.9827433824539185,1220.851318359375,474.6458740234375,0.990867018699646,1053.9488525390625,421.7815246582031,0.9869678020477295,1065.3975830078125,513.3041381835938,0.9300434589385986
272,1191.2625732421875,295.3656311035156,0.9798359870910645,1141.10693359375,351.31671142578125,0.9855636358261108,1229.791259765625,471.8706359863281,0.9709380865097046,1063.1370849609375,427.72955322265625,0.9808489084243774,1087.8612060546875,520.8973388671875,0.8754290342330933
273,1192.1075439453125,293.98150634765625,0.9854401350021362,1143.0028076171875,353.20697021484375,0.9847443103790283,1237.461669921875,469.8544006347656,0.9880834817886353,1072.0111083984375,439.1413879394531,0.9826371669769287,1107.604736328125,523.0209350585938,0.9424723386764526
274,1194.931640625,292.0581359863281,0.9874886274337769,1144.8697509765625,355.4487609863281,0.9862967729568481,1246.25390625,465.4725341796875,0.9615954756736755,1082.3448486328125,451.01708984375,0.9820690751075745,1132.2177734375,530.2886352539062,0.9217184782028198
275,1196.7705078125,290.0208740234375,0.990166187286377,1148.78173828125,358.73193359375,0.9860610961914062,1254.5330810546875,462.5928649902344,0.9741222858428955,1093.1654052734375,460.9066467285156,0.9862271547317505,1148.7548828125,532.5008544921875,0.947303056716919
276,1198.2646484375,288.37530517578125,0.9847357273101807,1151.6116943359375,362.2533874511719,0.9793550968170166,1262.3603515625,460.761962890625,0.9608070850372314,1106.781982421875,473.36419677734375,0.980128288269043,1169.14501953125,537.7364501953125,0.9391040205955505
277,1200.4315185546875,287.40997314453125,0.9806044101715088,1155.8984375,364.1044616699219,0.9919131398200989,1270.091064453125,458.9912109375,0.9820178747177124,1118.2554931640625,485.19970703125,0.9803457260131836,1188.0540771484375,538.7669067382812,0.9630654454231262
278,1202.2818603515625,284.997802734375,0.9901437759399414,1160.0892333984375,365.7615966796875,0.9835917949676514,1279.311767578125,457.44207763671875,0.9675101041793823,1133.5196533203125,495.44183349609375,0.9784600734710693,1208.1103515625,542.6734619140625,0.9455980062484741
279,1203.589599609375,283.103515625,0.9918845891952515,1163.697021484375,366.7389831542969,0.9904642701148987,1285.34521484375,456.6358947753906,0.9825650453567505,1150.054443359375,506.485107421875,0.9791710376739502,1228.4921875,546.3617553710938,0.9488211870193481
280,1204.76171875,281.3424377441406,0.9906482696533203,1167.323486328125,368.3341979980469,0.9867674112319946,1293.095458984375,453.7409973144531,0.9704304933547974,1164.9808349609375,513.9853515625,0.9826800227165222,1248.4803466796875,550.9915771484375,0.9234203696250916
281,1207.4033203125,280.25146484375,0.9879450798034668,1173.277099609375,368.6363220214844,0.9871887564659119,1299.773193359375,452.62896728515625,0.9805839657783508,1184.8521728515625,521.1826782226562,0.9808545112609863,1268.2818603515625,553.9669799804688,0.9358812570571899
282,1209.0791015625,278.46258544921875,0.9925124645233154,1176.42626953125,368.3598937988281,0.9848513603210449,1308.4423828125,449.7037048339844,0.9763246774673462,1203.6256103515625,526.9918212890625,0.9769202470779419,1288.1610107421875,555.2435302734375,0.9109975695610046
283,1212.140869140625,277.1728210449219,0.9930331707000732,1180.7598876953125,367.3214111328125,0.9903544187545776,1313.9375,447.6383361816406,0.9729055166244507,1223.031982421875,531.9391479492188,0.9683598279953003,1308.677734375,555.5510864257812,0.9320275187492371
284,1216.469482421875,277.224609375,0.990774393081665,1187.6715087890625,368.1383361816406,0.9865514039993286,1319.6710205078125,444.51007080078125,0.9696304798126221,1241.2239990234375,536.408447265625,0.9810503721237183,1329.9354248046875,556.8986206054688,0.9321169853210449
285,1220.2376708984375,276.9742431640625,0.9897216558456421,1192.084228515625,368.32989501953125,0.9840011596679688,1327.1639404296875,443.4630432128906,0.9715478420257568,1259.2261962890625,539.1928100585938,0.9866791367530823,1346.765625,557.03076171875,0.932614266872406
286,1223.62353515625,275.92657470703125,0.9849503040313721,1197.1124267578125,367.3638000488281,0.9899417757987976,1332.6971435546875,442.5715026855469,0.9838863015174866,1275.2564697265625,540.7366943359375,0.9829034805297852,1362.93798828125,556.4976806640625,0.9254949688911438
287,1227.8065185546875,274.90966796875,0.9925074577331543,1204.626220703125,368.24822998046875,0.9826773405075073,1339.45703125,442.42431640625,0.9730031490325928,1288.07861328125,541.5841064453125,0.9797937870025635,1376.451171875,557.0647583007812,0.8858057260513306
288,1232.625,275.5809020996094,0.9892017841339111,1209.2843017578125,368.34661865234375,0.9793698191642761,1346.7822265625,441.65826416015625,0.9829872250556946,1298.6571044921875,540.98583984375,0.9825927019119263,1387.2177734375,558.816162109375,0.8658151626586914
289,1236.5306396484375,276.9359436035156,0.9900743961334229,1213.71826171875,369.20941162109375,0.9841499328613281,1350.9410400390625,441.65264892578125,0.9777514338493347,1304.525146484375,543.10107421875,0.9740628004074097,1390.947265625,562.7249755859375,0.9275472164154053
290,1241.6435546875,276.75543212890625,0.9898051023483276,1220.395263671875,370.5122985839844,0.9827641844749451,1356.0810546875,443.1268005371094,0.9731252193450928,1305.9981689453125,544.549560546875,0.9715906381607056,1392.1036376953125,569.6730346679688,0.9231446981430054
291,1246.1292724609375,279.0244445800781,0.9875333905220032,1224.34375,372.0152282714844,0.973956823348999,1360.3641357421875,444.64910888671875,0.9778028130531311,1304.7152099609375,546.0451049804688,0.9725608229637146,1387.611572265625,574.456787109375,0.9443919658660889
292,1252.3372802734375,281.0671691894531,0.9899874925613403,1227.083740234375,373.8716125488281,0.9818095564842224,1361.8372802734375,449.2180480957031,0.9650810360908508,1301.1524658203125,547.6624755859375,0.9732311964035034,1380.64306640625,577.5722045898438,0.9700477123260498
293,1256.5655517578125,282.5710144042969,0.9889553785324097,1230.824462890625,377.37554931640625,0.9684512615203857,1362.5809326171875,452.1845703125,0.9755618572235107,1291.8509521484375,551.2574462890625,0.9811886548995972,1373.01708984375,580.0860595703125,0.9535950422286987
294,1261.6534423828125,285.1763000488281,0.9830793738365173,1233.85595703125,378.902587890625,0.9892834424972534,1360.9952392578125,456.7923278808594,0.9853527545928955,1287.0697021484375,552.3280029296875,0.9745867848396301,1366.1986083984375,580.8338012695312,0.9534581303596497
295,1266.08251953125,289.1251525878906,0.9900565147399902,1236.664794921875,380.92523193359375,0.987389087677002,1360.8037109375,460.6639709472656,0.9803135395050049,1281.5860595703125,552.968017578125,0.9864029884338379,1361.94482421875,581.4527587890625,0.9431285262107849
296,1268.586669921875,291.2878723144531,0.9901840686798096,1238.26513671875,383.24224853515625,0.9778434038162231,1360.9010009765625,466.26446533203125,0.975763201713562,1276.4207763671875,552.7872314453125,0.9813910126686096,1355.97900390625,581.5167846679688,0.949598491191864
297,1270.403564453125,292.1856689453125,0.9877001047134399,1238.72314453125,384.7917175292969,0.9824600219726562,1359.3311767578125,468.0224914550781,0.9745931625366211,1272.614013671875,550.4853515625,0.9684500694274902,1349.50830078125,581.3403930664062,0.9516021013259888
298,1272.8365478515625,293.2025451660156,0.9898066520690918,1238.722412109375,385.4006652832031,0.9862169027328491,1357.8436279296875,469.23016357421875,0.9713846445083618,1268.2093505859375,550.1909790039062,0.9729503393173218,1346.11865234375,581.9895629882812,0.9477970600128174
299,1275.1771240234375,294.4095764160156,0.9896547794342041,1239.092529296875,385.6797180175781,0.9840162992477417,1353.6334228515625,472.17840576171875,0.9698119163513184,1260.826904296875,549.6240234375,0.983180046081543,1339.4993896484375,581.4518432617188,0.9475475549697876
300,1276.809814453125,294.8803405761719,0.9889363050460815,1239.365478515625,385.29278564453125,0.9817956686019897,1351.4158935546875,472.91436767578125,0.9776054620742798,1255.73193359375,547.2943115234375,0.973119854927063,1332.0233154296875,581.3372192382812,0.9606013298034668
301,1277.6170654296875,295.6552734375,0.986392617225647,1239.6380615234375,384.8514404296875,0.9816758036613464,1349.8447265625,473.4881591796875,0.986053466796875,1251.5570068359375,546.7108154296875,0.9786040782928467,1325.1815185546875,581.2776489257812,0.9453673362731934
302,1278.0911865234375,296.18255615234375,0.985872209072113,1239.495849609375,384.4730224609375,0.9810391664505005,1347.845458984375,474.3483581542969,0.9887773394584656,1243.40478515625,545.8636474609375,0.9852427244186401,1318.9713134765625,581.2265625,0.9570107460021973
303,1279.9915771484375,297.9661560058594,0.9821992516517639,1238.806640625,383.6427307128906,0.9808560609817505,1345.1275634765625,475.57562255859375,0.9825374484062195,1238.4462890625,543.791748046875,0.9732425212860107,1313.74609375,581.4389038085938,0.9535166025161743
304,1280.3475341796875,298.3736877441406,0.9848310947418213,1238.037353515625,383.5093078613281,0.9818793535232544,1341.773193359375,476.7540588378906,0.9732810854911804,1234.4708251953125,541.8450927734375,0.9830150604248047,1307.60595703125,580.9320678710938,0.9593302011489868
305,1279.9674072265625,298.6138000488281,0.9847853183746338,1236.947021484375,383.4425354003906,0.9836724996566772,1338.819091796875,477.15753173828125,0.9775872230529785,1227.7232666015625,542.512939453125,0.9821999073028564,1301.2818603515625,581.1891479492188,0.9638220071792603
306,1279.7635498046875,298.57470703125,0.9847232103347778,1235.6162109375,383.6424560546875,0.9858599901199341,1337.1431884765625,478.9840393066406,0.9813345670700073,1223.088623046875,540.0161743164062,0.9846030473709106,1294.429443359375,580.4843139648438,0.9548487663269043
307,1279.69091796875,298.7713928222656,0.985161542892456,1233.9266357421875,383.574951171875,0.9846524596214294,1334.3658447265625,481.0337219238281,0.9818755388259888,1218.9512939453125,538.3524169921875,0.9869409203529358,1289.9910888671875,580.7221069335938,0.9553333520889282
308,1279.4981689453125,298.990966796875,0.9844688177108765,1231.013427734375,383.30633544921875,0.9839599132537842,1331.942138671875,481.6050720214844,0.9829915761947632,1213.994873046875,538.2832641601562,0.9781923294067383,1283.1185302734375,580.8363647460938,0.9664154052734375
309,1279.1510009765625,299.2079772949219,0.9828282594680786,1229.722900390625,382.6219482421875,0.9867894649505615,1329.6905517578125,482.8338317871094,0.9813737869262695,1207.666259765625,536.1127319335938,0.9652357697486877,1276.6474609375,579.905029296875,0.9573162794113159
310,1278.3800048828125,298.7288513183594,0.9815836548805237,1228.4635009765625,382.3052978515625,0.9894707798957825,1328.2501220703125,481.8504638671875,0.9730954170227051,1204.3748779296875,534.1555786132812,0.978113055229187,1270.85107421875,580.196044921875,0.9669073820114136
311,1277.689453125,299.2473449707031,0.9834649562835693,1227.3736572265625,382.428955078125,0.9878619909286499,1324.6470947265625,483.0145263671875,0.9836215972900391,1197.9273681640625,533.2424926757812,0.9813655614852905,1264.938720703125,580.253662109375,0.9601755142211914
312,1276.6287841796875,299.1436462402344,0.9839619398117065,1225.938232421875,382.4089050292969,0.9867406487464905,1322.12060546875,483.16094970703125,0.9838818311691284,1192.8819580078125,532.0427856445312,0.9723601937294006,1259.66455078125,579.785400390625,0.9633504152297974
313,1274.474853515625,298.8888244628906,0.9855351448059082,1224.4925537109375,382.662841796875,0.9848135709762573,1318.8426513671875,484.4309997558594,0.9868713021278381,1188.8541259765625,530.0834350585938,0.9814186096191406,1253.49072265625,580.0729370117188,0.9689717292785645
314,1272.875,298.398681640625,0.9840259552001953,1223.3436279296875,382.6123962402344,0.9816308617591858,1315.3270263671875,485.7724914550781,0.9903777837753296,1182.037353515625,528.8036499023438,0.9815894365310669,1246.41259765625,578.9165649414062,0.9552596807479858
315,1271.1202392578125,298.22735595703125,0.9839935898780823,1221.3599853515625,382.6809387207031,0.9844800233840942,1312.990234375,486.44921875,0.984591007232666,1176.7757568359375,527.263427734375,0.9776469469070435,1239.8275146484375,579.2637329101562,0.9615222811698914
316,1270.173828125,298.4359130859375,0.9879491329193115,1218.5623779296875,382.6259765625,0.986461877822876,1311.02685546875,485.332763671875,0.97715163230896,1172.01953125,524.4557495117188,0.9875544905662537,1235.216796875,579.8382568359375,0.9612332582473755
317,1269.2041015625,298.5321960449219,0.9874013662338257,1214.79443359375,382.2185974121094,0.9799931645393372,1308.51806640625,485.4407043457031,0.9827760457992554,1168.4935302734375,522.4953002929688,0.9822642803192139,1229.17724609375,578.7778930664062,0.9533238410949707
318,1268.2427978515625,298.61883544921875,0.986359179019928,1212.9815673828125,381.9017639160156,0.9851192831993103,1305.49462890625,486.3730773925781,0.9834953546524048,1162.158935546875,523.02001953125,0.9781826138496399,1222.2801513671875,579.0601806640625,0.9715662002563477
319,1266.7564697265625,298.9507751464844,0.9832383394241333,1211.031494140625,380.5193176269531,0.9870939254760742,1301.779052734375,487.4671630859375,0.9876761436462402,1156.8592529296875,520.9239501953125,0.9781652688980103,1216.9766845703125,579.0186157226562,0.9530630111694336
320,1265.400146484375,299.337158203125,0.9835916757583618,1209.4190673828125,380.4599914550781,0.9821888208389282,1300.0191650390625,487.7891540527344,0.9860107898712158,1152.79736328125,519.7835693359375,0.977042019367218,1211.2158203125,578.322021484375,0.9564481973648071
321,1264.5863037109375,300.1215515136719,0.9803311824798584,1208.1551513671875,380.4213562011719,0.982587456703186,1297.004638671875,487.8006896972656,0.9792547225952148,1147.1724853515625,519.0775146484375,0.9854596853256226,1203.8568115234375,577.8243408203125,0.965801477432251
322,1263.3419189453125,300.6792907714844,0.9778493642807007,1205.8792724609375,379.97784423828125,0.9903045296669006,1294.14453125,487.5144958496094,0.9747428894042969,1142.9490966796875,515.9248657226562,0.9796575307846069,1197.8524169921875,577.102783203125,0.9609023332595825
323,1261.0577392578125,300.5001220703125,0.9819692373275757,1203.6942138671875,379.8463439941406,0.991478443145752,1290.587646484375,488.1886291503906,0.981072187423706,1138.679443359375,514.3676147460938,0.9817014336585999,1190.8292236328125,577.1659545898438,0.964783787727356
324,1259.4202880859375,300.0702209472656,0.9863268136978149,1201.406982421875,379.7588195800781,0.9911547899246216,1288.212890625,488.7132263183594,0.9838557243347168,1132.55859375,512.895751953125,0.9832584261894226,1185.54052734375,577.297607421875,0.9536669254302979
325,1257.4642333984375,300.07977294921875,0.9873589277267456,1198.5367431640625,379.08502197265625,0.9807131290435791,1285.5450439453125,488.60430908203125,0.9889636039733887,1126.916259765625,509.7143859863281,0.9786186218261719,1179.852783203125,576.6978759765625,0.952430009841919
326,1255.55712890625,299.929443359375,0.9839608669281006,1196.7069091796875,378.9344787597656,0.9851905703544617,1283.190673828125,489.0769348144531,0.9895843267440796,1123.671630859375,507.7611083984375,0.9854192733764648,1173.1693115234375,576.9024658203125,0.9577246904373169
327,1254.4066162109375,300.12982177734375,0.9844965934753418,1195.118896484375,378.8662414550781,0.9854559898376465,1280.705322265625,489.4959411621094,0.9844976663589478,1120.1590576171875,505.7321472167969,0.9809675216674805,1166.7926025390625,576.5164184570312,0.9375237226486206
328,1253.5946044921875,300.22283935546875,0.9852396249771118,1193.9739990234375,378.7662353515625,0.9817711114883423,1277.12158203125,489.9156494140625,0.9744846820831299,1115.482421875,505.3444519042969,0.9847579002380371,1162.646484375,576.1976928710938,0.9320986270904541
329,1251.969970703125,300.61212158203125,0.9840492606163025,1192.3233642578125,378.411376953125,0.9749493598937988,1274.23388671875,490.3662109375,0.9837359189987183,1111.2376708984375,502.8150634765625,0.970507025718689,1156.1068115234375,575.9960327148438,0.942642092704773
330,1250.69580078125,301.1636047363281,0.9835906624794006,1191.142333984375,378.2601013183594,0.9819403886795044,1272.3404541015625,490.3275146484375,0.9857711791992188,1107.040283203125,501.3590087890625,0.9766297340393066,1150.0584716796875,575.2409057617188,0.9250854253768921
331,1248.859375,302.0494079589844,0.98175048828125,1189.02587890625,377.7486877441406,0.9840371608734131,1270.4747314453125,490.447021484375,0.9909377098083496,1101.3756103515625,499.9761657714844,0.9864397048950195,1141.8267822265625,574.2225341796875,0.9321082830429077
332,1246.8985595703125,303.60107421875,0.9752436876296997,1186.7598876953125,377.78631591796875,0.9865031242370605,1267.8580322265625,490.806640625,0.9917430877685547,1096.356689453125,498.252685546875,0.9656208753585815,1137.4510498046875,574.4874877929688,0.9335505962371826
333,1245.056640625,304.3710021972656,0.9822302460670471,1185.0186767578125,378.2091369628906,0.9861093163490295,1265.8349609375,490.98883056640625,0.9888733625411987,1091.730224609375,494.22607421875,0.9771130681037903,1130.7342529296875,572.5117797851562,0.9359310865402222
334,1243.77197265625,305.4229431152344,0.9854342937469482,1182.191162109375,378.1438293457031,0.979276180267334,1262.0538330078125,491.5581970214844,0.9786701202392578,1086.780029296875,493.6265869140625,0.9734674692153931,1123.16552734375,572.6697387695312,0.9466685652732849
335,1241.2325439453125,308.0635681152344,0.986058235168457,1180.3641357421875,378.14630126953125,0.9832759499549866,1258.2886962890625,491.7726745605469,0.9836756587028503,1082.66015625,492.0260925292969,0.9805318117141724,1117.8106689453125,572.634521484375,0.9194587469100952
336,1239.444580078125,308.91021728515625,0.9841589331626892,1178.8765869140625,378.69842529296875,0.9883254766464233,1255.759033203125,491.8492126464844,0.9870989918708801,1078.279052734375,490.02447509765625,0.9773128032684326,1111.18212890625,571.7286987304688,0.9385298490524292
337,1238.607177734375,309.2861633300781,0.983346700668335,1177.7542724609375,378.3761901855469,0.9846718311309814,1253.694580078125,492.2147521972656,0.991682767868042,1074.761474609375,488.9971618652344,0.9790122509002686,1106.3648681640625,571.8924560546875,0.93946373462677
338,1237.1392822265625,308.40234375,0.9849092364311218,1176.9097900390625,378.38677978515625,0.9794919490814209,1251.43994140625,492.7167053222656,0.9891066551208496,1070.8411865234375,488.9999084472656,0.979569673538208,1100.8323974609375,571.8717041015625,0.9221614599227905
339,1236.1240234375,308.7959899902344,0.9826447367668152,1175.532958984375,378.90789794921875,0.9865279197692871,1249.27978515625,492.6106262207031,0.9827839136123657,1066.5069580078125,487.96820068359375,0.9752501249313354,1093.6630859375,570.7747192382812,0.9521521329879761
340,1235.275634765625,310.427490234375,0.9755814075469971,1173.7293701171875,379.1355285644531,0.9903216361999512,1245.6903076171875,492.78009033203125,0.9730796217918396,1062.866943359375,485.475830078125,0.963655948638916,1089.403564453125,571.3037109375,0.936122715473175
341,1233.0517578125,311.1708679199219,0.9748566746711731,1171.75048828125,378.93603515625,0.9919743537902832,1242.09765625,492.7691955566406,0.9738240242004395,1059.5062255859375,484.25238037109375,0.9688834547996521,1083.6026611328125,570.93798828125,0.9132262468338013
342,1230.130859375,310.760498046875,0.9756013751029968,1169.37060546875,379.34552001953125,0.9905526638031006,1239.4716796875,492.57342529296875,0.9844632148742676,1053.1939697265625,483.5984802246094,0.9826727509498596,1076.4647216796875,570.5410766601562,0.9533799886703491
343,1227.475830078125,311.37725830078125,0.980589747428894,1166.3206787109375,379.4588317871094,0.9858437776565552,1237.2122802734375,492.5580139160156,0.9880466461181641,1048.8902587890625,482.0902099609375,0.9560867547988892,1072.1619873046875,570.6370849609375,0.8969577550888062
344,1224.2955322265625,311.3154602050781,0.9826965928077698,1163.61962890625,379.26513671875,0.989352285861969,1235.0423583984375,492.492431640625,0.9833443760871887,1045.04736328125,478.9671936035156,0.9640764594078064,1065.549072265625,570.059814453125,0.9079045057296753
345,1222.871337890625,311.0600280761719,0.9764478802680969,1161.825927734375,379.0927429199219,0.9880062341690063,1230.01220703125,492.6609802246094,0.9649425745010376,1038.2452392578125,479.2149658203125,0.9718183875083923,1058.2977294921875,569.961669921875,0.9388210773468018
346,1221.102294921875,311.63385009765625,0.9772835969924927,1159.947998046875,379.5549011230469,0.9876323938369751,1225.720703125,493.0136413574219,0.9801322817802429,1033.695556640625,477.0643615722656,0.9741421937942505,1052.8255615234375,569.353759765625,0.8964536786079407
347,1219.3626708984375,312.1656494140625,0.9800010919570923,1157.5279541015625,380.1745300292969,0.9914984703063965,1223.46923828125,493.45794677734375,0.9838131070137024,1030.45361328125,475.7140197753906,0.9645601511001587,1046.194580078125,569.092529296875,0.9232138395309448
348,1217.14111328125,312.4549560546875,0.9785664081573486,1154.4599609375,381.0787658691406,0.9916974306106567,1220.396728515625,494.123291015625,0.9862442016601562,1025.6898193359375,474.59368896484375,0.9722419381141663,1040.867919921875,569.7868041992188,0.9059137105941772
349,1213.727783203125,312.12359619140625,0.980974555015564,1151.51806640625,381.570556640625,0.9841892719268799,1217.7054443359375,494.2677001953125,0.9772371053695679,1020.7180786132812,474.4893493652344,0.9793943166732788,1035.243896484375,568.8193969726562,0.8853578567504883
350,1209.9560546875,312.8066101074219,0.9875463247299194,1148.812744140625,381.7924499511719,0.9885648488998413,1212.9854736328125,494.1737976074219,0.9630308747291565,1016.8243408203125,474.1848449707031,0.9751888513565063,1028.282958984375,567.1043090820312,0.9385911226272583
351,1207.4256591796875,312.1692199707031,0.9874030351638794,1147.0137939453125,381.555908203125,0.9912060499191284,1208.8497314453125,494.2430114746094,0.9699223041534424,1012.91552734375,472.6211853027344,0.9696166515350342,1024.036865234375,569.4161987304688,0.8949183225631714
352,1206.9964599609375,313.1574401855469,0.9795436859130859,1144.5804443359375,381.896728515625,0.9837512373924255,1206.79833984375,494.554931640625,0.978683352470398,1007.3724975585938,472.9560852050781,0.9692614078521729,1017.2874755859375,568.8530883789062,0.8888324499130249
353,1205.5460205078125,312.9654846191406,0.986436128616333,1142.6009521484375,382.1746520996094,0.9900205731391907,1203.4874267578125,495.1228942871094,0.9835397005081177,1003.6324462890625,472.37249755859375,0.9757090210914612,1010.8963012695312,566.169189453125,0.9398619532585144
354,1203.8399658203125,313.4989318847656,0.9863995909690857,1140.0570068359375,382.5196838378906,0.9913451671600342,1197.8773193359375,494.6177062988281,0.9676086902618408,999.3788452148438,472.0274963378906,0.9536401033401489,1005.1765747070312,566.799560546875,0.8870683908462524
355,1201.853515625,313.1604919433594,0.9840904474258423,1137.037841796875,382.2272033691406,0.9899181127548218,1195.157470703125,494.2784118652344,0.9700844287872314,995.5662231445312,470.4498291015625,0.9636850357055664,998.362548828125,565.3595581054688,0.9278367161750793
356,1199.843994140625,313.2959289550781,0.9797537326812744,1133.646484375,382.01129150390625,0.9886506795883179,1191.6898193359375,494.019287109375,0.9848201274871826,990.8978881835938,469.9627380371094,0.9607407450675964,993.0338134765625,564.53466796875,0.9362752437591553
357,1196.6126708984375,312.64166259765625,0.985953688621521,1131.5919189453125,381.01605224609375,0.9918058514595032,1188.656494140625,494.2539978027344,0.9865061044692993,986.7138671875,469.28558349609375,0.9746190309524536,987.55517578125,565.5296020507812,0.8943483233451843
358,1193.4451904296875,313.17218017578125,0.9877427220344543,1129.228759765625,380.4482421875,0.988396167755127,1185.0753173828125,494.7257385253906,0.9795635938644409,983.4711303710938,468.38836669921875,0.9542651176452637,981.5890502929688,564.3081665039062,0.9334321022033691
359,1190.58837890625,312.5447082519531,0.9817720651626587,1126.5543212890625,380.24609375,0.9917503595352173,1180.6224365234375,493.6907653808594,0.9762530326843262,979.5791015625,467.2766418457031,0.9656084775924683,976.2412109375,563.2723999023438,0.9221171140670776
360,1189.7000732421875,313.36920166015625,0.9810835123062134,1123.890380859375,380.2067565917969,0.9932800531387329,1177.5916748046875,492.7752990722656,0.9832739233970642,974.1264038085938,467.5397644042969,0.9762686491012573,970.4341430664062,564.18359375,0.90690678358078
361,1186.92431640625,312.7619934082031,0.9856876134872437,1120.517578125,380.0711669921875,0.991579532623291,1174.4847412109375,492.9457092285156,0.988048791885376,970.3082885742188,466.89154052734375,0.9744924306869507,964.4916381835938,563.660888671875,0.9469118714332581
362,1184.2176513671875,312.55133056640625,0.9788687825202942,1116.728271484375,379.7497863769531,0.9881027340888977,1170.44970703125,493.0345153808594,0.9872855544090271,966.8728637695312,466.2287902832031,0.9594419002532959,959.364013671875,563.4129028320312,0.9368594884872437
363,1180.291259765625,310.65283203125,0.9857635498046875,1114.6663818359375,378.909912109375,0.9905014038085938,1165.236572265625,492.5853576660156,0.9759212732315063,962.7717895507812,464.2356262207031,0.9578977227210999,952.974609375,563.7225341796875,0.9126194715499878
364,1176.351806640625,310.626953125,0.9826244115829468,1111.72509765625,378.26275634765625,0.9860299825668335,1160.25146484375,491.76251220703125,0.9880459308624268,957.1022338867188,462.91796875,0.9744272232055664,947.3486938476562,563.2688598632812,0.9593518376350403
365,1174.78759765625,308.9356384277344,0.977556586265564,1108.487060546875,377.1065673828125,0.988366961479187,1158.3045654296875,491.161865234375,0.9922528266906738,953.1997680664062,461.89337158203125,0.9714588522911072,941.64404296875,562.4994506835938,0.9480314254760742
366,1173.0828857421875,307.50750732421875,0.9766112565994263,1105.4327392578125,375.97869873046875,0.9786509871482849,1154.9080810546875,489.58489990234375,0.9909316301345825,948.621826171875,460.2834777832031,0.9668648838996887,933.118408203125,560.5935668945312,0.9522836208343506
367,1169.884033203125,307.7138366699219,0.9773807525634766,1101.0697021484375,374.4583435058594,0.9841212034225464,1150.8272705078125,487.6491394042969,0.9722687005996704,942.1541137695312,460.1565246582031,0.9750823974609375,928.4144897460938,559.7940063476562,0.940398097038269
368,1165.9918212890625,305.7411193847656,0.988249659538269,1097.449951171875,372.2336120605469,0.9884730577468872,1146.728271484375,487.0484924316406,0.9874703884124756,938.40380859375,458.9414367675781,0.9837485551834106,921.2013549804688,560.042724609375,0.8949809074401855
369,1163.2000732421875,304.4164123535156,0.9891208410263062,1095.3450927734375,370.1004943847656,0.9873725175857544,1142.8524169921875,485.4586181640625,0.9870396852493286,935.1873168945312,457.5306396484375,0.9612436294555664,916.1741943359375,557.8380126953125,0.9211500883102417
370,1159.73583984375,299.7373352050781,0.9827592372894287,1092.7642822265625,368.7289123535156,0.9909230470657349,1139.4365234375,483.3211975097656,0.9868308305740356,930.32470703125,456.4965515136719,0.970514178276062,910.3550415039062,556.4375610351562,0.9017288088798523
371,1157.6353759765625,299.5389709472656,0.9886113405227661,1088.4222412109375,367.3424987792969,0.9846405386924744,1135.2608642578125,480.0943298339844,0.9733847379684448,925.6991577148438,456.8713684082031,0.980971097946167,902.648193359375,556.2952270507812,0.8986198902130127
372,1155.1236572265625,299.0225830078125,0.9890965223312378,1084.95849609375,365.7954406738281,0.9899227023124695,1132.006591796875,477.8100891113281,0.9753696918487549,921.4243774414062,456.5173645019531,0.9799834489822388,897.7415771484375,555.510986328125,0.9455984234809875
373,1151.5872802734375,297.5863342285156,0.9810919761657715,1082.2113037109375,364.1214904785156,0.9890109300613403,1127.973388671875,476.7627868652344,0.9898689985275269,917.7505493164062,455.6925964355469,0.9594732522964478,891.0255126953125,555.0255737304688,0.9075169563293457
374,1147.434326171875,296.362060546875,0.9850063920021057,1079.0267333984375,363.2523498535156,0.9868465065956116,1125.3642578125,475.7261047363281,0.9913171529769897,914.0701293945312,455.02581787109375,0.9615187048912048,884.9246215820312,550.984375,0.9189789891242981
375,1143.940673828125,294.5897216796875,0.9877073764801025,1075.9027099609375,360.921630859375,0.9889011383056641,1121.7220458984375,474.9558410644531,0.9870436191558838,910.586669921875,453.73687744140625,0.9718758463859558,881.3071899414062,550.0360107421875,0.9232956767082214
376,1142.7059326171875,293.4339904785156,0.9855121374130249,1073.20556640625,359.0554504394531,0.9756600856781006,1119.926513671875,472.7890319824219,0.9763261079788208,908.610107421875,451.9621887207031,0.9769614934921265,875.3451538085938,549.73291015625,0.9237371683120728
377,1140.7315673828125,290.8443298339844,0.986736536026001,1069.2144775390625,356.857177734375,0.9878308773040771,1117.616455078125,471.7455139160156,0.9773807525634766,906.3571166992188,450.4191589355469,0.9711520075798035,869.4513549804688,547.2469482421875,0.9452849626541138
378,1138.1326904296875,290.394775390625,0.9838323593139648,1066.5062255859375,353.9895324707031,0.9893548488616943,1116.822265625,470.34552001953125,0.9845342636108398,905.1991577148438,448.5647277832031,0.9566948413848877,865.6867065429688,543.5462036132812,0.9334514141082764
379,1135.0389404296875,288.7742004394531,0.980721116065979,1065.1004638671875,352.13128662109375,0.9878736734390259,1114.154296875,468.94671630859375,0.9830542802810669,904.6499633789062,447.5564270019531,0.9421545267105103,860.6451416015625,543.6883544921875,0.8878628015518188
380,1132.6217041015625,285.69036865234375,0.9823005199432373,1063.5382080078125,350.77203369140625,0.980929970741272,1112.158447265625,468.0552062988281,0.9824777245521545,905.3976440429688,445.98455810546875,0.9277137517929077,856.2083740234375,541.1361694335938,0.9033496379852295
381,1129.3360595703125,283.09173583984375,0.9896711707115173,1062.056640625,349.11846923828125,0.9903125762939453,1111.093994140625,464.44354248046875,0.984734058380127,905.374267578125,444.47515869140625,0.9565443992614746,854.7192993164062,538.2965698242188,0.9188386797904968
382,1127.88427734375,282.4212951660156,0.9801591634750366,1060.4913330078125,347.36767578125,0.9923776984214783,1111.36572265625,462.9911804199219,0.9869011044502258,905.4925537109375,443.056396484375,0.9687227606773376,853.0550537109375,534.1844482421875,0.9196239709854126
383,1126.264892578125,281.6203308105469,0.9824590682983398,1058.4754638671875,345.35296630859375,0.9898453950881958,1111.6573486328125,461.9846496582031,0.9892928004264832,908.4740600585938,439.8843688964844,0.971184253692627,851.9508056640625,530.5523071289062,0.935205340385437
384,1124.8193359375,280.838623046875,0.9861490726470947,1057.7589111328125,343.9039611816406,0.9834623336791992,1112.3773193359375,461.1544189453125,0.9871348738670349,911.1795043945312,433.8494567871094,0.9754191637039185,852.6909790039062,524.642822265625,0.9250401854515076
385,1122.515625,279.6994934082031,0.9894096255302429,1057.0623779296875,341.24945068359375,0.9857252836227417,1113.490234375,460.20794677734375,0.9896242618560791,915.8097534179688,426.9052734375,0.9774057269096375,858.9405517578125,518.3250732421875,0.8902555704116821
386,1120.3206787109375,277.80517578125,0.9871562719345093,1055.1124267578125,338.94976806640625,0.9901162385940552,1114.3154296875,459.66302490234375,0.988681972026825,919.46240234375,418.5350341796875,0.9559909105300903,865.9867553710938,513.0507202148438,0.8992087841033936
387,1118.1513671875,275.5389099121094,0.9903551340103149,1055.218017578125,335.64666748046875,0.9895873069763184,1115.662841796875,458.37432861328125,0.9827284216880798,924.5872802734375,412.2125244140625,0.9831134080886841,881.53173828125,501.4864807128906,0.8996943235397339
388,1117.5438232421875,274.85858154296875,0.9885482788085938,1055.5108642578125,333.71295166015625,0.9831441044807434,1117.7862548828125,456.50250244140625,0.9719204902648926,931.7357788085938,404.0899963378906,0.9713256359100342,896.5053100585938,499.7818908691406,0.8912262916564941
389,1116.552490234375,273.9912414550781,0.9880766868591309,1054.9434814453125,330.8050537109375,0.9830400347709656,1119.80126953125,454.9261779785156,0.976577877998352,937.1495361328125,399.0881652832031,0.9846235513687134,913.901611328125,496.5055847167969,0.9079326391220093
390,1115.3853759765625,272.45745849609375,0.9882663488388062,1055.57080078125,328.1680908203125,0.9754767417907715,1122.36669921875,453.4939880371094,0.9873801469802856,944.326904296875,395.7732238769531,0.9790458679199219,931.109130859375,491.91912841796875,0.9512319564819336
391,1114.1893310546875,268.9593505859375,0.9796853065490723,1055.5699462890625,325.9264221191406,0.9841423034667969,1126.2255859375,452.0849304199219,0.9863308072090149,951.3695678710938,395.74249267578125,0.9779006242752075,949.2915649414062,489.74871826171875,0.9572581052780151
392,1112.3758544921875,267.09979248046875,0.9832743406295776,1055.2152099609375,324.39691162109375,0.988097071647644,1131.4075927734375,449.0601806640625,0.979290783405304,958.8300170898438,395.8717346191406,0.9868999719619751,968.0615844726562,488.1936340332031,0.9493751525878906
393,1111.5596923828125,267.1012878417969,0.9845423102378845,1055.7906494140625,323.635498046875,0.9881054162979126,1135.833251953125,447.91888427734375,0.9747925996780396,965.3154907226562,397.49835205078125,0.9848150014877319,986.736083984375,494.10888671875,0.9061306118965149
394,1110.8917236328125,266.08056640625,0.9850167036056519,1056.325927734375,323.538330078125,0.9859074354171753,1142.47509765625,444.8551940917969,0.9839913845062256,974.5093994140625,404.2140197753906,0.9892953634262085,1003.0061645507812,496.4462890625,0.868392288684845
395,1110.3702392578125,265.09893798828125,0.983367383480072,1057.5469970703125,324.3778381347656,0.9869566559791565,1147.1448974609375,443.0575866699219,0.9746471643447876,982.1867065429688,409.9593811035156,0.9877275228500366,1019.9912719726562,498.002685546875,0.9059186577796936
396,1110.1824951171875,264.5968017578125,0.9878897666931152,1058.4522705078125,326.1773376464844,0.9881595373153687,1154.2838134765625,441.88653564453125,0.9828670024871826,991.7100830078125,419.83203125,0.986646294593811,1037.89111328125,501.1873779296875,0.8870350122451782
397,1110.234619140625,263.17718505859375,0.9887726306915283,1059.869384765625,327.724365234375,0.986132025718689,1159.3148193359375,439.7002868652344,0.9807188510894775,1001.0183715820312,428.57489013671875,0.9802064895629883,1054.5947265625,503.7642822265625,0.9128005504608154
398,1110.08740234375,262.54986572265625,0.9899859428405762,1062.034912109375,330.6065368652344,0.9881320595741272,1167.1995849609375,436.8549499511719,0.9690530300140381,1011.7250366210938,439.53826904296875,0.9755762815475464,1072.8751220703125,508.54620361328125,0.9264131784439087
399,1109.8939208984375,261.3531799316406,0.9905732870101929,1063.783447265625,332.27178955078125,0.9842099547386169,1173.9608154296875,436.283447265625,0.9821949601173401,1022.7471313476562,451.6933898925781,0.983049750328064,1089.5982666015625,511.4205017089844,0.9266194701194763
400,1110.0677490234375,260.37738037109375,0.9903539419174194,1066.157470703125,334.9244689941406,0.9816986322402954,1181.2420654296875,433.634765625,0.9683904647827148,1035.6602783203125,463.8512878417969,0.9790582656860352,1108.236083984375,516.5597534179688,0.95826256275177
401,1110.7841796875,259.3066101074219,0.9874101281166077,1068.209228515625,336.81036376953125,0.9860754609107971,1186.2413330078125,430.8450622558594,0.9729452133178711,1050.28173828125,476.2691955566406,0.9791403412818909,1125.97265625,521.655517578125,0.9440666437149048
402,1111.0191650390625,258.48681640625,0.988849401473999,1070.813232421875,339.4509582519531,0.9806665778160095,1194.5020751953125,430.74652099609375,0.9709797501564026,1066.8475341796875,487.552734375,0.9762490391731262,1148.677734375,525.39306640625,0.9469213485717773
403,1112.22412109375,257.0214538574219,0.9893074035644531,1074.554443359375,340.7734069824219,0.9820605516433716,1200.257568359375,428.6982421875,0.9830291271209717,1084.19921875,497.2270812988281,0.9810619950294495,1170.8277587890625,529.4033813476562,0.9551030397415161
404,1112.3701171875,256.102294921875,0.9900705814361572,1077.3807373046875,341.3782043457031,0.9838788509368896,1205.441162109375,426.44305419921875,0.9885674118995667,1104.6925048828125,505.7823181152344,0.9863888025283813,1191.38818359375,531.8082275390625,0.9389294385910034
405,1113.379150390625,255.75674438476562,0.9905236959457397,1080.148681640625,344.586181640625,0.9692378044128418,1210.3740234375,425.51513671875,0.9799965023994446,1124.3367919921875,513.1055908203125,0.9776023626327515,1212.8363037109375,537.1734619140625,0.8948941230773926
406,1114.364013671875,255.64608764648438,0.990548849105835,1082.6956787109375,345.8385925292969,0.9760972857475281,1217.56640625,425.31402587890625,0.9833575487136841,1142.2042236328125,517.898681640625,0.979224443435669,1229.2818603515625,539.4769287109375,0.9362555742263794
407,1116.4034423828125,255.66372680664062,0.9882299900054932,1086.8817138671875,346.4565734863281,0.9719403386116028,1221.959716796875,424.0308837890625,0.9775813817977905,1158.0101318359375,522.5239868164062,0.9887232184410095,1246.0438232421875,541.29296875,0.9325022101402283
408,1118.496337890625,256.0186462402344,0.9854369163513184,1091.0654296875,346.6966247558594,0.9868768453598022,1226.9677734375,422.7254638671875,0.9642223715782166,1172.0272216796875,524.7872314453125,0.9872857928276062,1261.3885498046875,543.9284057617188,0.9350432753562927
409,1120.9136962890625,256.9851379394531,0.986644983291626,1095.46728515625,347.9464111328125,0.9800606966018677,1231.4935302734375,424.489990234375,0.9718692302703857,1182.3306884765625,528.439208984375,0.9749970436096191,1270.4542236328125,546.6638793945312,0.9373596906661987
410,1122.8294677734375,258.5703430175781,0.9908158183097839,1099.4302978515625,350.111328125,0.9756176471710205,1235.595458984375,424.92474365234375,0.9795138835906982,1191.52685546875,529.5823974609375,0.9654995203018188,1278.491943359375,550.1796264648438,0.9134706258773804
411,1124.2449951171875,260.6888732910156,0.9920370578765869,1102.2757568359375,351.9639892578125,0.979080080986023,1238.0648193359375,426.22796630859375,0.976284384727478,1194.9486083984375,532.689208984375,0.9832638502120972,1282.2315673828125,556.5067749023438,0.9349780082702637
412,1126.0858154296875,262.4203186035156,0.9883943796157837,1106.241943359375,354.7444152832031,0.9849125146865845,1241.5133056640625,426.8580322265625,0.9693130254745483,1195.970947265625,535.2479248046875,0.9824048280715942,1281.9481201171875,563.6399536132812,0.9479565620422363
413,1128.503173828125,263.8568420410156,0.9877629280090332,1108.3658447265625,357.12567138671875,0.9871832132339478,1243.9820556640625,430.1197814941406,0.9630590677261353,1192.8187255859375,538.4407958984375,0.9821851253509521,1275.8616943359375,569.3496704101562,0.9405083060264587
414,1130.3946533203125,265.5824890136719,0.9908682107925415,1109.7767333984375,359.4659118652344,0.9807772636413574,1245.41455078125,434.0726623535156,0.9702411890029907,1186.4892578125,539.146484375,0.9909719824790955,1268.5179443359375,571.9597778320312,0.9598773717880249
415,1135.1298828125,268.87896728515625,0.9881138801574707,1110.98779296875,362.1318664550781,0.988213300704956,1241.828369140625,440.20611572265625,0.9644271731376648,1178.281982421875,542.8842163085938,0.983339250087738,1261.3856201171875,573.4441528320312,0.93885338306427
416,1137.863525390625,271.8111877441406,0.9892345666885376,1111.8499755859375,364.79345703125,0.9842341542243958,1240.3385009765625,442.96942138671875,0.9734684228897095,1174.4605712890625,543.00439453125,0.9820961952209473,1255.7159423828125,574.4453735351562,0.9367097616195679
417,1139.6544189453125,274.1518249511719,0.9923597574234009,1111.827392578125,367.3979187011719,0.9790499210357666,1238.122314453125,446.61517333984375,0.975475013256073,1169.269775390625,542.3350219726562,0.9809608459472656,1250.840576171875,574.4319458007812,0.9537795782089233
418,1141.1689453125,276.0325622558594,0.9920495748519897,1111.423583984375,369.1083068847656,0.9786534309387207,1238.3905029296875,451.85662841796875,0.9761580228805542,1161.951904296875,542.401123046875,0.9838283061981201,1243.4736328125,574.0455932617188,0.9345147609710693
419,1142.2611083984375,278.1030578613281,0.9903676509857178,1111.458251953125,370.62847900390625,0.9766765832901001,1236.7205810546875,454.05401611328125,0.9832972288131714,1157.9422607421875,540.7515869140625,0.9893990755081177,1238.336181640625,574.4808959960938,0.9556410312652588
420,1143.852294921875,278.6050109863281,0.9911591410636902,1111.6485595703125,371.4132080078125,0.9727612733840942,1235.2628173828125,456.0321960449219,0.9853377342224121,1152.0244140625,539.8341064453125,0.9851564764976501,1233.1883544921875,574.6384887695312,0.9427932500839233
421,1145.0126953125,279.6422424316406,0.9930018186569214,1112.28662109375,371.0351257324219,0.9811329245567322,1233.4620361328125,457.637451171875,0.9864041805267334,1144.4658203125,539.756103515625,0.9826939105987549,1226.1959228515625,574.3341064453125,0.9385930895805359
422,1147.343017578125,280.66241455078125,0.9881851077079773,1112.700439453125,370.60968017578125,0.9826143980026245,1231.9515380859375,459.6426086425781,0.9787505269050598,1140.1903076171875,537.8994750976562,0.9872667789459229,1219.52490234375,574.9902954101562,0.9599370360374451
423,1151.56787109375,282.547607421875,0.9828811287879944,1113.1795654296875,370.460205078125,0.9842008948326111,1231.158935546875,461.76971435546875,0.9666107892990112,1134.141357421875,537.8427734375,0.9819966554641724,1211.9979248046875,573.8077392578125,0.9526004791259766
424,1152.7647705078125,283.2753601074219,0.9890545606613159,1113.397705078125,370.4960632324219,0.9857845306396484,1229.790771484375,463.8305969238281,0.9775002002716064,1128.8978271484375,537.157470703125,0.9735107421875,1205.9390869140625,574.3583984375,0.9617835283279419
425,1154.2105712890625,283.4385986328125,0.9889559149742126,1113.73681640625,370.3975524902344,0.9860003590583801,1228.187255859375,465.41259765625,0.9844645857810974,1124.8336181640625,534.3738403320312,0.9732645750045776,1201.54296875,574.6494750976562,0.9527157545089722
426,1155.4349365234375,283.3179626464844,0.9891929626464844,1114.4422607421875,370.33477783203125,0.9867453575134277,1226.592529296875,467.3736267089844,0.9846541881561279,1118.4407958984375,533.7754516601562,0.9819746613502502,1194.387939453125,573.07080078125,0.9576876163482666
427,1157.513916015625,283.7182922363281,0.9880430698394775,1114.9720458984375,370.00201416015625,0.9878252744674683,1225.3466796875,468.8881530761719,0.9816871881484985,1112.4188232421875,531.2024536132812,0.974427342414856,1188.33349609375,573.686767578125,0.9671324491500854
428,1159.1826171875,284.094970703125,0.985480546951294,1115.7236328125,370.1450500488281,0.989128589630127,1221.8187255859375,470.9261779785156,0.9848479628562927,1108.5225830078125,529.9103393554688,0.9789694547653198,1181.9012451171875,573.2269287109375,0.9441236257553101
429,1160.2940673828125,283.8739318847656,0.9845845699310303,1116.2242431640625,369.9145202636719,0.9891763925552368,1220.9046630859375,472.0537414550781,0.9847214221954346,1101.6640625,528.7978515625,0.9808698892593384,1173.5472412109375,572.2241821289062,0.9658079147338867
430,1162.987548828125,284.73040771484375,0.986845850944519,1116.8255615234375,369.5220031738281,0.9894378781318665,1219.5555419921875,472.75445556640625,0.9865864515304565,1096.503662109375,526.4136962890625,0.9820539951324463,1169.6480712890625,572.81884765625,0.9580751657485962
431,1165.374755859375,285.49896240234375,0.9851055145263672,1117.41357421875,369.1512145996094,0.9899921417236328,1218.3533935546875,472.7228088378906,0.9861413836479187,1092.3359375,522.9718017578125,0.98497474193573,1162.8984375,572.164306640625,0.9573839902877808
432,1167.5404052734375,285.41009521484375,0.9861723780632019,1118.1619873046875,369.09130859375,0.9884340167045593,1217.4324951171875,472.9509582519531,0.9844027757644653,1089.0771484375,520.9862060546875,0.9783979654312134,1156.7152099609375,571.9059448242188,0.968360960483551
433,1169.042724609375,285.9883728027344,0.9869320392608643,1118.9576416015625,368.4583435058594,0.9856476783752441,1216.208251953125,473.3826904296875,0.9790870547294617,1082.5543212890625,518.7151489257812,0.9801766872406006,1150.7696533203125,571.6287231445312,0.9292705059051514
434,1169.9761962890625,285.5440673828125,0.9886554479598999,1119.423828125,367.769287109375,0.9812548160552979,1213.9205322265625,474.0033874511719,0.975035548210144,1078.7086181640625,515.6029663085938,0.9753528833389282,1144.2523193359375,571.2960815429688,0.9570521116256714
435,1172.2042236328125,285.9066467285156,0.9895970821380615,1120.0760498046875,367.19073486328125,0.9737920165061951,1213.0640869140625,474.28875732421875,0.9785552024841309,1075.3468017578125,512.1280517578125,0.9791470766067505,1138.5482177734375,570.6781005859375,0.9636332988739014
436,1174.2901611328125,287.0486145019531,0.9862626194953918,1121.242919921875,366.7776794433594,0.983707070350647,1211.7529296875,474.75775146484375,0.9808862209320068,1071.801513671875,508.15496826171875,0.9773344397544861,1132.348388671875,570.2786254882812,0.9312904477119446
437,1175.66650390625,287.8328552246094,0.9823848605155945,1122.3651123046875,366.17510986328125,0.9882067441940308,1211.467041015625,475.0455627441406,0.9807376861572266,1066.9302978515625,507.47021484375,0.9789832830429077,1126.1087646484375,570.1618041992188,0.9627584218978882
438,1177.0152587890625,287.765380859375,0.9849539399147034,1123.2373046875,365.3532409667969,0.9905364513397217,1210.45849609375,475.1185302734375,0.9811569452285767,1062.23681640625,504.06475830078125,0.9663182497024536,1120.65380859375,570.3423461914062,0.9294251203536987
439,1178.3389892578125,287.8200988769531,0.985508143901825,1123.97802734375,364.61181640625,0.991248369216919,1209.33642578125,475.15673828125,0.9809167385101318,1059.387451171875,501.28662109375,0.974038302898407,1112.1435546875,569.3533325195312,0.9444574117660522
440,1180.879638671875,287.73486328125,0.9846653938293457,1124.6719970703125,363.85479736328125,0.9912360906600952,1208.917724609375,474.8483581542969,0.9821903705596924,1054.7110595703125,498.1292724609375,0.9774755835533142,1106.791259765625,567.9421997070312,0.9553725719451904
441,1181.999267578125,287.33355712890625,0.9774259924888611,1125.749755859375,363.1813659667969,0.9900112152099609,1208.5252685546875,474.9789123535156,0.982524037361145,1050.9903564453125,495.572021484375,0.970323383808136,1101.0155029296875,567.2990112304688,0.9365007281303406
442,1184.03076171875,285.9789733886719,0.977440357208252,1126.3709716796875,362.6483459472656,0.9865869283676147,1207.7325439453125,474.7917785644531,0.9828493595123291,1046.8997802734375,491.7738037109375,0.9733049869537354,1094.543701171875,566.8631591796875,0.9507184624671936
443,1185.6634521484375,284.85809326171875,0.9834190011024475,1126.892822265625,361.41876220703125,0.9788272380828857,1207.2298583984375,474.40728759765625,0.987554669380188,1044.184326171875,489.29119873046875,0.9795454740524292,1089.7720947265625,566.1137084960938,0.9443597197532654
444,1187.1571044921875,283.61572265625,0.9851928353309631,1127.3250732421875,358.87677001953125,0.9761398434638977,1206.64501953125,473.9850158691406,0.9876073002815247,1042.1002197265625,487.6441955566406,0.969662070274353,1084.460205078125,565.8070678710938,0.9254450798034668
445,1189.0389404296875,282.0892639160156,0.9809958934783936,1128.0423583984375,356.8162841796875,0.9781014919281006,1206.5643310546875,473.00238037109375,0.9851542115211487,1037.5960693359375,485.1961669921875,0.9808235168457031,1077.735107421875,565.7589111328125,0.9498027563095093
446,1191.1146240234375,281.5936584472656,0.978814959526062,1128.747802734375,354.55792236328125,0.9850976467132568,1205.9266357421875,472.66912841796875,0.9843764305114746,1034.838623046875,483.9068908691406,0.9742211103439331,1072.3641357421875,565.0105590820312,0.9389424324035645
447,1192.2132568359375,280.5185852050781,0.9842106103897095,1130.408203125,352.3644714355469,0.9883262515068054,1204.9742431640625,471.1058044433594,0.9864841103553772,1032.1561279296875,481.08441162109375,0.9599369168281555,1067.11669921875,564.7023315429688,0.9346896409988403
448,1195.4974365234375,280.6606140136719,0.9871529340744019,1131.56298828125,350.9341125488281,0.9906737804412842,1204.276123046875,469.7596740722656,0.9874063730239868,1028.1224365234375,477.0215148925781,0.9724858999252319,1061.08544921875,563.9525146484375,0.9528542160987854
449,1197.7950439453125,279.7137145996094,0.9859510064125061,1132.696533203125,349.5829772949219,0.9884366989135742,1203.3770751953125,467.7279357910156,0.9819334745407104,1025.3046875,475.1471252441406,0.9696956872940063,1055.3214111328125,562.8569946289062,0.9301560521125793
450,1201.4896240234375,280.30389404296875,0.9854916334152222,1133.4710693359375,348.623046875,0.9864715337753296,1203.8631591796875,466.60980224609375,0.9782106876373291,1020.9524536132812,474.3968505859375,0.9765710234642029,1050.7076416015625,562.9736328125,0.9305105209350586
451,1203.3499755859375,279.67291259765625,0.9881607294082642,1135.890625,347.4422302246094,0.9874664545059204,1204.4521484375,463.4549255371094,0.9787414073944092,1019.19873046875,473.45172119140625,0.9734562635421753,1043.6710205078125,561.13037109375,0.9469007253646851
452,1205.3280029296875,279.8403625488281,0.9845495223999023,1137.7694091796875,346.3099670410156,0.9910865426063538,1205.08984375,462.5747985839844,0.9807802438735962,1018.0414428710938,470.7721862792969,0.958962082862854,1039.054931640625,560.9896240234375,0.9220569133758545
453,1207.132080078125,279.40252685546875,0.9813860654830933,1139.9644775390625,346.0411682128906,0.9925848245620728,1206.173583984375,462.4007263183594,0.9825379848480225,1017.4382934570312,468.5765686035156,0.9537029266357422,1035.0716552734375,560.743408203125,0.917219877243042
454,1208.7806396484375,279.6864929199219,0.9902856349945068,1142.04296875,346.3185119628906,0.9902571439743042,1206.98486328125,462.45050048828125,0.9828482866287231,1017.0216674804688,465.9302062988281,0.9440932273864746,1029.8243408203125,558.3659057617188,0.9224530458450317
455,1211.7655029296875,279.6094970703125,0.9899370074272156,1144.1722412109375,346.7485656738281,0.9853760004043579,1208.35205078125,462.71563720703125,0.9757289290428162,1017.0767211914062,460.8741760253906,0.9640345573425293,1025.836181640625,556.970703125,0.9282737970352173
456,1213.9678955078125,278.6799621582031,0.9867608547210693,1146.14453125,347.3019104003906,0.9897831082344055,1211.7320556640625,464.463623046875,0.9698463678359985,1017.192626953125,458.5101623535156,0.9677268862724304,1022.924072265625,558.0805053710938,0.9159222841262817
457,1216.5130615234375,279.3362731933594,0.9855705499649048,1147.849365234375,348.156005859375,0.9895486831665039,1214.1602783203125,465.0258483886719,0.9620919227600098,1019.5446166992188,456.4421691894531,0.964532196521759,1018.2046508789062,554.2808837890625,0.9040584564208984
458,1218.392333984375,279.9783020019531,0.9854413866996765,1150.2576904296875,349.133544921875,0.9863314628601074,1217.4200439453125,466.4865417480469,0.9767267107963562,1022.4580078125,450.2311706542969,0.9667224884033203,1015.2122192382812,549.7324829101562,0.9232503771781921
459,1220.390625,280.45806884765625,0.9870609045028687,1154.2855224609375,349.3912353515625,0.9914324283599854,1219.3798828125,467.2162170410156,0.9828418493270874,1028.4293212890625,442.2646179199219,0.9710166454315186,1013.7772827148438,544.5125732421875,0.9354686737060547
460,1222.5692138671875,280.4542236328125,0.9856023192405701,1157.2967529296875,348.681884765625,0.992071270942688,1224.882568359375,466.5817565917969,0.9797593355178833,1033.8861083984375,436.98309326171875,0.9764867424964905,1015.5714111328125,538.5464477539062,0.9254626035690308
461,1223.991455078125,280.93829345703125,0.9860163331031799,1159.9677734375,347.547607421875,0.9870091676712036,1228.80419921875,465.72027587890625,0.9779725074768066,1041.3470458984375,426.8916320800781,0.9782025814056396,1018.6375732421875,529.8832397460938,0.9025678634643555
462,1225.8492431640625,280.63348388671875,0.9895278215408325,1162.1917724609375,345.9862060546875,0.9871083498001099,1232.417236328125,465.4348449707031,0.9597207307815552,1048.0032958984375,421.20172119140625,0.970848023891449,1025.3065185546875,522.7109375,0.8844549655914307
463,1229.359375,280.1658935546875,0.9888482689857483,1165.5252685546875,342.861572265625,0.9846760034561157,1236.0269775390625,463.447021484375,0.984796404838562,1057.6474609375,411.69696044921875,0.9838439226150513,1030.6829833984375,514.8006591796875,0.8634516596794128
464,1232.304931640625,280.6087951660156,0.980280339717865,1169.4815673828125,341.0129089355469,0.986328125,1240.119873046875,461.57135009765625,0.979245662689209,1065.05126953125,408.2074890136719,0.9874104261398315,1043.6099853515625,506.1160888671875,0.9230694770812988
465,1234.132080078125,279.7485046386719,0.9894543886184692,1172.9532470703125,337.5415954589844,0.9911177158355713,1245.0587158203125,461.09130859375,0.9740010499954224,1075.248291015625,404.12640380859375,0.9816911816596985,1058.4442138671875,501.83447265625,0.9149355292320251
466,1235.859619140625,279.3310241699219,0.988567590713501,1175.5072021484375,335.5654602050781,0.9802734851837158,1252.0146484375,458.4618225097656,0.9887484312057495,1082.5968017578125,403.65606689453125,0.987747311592102,1074.5565185546875,501.5113525390625,0.9288333654403687
467,1237.697021484375,278.4454345703125,0.9877251386642456,1178.0504150390625,334.57305908203125,0.9862114191055298,1256.954833984375,457.5206298828125,0.9809763431549072,1091.6190185546875,404.4934387207031,0.9848077297210693,1092.0731201171875,500.3801574707031,0.940710723400116
468,1239.0404052734375,277.3125915527344,0.9848796129226685,1180.6024169921875,334.61126708984375,0.9883261322975159,1265.5528564453125,456.29254150390625,0.983081579208374,1098.5469970703125,408.7655334472656,0.9868111610412598,1113.6937255859375,500.04156494140625,0.9465698003768921
469,1241.347412109375,276.9543151855469,0.9922834634780884,1183.994384765625,335.7569885253906,0.9838935136795044,1270.9683837890625,454.92974853515625,0.9835260510444641,1106.194091796875,412.14495849609375,0.9839861989021301,1132.2193603515625,505.4564514160156,0.8754361867904663
470,1243.61279296875,274.8477783203125,0.9922131896018982,1187.9044189453125,336.5201721191406,0.989843487739563,1278.62939453125,452.62445068359375,0.9658554792404175,1114.8802490234375,423.4554748535156,0.9846011400222778,1151.014404296875,511.8888244628906,0.8725730180740356
471,1245.8802490234375,274.47393798828125,0.9892420768737793,1190.7635498046875,338.48187255859375,0.9882806539535522,1285.049072265625,452.1976623535156,0.980121374130249,1122.954345703125,429.55438232421875,0.9852856993675232,1167.9803466796875,513.3323974609375,0.9121156334877014
472,1248.6019287109375,273.655517578125,0.9829983115196228,1192.896484375,340.6151428222656,0.9861384630203247,1292.909912109375,450.52471923828125,0.9652537107467651,1133.6702880859375,442.3647155761719,0.9856092929840088,1186.1011962890625,518.0419311523438,0.9321772456169128
473,1251.0338134765625,272.908447265625,0.9873842000961304,1196.3162841796875,343.8083190917969,0.985927939414978,1300.115478515625,450.00244140625,0.972877025604248,1143.544189453125,452.15997314453125,0.9817001819610596,1202.8670654296875,523.1392211914062,0.9457175135612488
474,1252.452880859375,270.7215576171875,0.9881160259246826,1200.3204345703125,346.4374694824219,0.9885626435279846,1307.7001953125,448.7666015625,0.9617025852203369,1156.0950927734375,464.22906494140625,0.9835591316223145,1219.44580078125,525.327392578125,0.952646791934967
475,1254.0706787109375,269.5111999511719,0.988761305809021,1204.610595703125,347.88726806640625,0.9917985200881958,1313.33740234375,449.568359375,0.9635132551193237,1169.454833984375,474.3799743652344,0.9800951480865479,1237.874755859375,530.055908203125,0.952816367149353
476,1255.3839111328125,268.2710266113281,0.9848582148551941,1208.2086181640625,349.6726989746094,0.9815413951873779,1319.1982421875,446.00677490234375,0.96394944190979,1180.337158203125,485.50775146484375,0.9836299419403076,1253.5791015625,533.953369140625,0.9536756277084351
477,1257.6622314453125,266.3741455078125,0.9858888387680054,1211.8787841796875,350.4851379394531,0.9893454909324646,1326.0130615234375,446.3130187988281,0.9520204067230225,1194.122314453125,495.5677490234375,0.9774186015129089,1271.167236328125,537.9905395507812,0.9492092132568359
478,1260.9510498046875,266.0865478515625,0.9862422347068787,1215.0745849609375,351.90704345703125,0.9847604036331177,1332.4007568359375,445.3823547363281,0.9764071702957153,1209.7694091796875,505.1689453125,0.97758549451828,1291.9532470703125,542.7415161132812,0.9263783097267151
479,1265.2000732421875,266.0572204589844,0.9912559986114502,1221.0804443359375,352.6209716796875,0.9835032820701599,1339.259033203125,444.4232482910156,0.9657570123672485,1226.169921875,511.9012756347656,0.9822280406951904,1310.2803955078125,545.5750732421875,0.9499024748802185
480,1266.8463134765625,265.0732421875,0.9912939071655273,1224.0455322265625,352.4622802734375,0.9819738864898682,1345.888427734375,443.40924072265625,0.9809978604316711,1243.6678466796875,516.9310302734375,0.9831161499023438,1329.1309814453125,548.0723876953125,0.9426655769348145
481,1268.0999755859375,264.9875183105469,0.9898282289505005,1227.4482421875,351.9851379394531,0.9889211654663086,1350.617919921875,442.01702880859375,0.9760878086090088,1260.26025390625,522.658447265625,0.9840021133422852,1346.1607666015625,549.2862548828125,0.9482353925704956
482,1270.0018310546875,263.9143371582031,0.9893254637718201,1231.5760498046875,352.9828796386719,0.9821125268936157,1358.90771484375,441.03631591796875,0.9753982424736023,1277.193115234375,526.0779418945312,0.9772717952728271,1363.802001953125,550.3822631835938,0.9340378046035767
483,1272.154296875,262.7882995605469,0.9880661964416504,1237.3951416015625,352.40179443359375,0.9781762361526489,1364.3287353515625,438.4726257324219,0.9815160036087036,1292.9644775390625,528.9503173828125,0.9795593619346619,1381.21533203125,553.059814453125,0.9277238249778748
484,1275.1566162109375,261.9989929199219,0.990591287612915,1241.40478515625,352.9644470214844,0.9784438610076904,1372.1705322265625,437.3472900390625,0.9688592553138733,1307.946533203125,531.5824584960938,0.9810998439788818,1396.509521484375,554.4046630859375,0.925428032875061
485,1277.7371826171875,262.1385192871094,0.9895261526107788,1245.2684326171875,353.4653625488281,0.9861563444137573,1377.581787109375,436.38775634765625,0.979048490524292,1321.774169921875,533.7141723632812,0.9817284345626831,1410.2620849609375,555.2225341796875,0.9157198071479797
486,1280.4383544921875,262.9294128417969,0.9897985458374023,1252.02734375,355.109375,0.9815396070480347,1382.3304443359375,435.1624755859375,0.9726755619049072,1334.6451416015625,534.1719360351562,0.9751758575439453,1421.7122802734375,555.9762573242188,0.9225537776947021
487,1282.3953857421875,263.22930908203125,0.9921753406524658,1255.3505859375,355.4478454589844,0.9695099592208862,1389.0167236328125,434.0126647949219,0.9679272174835205,1342.227294921875,536.4339599609375,0.9777956008911133,1428.7991943359375,559.3466186523438,0.9143581390380859
488,1285.046630859375,264.2449035644531,0.9902741312980652,1258.9554443359375,357.3497619628906,0.9772264957427979,1392.9404296875,435.4957580566406,0.9700311422348022,1349.1951904296875,537.24365234375,0.9851250648498535,1435.629150390625,563.3038940429688,0.9348545074462891
489,1288.52197265625,264.86767578125,0.9869955778121948,1262.6324462890625,359.46173095703125,0.9663587212562561,1395.6087646484375,436.50042724609375,0.976316511631012,1351.8248291015625,538.3126831054688,0.9841471910476685,1438.0286865234375,567.5601806640625,0.9264663457870483
490,1290.743408203125,266.2656555175781,0.9920617341995239,1266.1580810546875,362.01416015625,0.987605631351471,1397.76611328125,438.55126953125,0.9740177989006042,1351.2728271484375,540.4104614257812,0.9849568605422974,1435.3123779296875,571.8646240234375,0.9566073417663574
491,1293.408203125,268.633056640625,0.9860543608665466,1269.021484375,363.8962707519531,0.9910212755203247,1398.3638916015625,440.8102722167969,0.9753482937812805,1348.0831298828125,541.9290161132812,0.9846825003623962,1429.7734375,575.3519287109375,0.9591611623764038
492,1296.3372802734375,271.7998962402344,0.9856048226356506,1270.6494140625,366.64935302734375,0.9802701473236084,1398.0509033203125,442.6810607910156,0.9826306104660034,1339.6390380859375,544.8870849609375,0.9837120771408081,1421.6558837890625,575.9423828125,0.9597941637039185
493,1298.6824951171875,274.3638000488281,0.9922651648521423,1271.4659423828125,369.2013244628906,0.9756948947906494,1397.016357421875,445.7688903808594,0.9809685349464417,1335.01513671875,546.057373046875,0.9784314632415771,1415.17333984375,576.5415649414062,0.9561731815338135
494,1300.03173828125,276.2585144042969,0.9936048984527588,1271.729248046875,370.58538818359375,0.9739106893539429,1396.5682373046875,450.3387451171875,0.9766875505447388,1328.5631103515625,547.8718872070312,0.9757033586502075,1410.4632568359375,577.8198852539062,0.963132381439209
495,1301.3614501953125,278.525146484375,0.9917933940887451,1271.492919921875,372.6661376953125,0.9753273725509644,1395.6373291015625,453.75628662109375,0.9810582399368286,1322.9637451171875,547.3517456054688,0.9812062978744507,1404.3062744140625,577.4943237304688,0.9657309055328369
496,1301.77783203125,279.84857177734375,0.9895474314689636,1270.9039306640625,374.6302490234375,0.9790028929710388,1393.310546875,455.6887512207031,0.98039710521698,1319.075927734375,545.9010009765625,0.975477933883667,1397.86572265625,577.7228393554688,0.9620577096939087
497,1302.3226318359375,281.0247802734375,0.9877942800521851,1269.9814453125,375.6134948730469,0.9804381728172302,1391.0250244140625,456.3705749511719,0.9807206392288208,1313.830322265625,544.815185546875,0.9736878871917725,1392.686767578125,577.8209838867188,0.9493560791015625
498,1302.12890625,281.4437255859375,0.9869917631149292,1269.59814453125,376.6347351074219,0.9858267903327942,1387.51611328125,458.21942138671875,0.9798307418823242,1305.7816162109375,544.6689453125,0.976732611656189,1387.0953369140625,577.2720947265625,0.9635757207870483
499,1302.5596923828125,281.4692687988281,0.9848477840423584,1268.76025390625,376.2921447753906,0.984775185585022,1384.0477294921875,458.1166076660156,0.9809702634811401,1301.8524169921875,542.2045288085938,0.9832557439804077,1379.9375,577.734375,0.9719895124435425
500,1302.6429443359375,281.2033996582031,0.986949622631073,1268.113525390625,375.2835693359375,0.9856109619140625,1382.3985595703125,458.3646545410156,0.9856264591217041,1296.3692626953125,540.59521484375,0.9831019043922424,1373.3529052734375,577.3019409179688,0.962017834186554
501,1302.7574462890625,281.1874084472656,0.9871799349784851,1267.309326171875,374.7923889160156,0.9856135845184326,1380.1278076171875,458.758544921875,0.9879810810089111,1289.16015625,541.08154296875,0.9836189150810242,1367.4136962890625,576.9862060546875,0.9586113095283508
502,1302.4302978515625,281.00250244140625,0.9881664514541626,1266.503662109375,374.1380310058594,0.9855961799621582,1377.4718017578125,459.9546813964844,0.9851441979408264,1285.2265625,539.411376953125,0.9884052276611328,1362.492431640625,577.854736328125,0.9677721261978149
503,1301.9586181640625,281.3882141113281,0.9874535799026489,1265.11865234375,373.793212890625,0.9801806211471558,1375.0814208984375,460.92218017578125,0.9729572534561157,1280.072021484375,538.8372192382812,0.983955442905426,1356.359619140625,577.166015625,0.9647468328475952
504,1301.630126953125,280.9051818847656,0.9900439977645874,1262.6925048828125,372.9877624511719,0.9851106405258179,1372.083251953125,461.9779052734375,0.9755270481109619,1273.67138671875,539.5648803710938,0.9815203547477722,1350.0704345703125,577.4912109375,0.9672282934188843
505,1301.021484375,281.5068359375,0.9897345304489136,1260.824462890625,371.8121337890625,0.9896887540817261,1369.7509765625,463.0233154296875,0.9841612577438354,1268.8087158203125,537.3728637695312,0.9850564002990723,1344.525634765625,577.8599853515625,0.9577711820602417
506,1300.4322509765625,281.4623718261719,0.9913084506988525,1259.2840576171875,371.74517822265625,0.9894112944602966,1365.561767578125,462.9115295410156,0.9775933623313904,1264.6558837890625,536.7987060546875,0.9764448404312134,1338.979736328125,577.385498046875,0.9648388624191284
507,1300.1544189453125,281.102783203125,0.9921450018882751,1257.0853271484375,371.3567810058594,0.9871318936347961,1363.6094970703125,464.8885498046875,0.9772089719772339,1258.4554443359375,537.032470703125,0.9757351875305176,1332.1158447265625,577.7611694335938,0.9708823561668396
508,1299.35546875,281.0740966796875,0.992338240146637,1256.005859375,371.190185546875,0.9825518131256104,1361.383056640625,465.9608154296875,0.9796045422554016,1253.8232421875,533.993896484375,0.9772028923034668,1325.8634033203125,576.9071044921875,0.9619068503379822
509,1298.532470703125,281.662109375,0.9930635690689087,1255.0679931640625,370.5691223144531,0.9844963550567627,1358.8673095703125,465.35888671875,0.9808799028396606,1248.19287109375,534.0714721679688,0.9741371870040894,1319.795166015625,576.6876220703125,0.9660269021987915
510,1297.24951171875,281.9481506347656,0.9920858144760132,1253.3245849609375,370.8337097167969,0.9879562854766846,1355.3477783203125,465.94189453125,0.9843915700912476,1241.7529296875,533.2760009765625,0.9793083667755127,1314.4619140625,577.72509765625,0.9693325757980347
511,1296.2264404296875,282.1015625,0.9897975921630859,1251.2410888671875,370.9120178222656,0.988588273525238,1352.597900390625,466.8640441894531,0.9806071519851685,1237.3741455078125,531.68896484375,0.9824435114860535,1308.30029296875,576.880126953125,0.9691187143325806
512,1293.7965087890625,281.8659362792969,0.9892035126686096,1247.822265625,371.4792785644531,0.9857510924339294,1348.9560546875,468.1701965332031,0.9875916242599487,1230.6416015625,531.3157348632812,0.9835299253463745,1302.2275390625,577.0569458007812,0.97020024061203
513,1291.7435302734375,282.07464599609375,0.989763617515564,1245.2694091796875,370.6291809082031,0.9913651943206787,1345.76708984375,468.458984375,0.9853439331054688,1224.761474609375,531.0476684570312,0.9767976999282837,1296.712158203125,577.2592163085938,0.9629406929016113
514,1289.613037109375,282.1161193847656,0.9901700019836426,1242.400634765625,369.8882751464844,0.9908351302146912,1343.37744140625,468.4756774902344,0.9787030220031738,1220.92333984375,529.740966796875,0.9790312647819519,1291.228271484375,576.763916015625,0.9695718288421631
515,1287.755615234375,282.31439208984375,0.9893341064453125,1240.2864990234375,369.89752197265625,0.9866371154785156,1339.7454833984375,469.45733642578125,0.9831818342208862,1214.1256103515625,529.6851196289062,0.9834812879562378,1285.114013671875,576.8856811523438,0.9700988531112671
516,1285.946044921875,283.5087585449219,0.9913773536682129,1238.36328125,370.08282470703125,0.9865844249725342,1335.18505859375,471.7292785644531,0.9818928241729736,1208.831787109375,528.9637451171875,0.9773590564727783,1278.6160888671875,576.2928466796875,0.9637989401817322
517,1283.7396240234375,284.35357666015625,0.992805004119873,1235.097900390625,371.06475830078125,0.9866886138916016,1332.131103515625,472.068603515625,0.9872207641601562,1204.10107421875,526.1383666992188,0.983502209186554,1274.388427734375,576.5640258789062,0.9655724763870239
518,1281.5335693359375,285.4502258300781,0.9908280372619629,1230.982177734375,372.0203552246094,0.9863381385803223,1328.7901611328125,471.53863525390625,0.9784754514694214,1197.690185546875,527.1943359375,0.9825218319892883,1266.373291015625,576.399658203125,0.969147264957428
519,1277.5120849609375,285.87548828125,0.9849202632904053,1226.7818603515625,371.16619873046875,0.9862908124923706,1323.8436279296875,473.06182861328125,0.9827572107315063,1191.0594482421875,525.5508422851562,0.9822708368301392,1260.6776123046875,575.9075317382812,0.965401828289032
520,1273.7664794921875,287.3558044433594,0.98569655418396,1223.8018798828125,371.7238464355469,0.9730043411254883,1320.43017578125,473.7816467285156,0.9823024272918701,1186.6861572265625,523.7750244140625,0.98724365234375,1253.9674072265625,575.7660522460938,0.959071695804596
521,1270.2281494140625,287.8775939941406,0.9869905710220337,1220.3701171875,372.79974365234375,0.9847858548164368,1315.313232421875,474.362060546875,0.9899868369102478,1180.65234375,524.6624145507812,0.980421781539917,1247.2115478515625,575.7952270507812,0.9577630758285522
522,1266.745361328125,289.0472412109375,0.9882678985595703,1215.35009765625,373.92767333984375,0.9738246202468872,1310.7528076171875,475.15606689453125,0.9737685322761536,1174.0780029296875,522.9998168945312,0.9837800860404968,1242.7626953125,575.9029541015625,0.962074875831604
523,1262.4212646484375,289.6302490234375,0.9881452322006226,1210.3349609375,374.1444091796875,0.9813789129257202,1306.6409912109375,476.7255859375,0.977786123752594,1169.68212890625,522.2047729492188,0.9839185476303101,1236.517578125,575.488037109375,0.9617326259613037
524,1257.53955078125,292.2200622558594,0.9906660318374634,1206.913330078125,374.12811279296875,0.9759727716445923,1301.58935546875,476.45953369140625,0.9824975728988647,1162.8924560546875,523.1215209960938,0.9769177436828613,1230.347412109375,575.6731567382812,0.9540561437606812
525,1253.6416015625,292.4411926269531,0.9907612800598145,1201.796875,376.4933776855469,0.9783012866973877,1297.4415283203125,477.9906311035156,0.9740103483200073,1155.9892578125,521.426025390625,0.98478102684021,1223.0013427734375,574.8427124023438,0.9506393671035767
526,1249.626708984375,293.8287658691406,0.9890378713607788,1196.3631591796875,376.08831787109375,0.9755452871322632,1293.2603759765625,479.3633117675781,0.9744070172309875,1150.782470703125,522.0643920898438,0.9745993614196777,1217.8369140625,575.419921875,0.951615035533905
527,1244.1053466796875,294.2105712890625,0.9894405603408813,1192.0445556640625,377.2290344238281,0.9706255793571472,1286.749755859375,481.2773132324219,0.9783656597137451,1143.3048095703125,520.56201171875,0.964485764503479,1211.3475341796875,574.950439453125,0.95677649974823
528,1239.372314453125,295.3903503417969,0.9877828359603882,1187.1060791015625,377.3139953613281,0.9867514967918396,1282.1728515625,482.46514892578125,0.9843034148216248,1137.8924560546875,520.2045288085938,0.9793558120727539,1203.7542724609375,574.7332153320312,0.9636623859405518
529,1234.9332275390625,296.74322509765625,0.9852155447006226,1180.605224609375,378.15179443359375,0.9812682271003723,1277.259765625,482.1690979003906,0.9803379774093628,1131.2901611328125,520.5952758789062,0.9758965969085693,1198.0140380859375,574.18359375,0.9499578475952148
530,1228.1331787109375,296.6711120605469,0.9865936040878296,1176.321044921875,378.1341552734375,0.9814544916152954,1271.361083984375,484.1544189453125,0.9855891466140747,1125.485107421875,518.71630859375,0.9718747138977051,1190.99169921875,574.6847534179688,0.9592398405075073
531,1223.2301025390625,297.7069091796875,0.9830578565597534,1171.63720703125,378.53778076171875,0.9913122653961182,1266.927734375,485.9320068359375,0.9899953603744507,1118.9801025390625,518.8231201171875,0.9746477007865906,1185.946044921875,574.7420654296875,0.9560681581497192
532,1219.016845703125,299.12200927734375,0.9883815050125122,1165.3548583984375,379.88916015625,0.9843599796295166,1262.9345703125,485.33660888671875,0.9778671860694885,1113.488525390625,518.662109375,0.9694378972053528,1179.6015625,573.5435791015625,0.9615035057067871
533,1213.5533447265625,301.2012023925781,0.9795464873313904,1161.047607421875,380.14056396484375,0.9818249940872192,1256.3131103515625,487.26824951171875,0.9837843179702759,1107.741943359375,517.3136596679688,0.9756098985671997,1172.2008056640625,573.9991455078125,0.966773271560669
534,1207.5775146484375,301.61590576171875,0.979171633720398,1156.5860595703125,381.3291015625,0.988961935043335,1251.0660400390625,487.66351318359375,0.9884486198425293,1100.5191650390625,517.0740966796875,0.9811303615570068,1167.0133056640625,573.499755859375,0.9346559047698975
535,1203.146240234375,302.56719970703125,0.9859305620193481,1150.648681640625,382.054931640625,0.9823384881019592,1246.0966796875,487.7599792480469,0.9723436832427979,1095.2041015625,515.7587890625,0.9697026610374451,1160.194091796875,573.8883666992188,0.9504079222679138
536,1197.25244140625,304.8495178222656,0.9873356819152832,1146.2542724609375,382.10235595703125,0.9878485202789307,1239.994140625,489.1277770996094,0.9856348633766174,1089.98046875,515.4814453125,0.9766967296600342,1154.4346923828125,573.897705078125,0.9539934396743774
537,1191.2410888671875,305.5090026855469,0.987002968788147,1141.6458740234375,383.1182556152344,0.98636794090271,1235.47216796875,490.0237731933594,0.9860535264015198,1082.7470703125,515.0178833007812,0.9796274900436401,1147.97314453125,573.0090942382812,0.9569201469421387
538,1187.2041015625,305.60968017578125,0.9760311841964722,1135.5423583984375,384.40374755859375,0.9858235120773315,1229.0780029296875,490.4436340332031,0.9709709882736206,1077.7908935546875,513.2923583984375,0.9774389266967773,1140.7989501953125,573.12158203125,0.9669313430786133
539,1181.8388671875,307.09814453125,0.9829980731010437,1131.1260986328125,383.8474426269531,0.9904870986938477,1224.7943115234375,490.56024169921875,0.9789958596229553,1070.644287109375,512.1088256835938,0.97669517993927,1134.3275146484375,572.6278686523438,0.9475102424621582
540,1175.568359375,308.5810241699219,0.981417179107666,1127.0426025390625,385.2611999511719,0.9855690002441406,1219.80908203125,491.04693603515625,0.982679009437561,1064.4632568359375,512.2506103515625,0.9693323373794556,1127.380126953125,572.6347045898438,0.9612343311309814
541,1172.2218017578125,309.5379943847656,0.9778358936309814,1122.7462158203125,386.7783508300781,0.987676739692688,1214.073486328125,492.310546875,0.9714338183403015,1059.2598876953125,508.7660827636719,0.9818095564842224,1120.792724609375,572.5272216796875,0.9490001201629639
542,1167.1361083984375,309.4794616699219,0.9736441373825073,1116.995361328125,387.0951843261719,0.9878352880477905,1209.156494140625,492.0995788574219,0.9769107103347778,1053.93408203125,508.4943542480469,0.9766483306884766,1115.1348876953125,572.6155395507812,0.9494078755378723
543,1160.970947265625,311.0985107421875,0.9746131300926208,1112.628173828125,387.6335754394531,0.9797259569168091,1203.867919921875,492.46563720703125,0.9848583936691284,1047.2645263671875,507.0869140625,0.9724752902984619,1107.28173828125,571.604248046875,0.9656959772109985
544,1156.552978515625,310.35772705078125,0.9732843637466431,1108.8914794921875,388.26763916015625,0.9881852865219116,1198.492919921875,493.0555419921875,0.9707098007202148,1042.287841796875,505.701171875,0.9804791808128357,1101.259521484375,571.6380004882812,0.9514428377151489
545,1152.837158203125,311.5867919921875,0.9636745452880859,1103.5421142578125,388.9011535644531,0.9804559350013733,1193.079345703125,492.73883056640625,0.9758427739143372,1036.76318359375,505.8581237792969,0.9806517362594604,1094.3170166015625,571.4981079101562,0.9610562920570374
546,1146.34130859375,310.6929016113281,0.9758239984512329,1098.1627197265625,387.7224426269531,0.986291766166687,1187.7738037109375,493.09039306640625,0.9796919822692871,1030.171630859375,504.4229431152344,0.9645446538925171,1088.48583984375,571.9413452148438,0.9340907335281372
547,1142.171142578125,309.9878234863281,0.9630957245826721,1094.8297119140625,387.6116027832031,0.9816008806228638,1183.0382080078125,493.1987609863281,0.9637587070465088,1025.9097900390625,503.8391418457031,0.967242956161499,1082.6563720703125,571.9125366210938,0.9561742544174194
548,1138.5570068359375,310.2651062011719,0.9730660915374756,1090.5023193359375,387.9443664550781,0.9848570823669434,1177.9271240234375,493.0280456542969,0.9722070693969727,1019.7854614257812,502.63800048828125,0.9814863801002502,1075.733154296875,571.0211791992188,0.9634830951690674
549,1133.35400390625,309.3749084472656,0.978918194770813,1085.077880859375,387.29754638671875,0.9874720573425293,1172.9879150390625,492.9743347167969,0.982521116733551,1015.2009887695312,500.54962158203125,0.9636642336845398,1070.1986083984375,570.9143676757812,0.9417839050292969
550,1128.481201171875,309.65960693359375,0.9786067605018616,1080.84228515625,385.96051025390625,0.9853295087814331,1169.6005859375,493.01483154296875,0.972488522529602,1010.748291015625,500.28759765625,0.9686999320983887,1063.5108642578125,570.814453125,0.959926962852478
551,1125.5458984375,308.6997375488281,0.9775857925415039,1077.7066650390625,385.2897644042969,0.9883488416671753,1163.407958984375,492.4595642089844,0.9788404107093811,1003.585205078125,499.4350280761719,0.9819914102554321,1056.71728515625,570.97998046875,0.9345594644546509
552,1122.574951171875,308.3691101074219,0.9807915687561035,1074.1890869140625,385.50238037109375,0.9864810705184937,1159.342529296875,491.8077697753906,0.9833217859268188,998.4177856445312,497.1751708984375,0.9675570130348206,1051.466796875,570.7237548828125,0.9490694999694824
553,1119.2081298828125,308.42633056640625,0.9793157577514648,1068.7520751953125,383.4609680175781,0.9909335970878601,1155.09326171875,491.9082336425781,0.9844866991043091,994.3176879882812,495.51092529296875,0.961867094039917,1043.14892578125,569.5868530273438,0.9521865248680115
554,1115.699462890625,308.1564636230469,0.9855190515518188,1065.638916015625,382.1650695800781,0.9875543117523193,1150.281982421875,491.80108642578125,0.9739211201667786,988.1004028320312,494.7679443359375,0.9740975499153137,1037.9097900390625,569.462158203125,0.9296613335609436
555,1111.425048828125,307.1304626464844,0.982047975063324,1062.8258056640625,381.5242614746094,0.9882634878158569,1146.0853271484375,491.664794921875,0.9833691120147705,982.2447509765625,492.4063415527344,0.9735475182533264,1031.10205078125,568.899169921875,0.9573885202407837
556,1109.822509765625,305.61785888671875,0.9777430295944214,1059.8907470703125,381.0519104003906,0.9902870655059814,1142.9405517578125,491.3033447265625,0.9860074520111084,978.7725219726562,491.0675964355469,0.9770771265029907,1025.456787109375,567.8377075195312,0.9356728196144104
557,1107.78369140625,305.8974304199219,0.9780595302581787,1056.3677978515625,380.5283203125,0.9851481318473816,1140.294677734375,490.7525939941406,0.9876903295516968,974.5733032226562,490.550537109375,0.9763673543930054,1020.4290771484375,568.9527587890625,0.9324566125869751
558,1104.8035888671875,305.51434326171875,0.9780758619308472,1052.1826171875,379.47991943359375,0.9838469624519348,1137.22705078125,490.3707275390625,0.982732892036438,969.42138671875,489.4120178222656,0.9649282693862915,1013.2300415039062,567.383544921875,0.9550902843475342
559,1101.793212890625,304.59869384765625,0.9884713292121887,1050.253662109375,378.7397766113281,0.9827271103858948,1132.85107421875,490.46527099609375,0.9774985313415527,964.4331665039062,487.5445861816406,0.9687435626983643,1007.8193969726562,567.4588623046875,0.9130121469497681
560,1100.1492919921875,303.8335876464844,0.9871925115585327,1048.21240234375,377.7030029296875,0.9696142673492432,1128.6153564453125,489.7249450683594,0.9816218018531799,960.7625732421875,486.2331848144531,0.9670029282569885,1000.3366088867188,566.3993530273438,0.9134538173675537
561,1098.874755859375,300.70050048828125,0.9777932167053223,1045.8424072265625,375.2357482910156,0.9819788932800293,1126.894775390625,489.55328369140625,0.9860755205154419,956.36474609375,485.2686767578125,0.9796060919761658,994.5607299804688,566.4776000976562,0.9461437463760376
562,1097.101318359375,299.6961975097656,0.9834015369415283,1044.014892578125,373.7720947265625,0.9857819080352783,1124.3143310546875,488.0962219238281,0.9882854223251343,952.4589233398438,483.7385559082031,0.9592335224151611,988.8414306640625,566.1004638671875,0.9282379150390625
563,1095.104248046875,298.00311279296875,0.9861329197883606,1042.1729736328125,372.99908447265625,0.9808676838874817,1121.9176025390625,487.2503662109375,0.9838036298751831,949.0379028320312,481.3748779296875,0.972601056098938,982.0386352539062,565.4320068359375,0.9418314695358276
564,1095.125244140625,298.01300048828125,0.9845882058143616,1039.504150390625,372.1180114746094,0.9762680530548096,1119.198974609375,485.8710021972656,0.9752651453018188,943.410888671875,479.7673034667969,0.9660133123397827,976.7300415039062,564.8049926757812,0.9368475675582886
565,1094.6043701171875,297.6492919921875,0.9864681959152222,1037.6876220703125,370.1262512207031,0.986731767654419,1117.084228515625,485.2396545410156,0.9835734367370605,939.7960205078125,477.0283508300781,0.9692428112030029,972.22998046875,563.8167724609375,0.9415462017059326
566,1094.0155029296875,297.5634765625,0.9834100008010864,1036.7042236328125,368.63238525390625,0.9878038167953491,1114.7845458984375,483.30865478515625,0.9852383136749268,937.13427734375,475.50982666015625,0.9642748236656189,964.9365844726562,562.9990844726562,0.950218677520752
567,1093.691650390625,295.6611328125,0.9868465662002563,1036.252197265625,366.6420593261719,0.9864634871482849,1111.790771484375,483.99371337890625,0.9817346930503845,933.6594848632812,473.4470520019531,0.9734970331192017,960.796875,562.2656860351562,0.9446998834609985
568,1093.5618896484375,293.6622619628906,0.9874932765960693,1035.6639404296875,365.331298828125,0.9831729531288147,1110.2366943359375,479.7481384277344,0.983741283416748,931.0332641601562,471.9060974121094,0.970793604850769,955.473388671875,561.537109375,0.9335329532623291
569,1093.5938720703125,292.028564453125,0.9898546934127808,1034.9884033203125,363.5157165527344,0.9851909875869751,1109.6123046875,478.5425109863281,0.9840073585510254,930.6561279296875,470.4877014160156,0.9580801725387573,948.8215942382812,560.440673828125,0.941941499710083
570,1094.2564697265625,290.908203125,0.9863232374191284,1034.713623046875,362.03192138671875,0.9829114675521851,1108.7000732421875,476.8009033203125,0.9880415201187134,926.9710083007812,467.9740905761719,0.9742085933685303,944.9818725585938,559.451171875,0.9337526559829712
571,1094.2249755859375,286.8616638183594,0.9840807318687439,1034.5865478515625,359.28131103515625,0.9826281070709229,1108.48388671875,475.6128234863281,0.9889826774597168,926.1226806640625,464.5654296875,0.9745277166366577,940.6788330078125,558.6033935546875,0.9348061084747314
572,1094.554443359375,285.2473449707031,0.986533522605896,1034.5821533203125,355.60015869140625,0.9884031414985657,1108.426025390625,474.297119140625,0.9907810688018799,925.57177734375,460.0513610839844,0.9743523597717285,935.65576171875,555.6376342773438,0.9306106567382812
573,1095.2880859375,283.7029113769531,0.9872255325317383,1035.41796875,352.8753967285156,0.9900695085525513,1110.6834716796875,473.21746826171875,0.9900738000869751,929.0890502929688,455.8278503417969,0.9622702598571777,933.630126953125,552.7469482421875,0.9394408464431763
574,1095.713134765625,282.75543212890625,0.9859342575073242,1036.9073486328125,350.257080078125,0.987737774848938,1112.1732177734375,471.9632263183594,0.9861213564872742,932.0971069335938,448.57720947265625,0.9636555910110474,931.5012817382812,545.1243286132812,0.939568281173706
575,1095.615966796875,281.1014709472656,0.9867532253265381,1038.3656005859375,348.22857666015625,0.9821978211402893,1116.1729736328125,468.1879577636719,0.9844599962234497,934.3609619140625,439.9846496582031,0.9719504714012146,933.2686157226562,538.66650390625,0.9280695915222168
576,1096.9439697265625,280.88238525390625,0.9876422882080078,1040.779541015625,345.50616455078125,0.9847402572631836,1117.6453857421875,465.353271484375,0.9701184630393982,939.3433227539062,431.343017578125,0.9821818470954895,938.689453125,530.0397338867188,0.8507096171379089
577,1099.002685546875,279.6711120605469,0.988349199295044,1043.307861328125,342.3612976074219,0.9893516302108765,1120.5816650390625,463.675048828125,0.9637806415557861,945.9796142578125,423.0199279785156,0.9845750331878662,946.6497192382812,526.6121826171875,0.8828402161598206
578,1100.838623046875,277.5865478515625,0.9895120859146118,1045.451171875,339.22174072265625,0.9895261526107788,1125.4522705078125,460.62603759765625,0.9873382449150085,953.6432495117188,418.3288879394531,0.9735336899757385,960.433837890625,516.0770874023438,0.8815484642982483
579,1102.8603515625,276.2497253417969,0.9886956214904785,1047.2230224609375,336.7373352050781,0.9798069000244141,1129.43896484375,458.56231689453125,0.9874861836433411,962.9226684570312,413.548828125,0.9801432490348816,976.585205078125,508.54608154296875,0.8952618837356567
580,1105.067138671875,276.1146240234375,0.9891072511672974,1050.33349609375,334.5444030761719,0.9858523607254028,1138.21923828125,456.6471252441406,0.9854583144187927,972.9076538085938,415.9852600097656,0.983054518699646,992.4100952148438,506.0735778808594,0.8608158826828003
581,1107.4498291015625,274.12091064453125,0.9905637502670288,1053.3197021484375,334.62506103515625,0.9855489730834961,1143.6373291015625,454.9051208496094,0.9822103977203369,981.0536499023438,416.94805908203125,0.9843639135360718,1006.9190673828125,502.5440979003906,0.8849139213562012
582,1109.4678955078125,272.82012939453125,0.983311653137207,1058.1473388671875,335.483154296875,0.9843597412109375,1151.2156982421875,451.202392578125,0.9646260738372803,989.9326171875,422.8319396972656,0.9841430187225342,1024.9056396484375,506.982421875,0.9257763624191284
583,1111.140380859375,270.5287780761719,0.9859286546707153,1061.7135009765625,336.1846008300781,0.9830436110496521,1160.9305419921875,449.72039794921875,0.9651883840560913,998.9165649414062,427.9466552734375,0.9831817150115967,1043.2191162109375,509.28466796875,0.9443610906600952
584,1113.88037109375,268.8833312988281,0.9827945232391357,1064.9144287109375,338.49053955078125,0.9851648211479187,1167.326416015625,448.528564453125,0.9441244602203369,1012.1948852539062,438.1640625,0.9758195877075195,1061.7493896484375,512.0324096679688,0.9299885034561157
585,1117.496337890625,268.5068054199219,0.9788681268692017,1069.6007080078125,341.4591064453125,0.984783411026001,1174.927490234375,446.0897216796875,0.9723497629165649,1022.6926879882812,448.8735046386719,0.9798529744148254,1083.0887451171875,515.6512451171875,0.9306212067604065
586,1122.4835205078125,268.352294921875,0.9927382469177246,1075.060302734375,343.42742919921875,0.9848965406417847,1184.9678955078125,444.81768798828125,0.9690581560134888,1036.2073974609375,460.1741638183594,0.9773480296134949,1102.585205078125,517.5178833007812,0.927524209022522
587,1125.0382080078125,266.6631164550781,0.9914476871490479,1079.6292724609375,345.2424011230469,0.9778236150741577,1191.174560546875,442.7734069824219,0.9857363700866699,1050.9439697265625,470.55908203125,0.9783287048339844,1123.871337890625,521.6618041992188,0.9587534070014954
588,1127.2337646484375,265.4580993652344,0.9870258569717407,1084.423828125,347.340087890625,0.9838402271270752,1201.4866943359375,442.2784729003906,0.9829488396644592,1066.8817138671875,481.45849609375,0.9826727509498596,1144.196533203125,524.6569213867188,0.9390636086463928
589,1130.4278564453125,264.3059387207031,0.9915484189987183,1091.528564453125,348.7763671875,0.98658287525177,1207.0823974609375,441.89874267578125,0.9832197427749634,1086.11328125,491.4768371582031,0.9760510325431824,1168.6590576171875,530.6962890625,0.9365039467811584
590,1136.4566650390625,264.37823486328125,0.98982834815979,1097.66943359375,349.923583984375,0.9749253392219543,1218.163818359375,440.42608642578125,0.9866939187049866,1106.759765625,499.54608154296875,0.9748271703720093,1189.5797119140625,532.3927001953125,0.9576206207275391
591,1139.981201171875,263.574462890625,0.9944532513618469,1103.974609375,351.3707580566406,0.9674411416053772,1228.1678466796875,438.4209289550781,0.9763554334640503,1127.115234375,506.5804748535156,0.9827654361724854,1210.9619140625,536.024658203125,0.9105520844459534
592,1144.58935546875,262.902099609375,0.9908902645111084,1111.1510009765625,351.89215087890625,0.9757756590843201,1236.325439453125,436.37738037109375,0.9870669841766357,1145.3463134765625,513.0930786132812,0.9704163074493408,1232.8138427734375,539.6691284179688,0.9346679449081421
593,1149.781494140625,261.81463623046875,0.989318311214447,1116.9716796875,350.9477233886719,0.9870970845222473,1245.3660888671875,433.09527587890625,0.979102611541748,1164.686279296875,517.0560302734375,0.9790792465209961,1251.940673828125,540.0797729492188,0.9432170987129211
594,1155.3221435546875,262.09368896484375,0.9936418533325195,1124.851806640625,351.0516357421875,0.980849027633667,1251.9775390625,430.9327697753906,0.9855630397796631,1182.55322265625,520.327880859375,0.969984769821167,1268.8228759765625,541.1614990234375,0.9363178610801697
595,1159.8829345703125,260.20025634765625,0.9903243780136108,1131.0166015625,350.58306884765625,0.9845741391181946,1257.7420654296875,428.90234375,0.9790030121803284,1196.9058837890625,523.2118530273438,0.9828207492828369,1282.75830078125,542.5823364257812,0.9395174980163574
596,1166.4224853515625,260.26702880859375,0.989875078201294,1138.5452880859375,351.1490783691406,0.9769132137298584,1267.097900390625,429.70465087890625,0.9857627153396606,1208.709716796875,524.37255859375,0.9799260497093201,1295.4322509765625,544.6423950195312,0.9331741333007812
597,1172.0693359375,261.5520324707031,0.9934878349304199,1144.42822265625,351.1733703613281,0.9734762907028198,1272.162353515625,428.6485900878906,0.974626898765564,1217.322998046875,525.0462036132812,0.97995924949646,1302.1392822265625,548.8272094726562,0.951090931892395
598,1177.0523681640625,260.7520751953125,0.9913172125816345,1149.745849609375,350.9100646972656,0.9821071624755859,1279.5457763671875,431.2572021484375,0.9651453495025635,1221.3660888671875,526.9678955078125,0.9783581495285034,1304.1839599609375,553.528076171875,0.9349156618118286
599,1183.65966796875,261.93914794921875,0.9889570474624634,1157.1947021484375,352.05670166015625,0.9769206643104553,1283.17578125,433.7524108886719,0.975974440574646,1222.3192138671875,528.2333374023438,0.9761713743209839,1302.688232421875,557.2774658203125,0.9641011953353882
600,1188.6632080078125,263.14007568359375,0.9931647181510925,1160.429931640625,352.9012451171875,0.9794377684593201,1285.718505859375,435.7625427246094,0.9821602702140808,1217.7366943359375,528.3051147460938,0.9734981060028076,1297.45556640625,559.2366333007812,0.940671443939209
601,1193.614990234375,263.8056335449219,0.9927639961242676,1164.39794921875,353.7813415527344,0.9867206811904907,1286.346435546875,439.7530822753906,0.9822030067443848,1209.363525390625,529.5099487304688,0.9734195470809937,1290.9898681640625,559.7272338867188,0.9490683078765869
602,1201.3736572265625,264.8679504394531,0.9906473755836487,1168.0928955078125,355.9059143066406,0.9812833070755005,1286.1890869140625,441.81756591796875,0.9853858947753906,1205.4447021484375,528.76708984375,0.9744290113449097,1283.322265625,560.641357421875,0.9590970277786255
603,1205.613037109375,265.8141784667969,0.9917346835136414,1172.1893310546875,356.64990234375,0.9867216944694519,1285.5142822265625,444.0904846191406,0.9830398559570312,1198.4605712890625,528.8720703125,0.976728618144989,1276.8563232421875,560.447509765625,0.9573372602462769
604,1209.3685302734375,266.47991943359375,0.9877607226371765,1174.02001953125,357.04010009765625,0.9835023880004883,1285.6163330078125,446.5128173828125,0.979433536529541,1193.501953125,527.8469848632812,0.9709253311157227,1271.0576171875,560.0256958007812,0.949396014213562
605,1213.21826171875,268.5705261230469,0.9836254715919495,1175.435302734375,357.52911376953125,0.973767101764679,1285.9666748046875,450.2353210449219,0.9824005365371704,1189.8489990234375,524.5177612304688,0.986348032951355,1266.19677734375,560.8049926757812,0.9577540159225464
606,1217.8389892578125,270.1578674316406,0.9916882514953613,1176.4798583984375,358.093994140625,0.9714959859848022,1285.8216552734375,451.4780578613281,0.9835357666015625,1186.048583984375,522.7757568359375,0.987656831741333,1260.263427734375,560.004150390625,0.96098792552948
607,1221.0635986328125,269.7635803222656,0.991468071937561,1177.276123046875,357.009521484375,0.9812808036804199,1284.363525390625,451.9783935546875,0.9875637292861938,1180.3590087890625,522.5465698242188,0.9819279313087463,1254.1890869140625,559.8342895507812,0.9562786221504211
608,1222.832763671875,269.7452392578125,0.9896875023841858,1178.2652587890625,355.5710754394531,0.987247109413147,1283.015380859375,453.42999267578125,0.9833416938781738,1175.1298828125,519.9503784179688,0.96722811460495,1248.890380859375,560.7018432617188,0.9494845867156982
609,1223.9876708984375,269.54962158203125,0.9857604503631592,1178.9676513671875,354.1602783203125,0.9891648292541504,1281.148681640625,454.0220031738281,0.9813848733901978,1171.73681640625,517.8394165039062,0.9754750728607178,1243.155029296875,560.0197143554688,0.9642210602760315
610,1225.453125,268.808349609375,0.9860100150108337,1179.453369140625,353.2200927734375,0.9898250102996826,1279.5487060546875,454.6153869628906,0.9771249890327454,1163.7891845703125,516.6301879882812,0.9864376783370972,1236.2049560546875,560.3408813476562,0.966637134552002
611,1225.8603515625,268.8013000488281,0.9850975871086121,1179.1995849609375,352.3145446777344,0.9890474081039429,1277.7120361328125,454.8527526855469,0.9806824922561646,1158.9827880859375,514.023193359375,0.9801678657531738,1229.67626953125,559.666748046875,0.9634727239608765
612,1227.0904541015625,269.1493835449219,0.9843864440917969,1179.01513671875,351.5810241699219,0.9880642890930176,1275.0579833984375,455.5404968261719,0.978042721748352,1154.7508544921875,511.92657470703125,0.979296088218689,1222.750244140625,559.9674072265625,0.9558936357498169
613,1227.0458984375,268.4319763183594,0.9853993654251099,1178.17236328125,350.8822326660156,0.9866645336151123,1270.74609375,456.5318908691406,0.9792228937149048,1147.9527587890625,511.0487976074219,0.9805997014045715,1217.924560546875,559.6653442382812,0.9509663581848145
614,1227.8179931640625,268.3210144042969,0.9847795367240906,1177.4481201171875,350.2354431152344,0.9839222431182861,1269.2015380859375,456.9556579589844,0.9874387979507446,1143.1121826171875,508.2638854980469,0.9835202693939209,1211.483642578125,558.94921875,0.9585810899734497
615,1228.474365234375,268.3299865722656,0.9853613376617432,1176.9586181640625,349.8739013671875,0.9807404279708862,1267.0477294921875,457.7143859863281,0.9904352426528931,1139.5657958984375,506.6149597167969,0.9857745170593262,1204.7974853515625,558.7360229492188,0.9687947034835815
616,1229.13525390625,268.6661071777344,0.9846067428588867,1176.366455078125,349.17669677734375,0.9806969165802002,1265.27197265625,457.64111328125,0.9860680103302002,1136.1416015625,505.480224609375,0.9783840179443359,1198.8497314453125,557.9020385742188,0.9334962368011475
617,1229.2696533203125,268.1194152832031,0.9848669767379761,1175.8524169921875,348.6534118652344,0.9857866168022156,1261.887939453125,458.3375244140625,0.9752410650253296,1129.450927734375,504.6333923339844,0.9712342023849487,1191.7894287109375,557.6602783203125,0.9638586640357971
618,1229.759765625,267.9190673828125,0.9840767979621887,1175.2294921875,348.305419921875,0.9885041117668152,1259.8302001953125,459.1958312988281,0.9854001998901367,1124.66748046875,501.73834228515625,0.9786851406097412,1186.6588134765625,557.7533569335938,0.9647344946861267
619,1229.91796875,267.63348388671875,0.9823040962219238,1174.3463134765625,347.970947265625,0.9907660484313965,1257.5848388671875,459.3891296386719,0.9856294989585876,1118.8369140625,500.6378479003906,0.9845314621925354,1181.0692138671875,557.0001831054688,0.9606667757034302
620,1230.9095458984375,268.0567626953125,0.98401939868927,1173.5916748046875,347.81573486328125,0.9918291568756104,1255.6446533203125,458.6717224121094,0.9825159311294556,1113.16845703125,499.16937255859375,0.9717495441436768,1172.7567138671875,556.1983642578125,0.9713680148124695
621,1230.863037109375,268.19305419921875,0.9848971366882324,1172.6177978515625,347.44561767578125,0.992536187171936,1253.7620849609375,458.9825744628906,0.9876963496208191,1109.4625244140625,495.881591796875,0.9789913892745972,1168.3583984375,556.89990234375,0.9509674906730652
622,1230.7760009765625,268.6783752441406,0.9831350445747375,1171.5423583984375,347.4468688964844,0.9928039312362671,1251.9949951171875,459.12603759765625,0.9887521266937256,1105.4671630859375,492.7881164550781,0.9792311191558838,1162.597900390625,556.2979736328125,0.9608310461044312
623,1229.8924560546875,268.7310791015625,0.9839680790901184,1170.6109619140625,347.49798583984375,0.9919369220733643,1250.974365234375,459.3027038574219,0.9853370189666748,1100.1915283203125,492.3310241699219,0.9776560068130493,1155.9246826171875,555.6504516601562,0.9690982103347778
624,1229.9771728515625,269.25823974609375,0.9836180210113525,1169.4256591796875,347.67974853515625,0.9904303550720215,1249.6029052734375,459.478271484375,0.984864354133606,1094.8553466796875,490.34246826171875,0.9734684228897095,1150.110595703125,555.3150634765625,0.9448813199996948
625,1229.9560546875,269.7369689941406,0.9832122921943665,1168.7308349609375,347.676513671875,0.9880425930023193,1249.174560546875,459.4998474121094,0.9805068969726562,1091.4036865234375,488.8658752441406,0.9788426160812378,1143.25048828125,554.6676025390625,0.961491584777832
626,1230.552490234375,269.947998046875,0.9825056791305542,1167.975830078125,347.593505859375,0.9850907325744629,1248.079345703125,459.90850830078125,0.9791326522827148,1087.1527099609375,488.14031982421875,0.9700756072998047,1138.2601318359375,555.19580078125,0.9581285715103149
627,1230.0340576171875,270.4591979980469,0.9823696613311768,1167.667724609375,347.7764587402344,0.9817527532577515,1246.2325439453125,460.2095947265625,0.974941074848175,1082.9912109375,486.7398986816406,0.9791809320449829,1132.6197509765625,554.9834594726562,0.9417200088500977
628,1230.6458740234375,271.2894287109375,0.9844772815704346,1167.450927734375,348.2044982910156,0.9808040857315063,1244.8236083984375,460.5599670410156,0.9786691665649414,1079.5374755859375,484.0803527832031,0.9743673801422119,1125.860595703125,554.3392333984375,0.9600463509559631
629,1231.104248046875,273.04193115234375,0.989206075668335,1166.44384765625,348.8302001953125,0.9815375804901123,1244.1683349609375,460.950439453125,0.9811888933181763,1075.7852783203125,482.3250732421875,0.9780523180961609,1120.34228515625,555.2643432617188,0.934707522392273
630,1231.156982421875,273.8326110839844,0.9906320571899414,1166.482177734375,349.3430480957031,0.9824843406677246,1242.4400634765625,461.39727783203125,0.979874849319458,1070.742919921875,480.3270568847656,0.9721742868423462,1113.8990478515625,554.6986694335938,0.92989182472229
631,1231.823486328125,275.4119873046875,0.9901518821716309,1166.3800048828125,350.08599853515625,0.9816914796829224,1241.3690185546875,461.4619140625,0.9772186279296875,1067.303955078125,478.75079345703125,0.9704514741897583,1107.593017578125,553.83984375,0.949804425239563
632,1230.9412841796875,276.1678771972656,0.9893775582313538,1166.95703125,350.47021484375,0.9798318147659302,1239.5494384765625,462.64111328125,0.9780681133270264,1063.547119140625,475.1438293457031,0.9664466381072998,1102.2745361328125,553.1553344726562,0.9046911597251892
633,1230.6297607421875,277.6686706542969,0.9893828630447388,1166.612548828125,351.0448913574219,0.9853939414024353,1238.2666015625,463.52264404296875,0.9806678891181946,1060.372314453125,473.4548034667969,0.977221667766571,1095.2816162109375,552.7725830078125,0.9396507740020752
634,1230.2578125,278.68927001953125,0.9901090860366821,1166.100830078125,351.75579833984375,0.9873265027999878,1236.3870849609375,466.1647644042969,0.9843251705169678,1057.687255859375,472.3356628417969,0.9691107273101807,1090.2420654296875,551.8058471679688,0.9307202100753784
635,1230.4798583984375,280.2043151855469,0.9860970973968506,1165.539794921875,352.07769775390625,0.9903885126113892,1235.210205078125,466.3175354003906,0.983628511428833,1053.6732177734375,471.41583251953125,0.9676655530929565,1085.4754638671875,553.1387329101562,0.8838331699371338
636,1230.408447265625,282.5575866699219,0.9840445518493652,1165.0023193359375,352.4532165527344,0.9917181730270386,1233.8604736328125,466.674072265625,0.9789167046546936,1049.8590087890625,469.7332763671875,0.9720417261123657,1078.043701171875,550.9761352539062,0.9316980838775635
637,1229.51708984375,283.44219970703125,0.9836177825927734,1164.485595703125,352.99713134765625,0.9916949272155762,1232.463134765625,467.174072265625,0.9761733412742615,1047.3399658203125,467.53411865234375,0.957953929901123,1073.142333984375,550.7115478515625,0.9282208681106567
638,1229.26123046875,285.294189453125,0.9813422560691833,1164.16748046875,353.67572021484375,0.9913549423217773,1231.390869140625,466.7357482910156,0.9755983352661133,1044.342041015625,465.288330078125,0.9619262218475342,1067.31201171875,550.6201782226562,0.8852307796478271
639,1229.579833984375,287.39666748046875,0.9804322719573975,1164.0482177734375,353.7369384765625,0.9916942119598389,1229.720703125,466.7749938964844,0.9745888710021973,1038.30517578125,464.06103515625,0.9680164456367493,1060.91455078125,550.2545166015625,0.9428698420524597
640,1229.311279296875,287.239990234375,0.9809187650680542,1163.566650390625,353.8181457519531,0.9916784167289734,1229.2127685546875,467.02239990234375,0.9705843329429626,1034.67333984375,461.3681335449219,0.9742380976676941,1055.589599609375,549.3245849609375,0.9201851487159729
641,1229.71142578125,287.8291320800781,0.9774471521377563,1163.180908203125,353.69317626953125,0.9914423823356628,1226.677001953125,466.4851989746094,0.9753590822219849,1031.9090576171875,460.3327941894531,0.9601266384124756,1050.541015625,549.8196411132812,0.8872205018997192
642,1230.02880859375,288.5669250488281,0.978445827960968,1162.842529296875,353.3387451171875,0.9912521839141846,1223.1317138671875,467.209716796875,0.9810201525688171,1027.9422607421875,458.0014953613281,0.9696882963180542,1043.0601806640625,548.7886962890625,0.9486171007156372
643,1230.657470703125,288.26580810546875,0.9723615646362305,1162.3853759765625,352.65826416015625,0.9903028607368469,1221.166748046875,467.0573425292969,0.9836876392364502,1022.802001953125,458.0462341308594,0.969214916229248,1037.6082763671875,547.6884155273438,0.9342461228370667
644,1230.8148193359375,288.927490234375,0.9703832268714905,1162.3817138671875,352.2726135253906,0.9910488128662109,1220.331787109375,466.3394470214844,0.9766952991485596,1020.3394165039062,457.4788818359375,0.9726788997650146,1034.286376953125,548.045654296875,0.9015685319900513
645,1231.7122802734375,288.9366455078125,0.9601738452911377,1162.451904296875,352.186767578125,0.9905031323432922,1219.748291015625,464.0644836425781,0.9684220552444458,1018.3609008789062,456.27117919921875,0.9609879851341248,1027.6119384765625,546.3229370117188,0.952323317527771
646,1233.046875,289.2068176269531,0.962401270866394,1162.7333984375,351.8131408691406,0.9917834997177124,1219.0145263671875,464.02490234375,0.9703764319419861,1016.0000610351562,454.6795959472656,0.9384334683418274,1022.9940185546875,546.603759765625,0.9285562634468079
647,1233.3623046875,289.0801086425781,0.9707800149917603,1162.96826171875,351.5739440917969,0.9915529489517212,1217.658447265625,464.57489013671875,0.9623534679412842,1014.530029296875,453.4692687988281,0.9535028338432312,1018.4098510742188,547.1341552734375,0.9206423759460449
648,1233.3643798828125,289.176025390625,0.9795441627502441,1163.38525390625,351.5932922363281,0.9924200773239136,1217.0343017578125,463.98291015625,0.9542867541313171,1012.4532470703125,452.83551025390625,0.9589632749557495,1013.3474731445312,546.1677856445312,0.9431816339492798
649,1234.22216796875,288.5722351074219,0.9742141366004944,1163.604248046875,351.4601135253906,0.9924831390380859,1215.2607421875,463.6184997558594,0.9589728116989136,1007.8850708007812,452.1850280761719,0.9634822010993958,1007.5093994140625,545.8094482421875,0.9402239918708801
650,1234.6585693359375,287.0935974121094,0.9788726568222046,1163.830322265625,351.76763916015625,0.9926774501800537,1213.8865966796875,462.79150390625,0.9648579359054565,1004.959228515625,450.88751220703125,0.9753689765930176,1002.5399780273438,546.925537109375,0.9132441282272339
651,1235.8472900390625,286.2701416015625,0.9831222295761108,1163.971435546875,351.4692077636719,0.9928239583969116,1213.0252685546875,462.5443420410156,0.9719663262367249,1003.101318359375,450.2773132324219,0.9727282524108887,995.826416015625,546.1411743164062,0.948735773563385
652,1237.1759033203125,286.3760070800781,0.9827589988708496,1164.1295166015625,351.3908996582031,0.9925896525382996,1211.245361328125,461.8501892089844,0.9719234704971313,1000.9603271484375,449.69586181640625,0.9547884464263916,991.0709228515625,546.25244140625,0.9433380961418152
653,1237.509521484375,285.1528015136719,0.9869035482406616,1164.2713623046875,350.7479553222656,0.9913750886917114,1209.81298828125,461.1241455078125,0.9739348888397217,998.9234008789062,449.09967041015625,0.9468269348144531,983.9738159179688,544.8870849609375,0.9285578727722168
654,1237.71923828125,284.4172058105469,0.9884524345397949,1164.3404541015625,350.0869140625,0.990123987197876,1208.128662109375,460.73468017578125,0.9856499433517456,997.3001708984375,447.4246520996094,0.9401179552078247,979.13916015625,544.6798706054688,0.9542057514190674
655,1238.185546875,283.5947265625,0.9879111647605896,1163.75439453125,349.09759521484375,0.9875692129135132,1206.8428955078125,460.1277160644531,0.9885936975479126,994.3541259765625,445.1462707519531,0.959968626499176,975.1566772460938,543.8678588867188,0.9492495059967041
656,1238.446044921875,282.6681213378906,0.9891665577888489,1163.6651611328125,348.2387390136719,0.9883370399475098,1206.1373291015625,459.38116455078125,0.9872761368751526,992.9261474609375,443.77374267578125,0.9649056196212769,970.1376953125,543.421630859375,0.9172127842903137
657,1239.39794921875,282.57647705078125,0.9854713082313538,1163.539794921875,347.3624572753906,0.9879360198974609,1205.8157958984375,458.5639343261719,0.9885290861129761,990.9450073242188,443.1365966796875,0.9686727523803711,963.9312133789062,539.5299682617188,0.9333714246749878
658,1239.6707763671875,281.205810546875,0.9802589416503906,1163.6947021484375,346.572021484375,0.9859577417373657,1205.6597900390625,458.1921081542969,0.9884485006332397,992.6678466796875,440.99298095703125,0.9689981937408447,960.445556640625,537.2374267578125,0.8982462882995605
659,1239.720947265625,280.0976257324219,0.981134831905365,1164.0753173828125,345.4943542480469,0.9772239923477173,1205.9482421875,457.4580383300781,0.9882029294967651,993.8846435546875,439.65594482421875,0.9708919525146484,956.5426025390625,534.3284301757812,0.9337116479873657
660,1240.1290283203125,279.52740478515625,0.98276686668396,1165.158203125,343.4610595703125,0.977913498878479,1207.7652587890625,457.46246337890625,0.982831597328186,997.3386840820312,437.55560302734375,0.9654127359390259,953.5851440429688,531.4378051757812,0.8973345160484314
661,1240.3529052734375,279.7822265625,0.9856722354888916,1165.5252685546875,342.388427734375,0.9821457862854004,1210.4139404296875,456.1111755371094,0.9789267182350159,1001.2545776367188,433.6737365722656,0.9604591727256775,951.4515991210938,526.4146118164062,0.9119303226470947
662,1240.241943359375,279.4755554199219,0.9839382171630859,1166.76806640625,341.459716796875,0.9813752174377441,1213.48291015625,457.4110412597656,0.9731757044792175,1008.9359130859375,427.91058349609375,0.9760305285453796,955.0537719726562,522.7049560546875,0.8738900423049927
663,1239.917236328125,279.0283508300781,0.9856439828872681,1169.0164794921875,340.9681396484375,0.981773316860199,1219.1177978515625,458.0292053222656,0.9900166988372803,1016.8641967773438,424.5741271972656,0.9668287038803101,958.3441772460938,514.317138671875,0.8698879480361938
664,1239.7415771484375,278.88525390625,0.9851938486099243,1170.780029296875,340.373046875,0.9888437986373901,1223.16943359375,458.3257141113281,0.990890383720398,1024.6563720703125,418.6890869140625,0.9765835404396057,964.9074096679688,507.24993896484375,0.9230194091796875
665,1239.475341796875,278.52166748046875,0.9863537549972534,1172.843017578125,339.57525634765625,0.9900331497192383,1227.027587890625,458.807861328125,0.9872366786003113,1035.156982421875,412.8758850097656,0.9719180464744568,972.1838989257812,507.7532043457031,0.8406392335891724
666,1239.4638671875,278.87078857421875,0.9840298891067505,1174.6475830078125,339.0763244628906,0.9872782230377197,1233.4886474609375,458.49774169921875,0.9873324036598206,1044.6326904296875,408.56744384765625,0.9772075414657593,988.646240234375,496.8227844238281,0.8530956506729126
667,1239.048583984375,278.0384826660156,0.9850000143051147,1175.860595703125,337.8118591308594,0.9849752187728882,1239.277099609375,457.9796447753906,0.9899317026138306,1054.3729248046875,406.6125183105469,0.9795897006988525,1008.6433715820312,495.5696716308594,0.8929916024208069
668,1239.1778564453125,277.8459167480469,0.9845870137214661,1177.4490966796875,336.4814147949219,0.9902942776679993,1242.6177978515625,457.0965881347656,0.9838923215866089,1063.0419921875,405.29803466796875,0.9689408540725708,1031.37939453125,494.3088073730469,0.9361729025840759
669,1239.1427001953125,277.71759033203125,0.9848951101303101,1179.273681640625,335.6349792480469,0.9908185005187988,1249.5643310546875,456.5203552246094,0.9857263565063477,1072.048828125,405.786865234375,0.9790810346603394,1052.3524169921875,497.21990966796875,0.9572432041168213
670,1238.9990234375,277.06243896484375,0.9841465950012207,1180.5556640625,335.49603271484375,0.9908385872840881,1254.77783203125,456.33038330078125,0.9829891920089722,1081.418212890625,407.85491943359375,0.9864004850387573,1073.552734375,498.5572814941406,0.9446603059768677
671,1238.9376220703125,276.6774597167969,0.9829388856887817,1181.749755859375,336.6873779296875,0.9909321069717407,1261.4512939453125,454.6343688964844,0.9798511266708374,1090.02294921875,409.07244873046875,0.9870074987411499,1095.2957763671875,500.8023681640625,0.9382030367851257
672,1238.87939453125,276.5285949707031,0.985100269317627,1183.1512451171875,338.2870788574219,0.9900333881378174,1266.7813720703125,454.4119873046875,0.9846705794334412,1098.646484375,416.0596008300781,0.9835119247436523,1117.680419921875,503.4573974609375,0.8902481198310852
673,1239.06005859375,276.6595764160156,0.9848890900611877,1185.0994873046875,339.7651062011719,0.9852478504180908,1273.9962158203125,452.8190002441406,0.9851061105728149,1107.5614013671875,421.93359375,0.9820181131362915,1137.429443359375,508.4336853027344,0.9204451441764832
674,1239.2777099609375,276.5770568847656,0.985417366027832,1186.777099609375,341.70257568359375,0.9887581467628479,1280.0548095703125,451.76641845703125,0.9697075486183167,1115.74951171875,429.2602844238281,0.984407901763916,1154.530029296875,508.92431640625,0.9354793429374695
675,1239.5684814453125,276.5108642578125,0.9866892099380493,1188.22021484375,344.14990234375,0.985715389251709,1286.3880615234375,451.9986877441406,0.9817841053009033,1124.6884765625,438.1378173828125,0.9815781712532043,1172.890869140625,514.114013671875,0.9450891613960266
676,1240.469970703125,276.98077392578125,0.9881283044815063,1191.6220703125,346.87689208984375,0.9852853417396545,1293.625244140625,449.6890563964844,0.9664407968521118,1134.5152587890625,448.5981750488281,0.9806749820709229,1189.4332275390625,516.774169921875,0.9479159116744995
677,1240.7303466796875,276.7455749511719,0.9903420805931091,1193.0001220703125,349.0609436035156,0.9869419932365417,1299.8302001953125,449.8745422363281,0.9749986529350281,1145.4991455078125,459.7498474121094,0.9763070344924927,1206.8663330078125,519.6465454101562,0.9335981607437134
678,1242.1312255859375,276.9952087402344,0.99030601978302,1195.9176025390625,350.8681335449219,0.9918470978736877,1306.5216064453125,447.7395935058594,0.9535285234451294,1157.881591796875,468.31866455078125,0.9769628047943115,1226.25537109375,520.6661987304688,0.9299012422561646
679,1243.0321044921875,277.0214538574219,0.9898768663406372,1198.817626953125,354.6663513183594,0.9860700368881226,1313.197998046875,446.3887634277344,0.961772620677948,1172.410400390625,477.7420654296875,0.9802015423774719,1245.738037109375,523.9893188476562,0.9488159418106079
680,1244.3514404296875,277.5578918457031,0.9895125031471252,1203.3699951171875,358.4030456542969,0.9832248687744141,1318.693603515625,445.3011779785156,0.969340443611145,1187.48583984375,489.4741516113281,0.9837336540222168,1265.855712890625,529.5166015625,0.9557599425315857
681,1245.74755859375,277.2230529785156,0.9881789684295654,1206.3482666015625,360.9161376953125,0.9804148077964783,1327.505126953125,446.1403503417969,0.9554412364959717,1203.8973388671875,498.80718994140625,0.9788464307785034,1283.6737060546875,533.171630859375,0.9630672335624695
682,1247.242919921875,277.1072082519531,0.9874223470687866,1209.27099609375,362.84161376953125,0.9839890599250793,1333.5047607421875,445.0809631347656,0.9790233969688416,1220.95166015625,507.1828308105469,0.9885828495025635,1301.8603515625,535.5371704101562,0.9221512079238892
683,1249.1712646484375,278.4098205566406,0.989400327205658,1212.8775634765625,365.2291259765625,0.9863767623901367,1340.164306640625,444.2937316894531,0.9613829851150513,1239.7091064453125,514.5414428710938,0.9657505750656128,1324.4708251953125,540.1259155273438,0.947745144367218
684,1250.4935302734375,279.11444091796875,0.99066162109375,1217.5023193359375,366.2179870605469,0.9836859703063965,1348.0079345703125,443.564453125,0.9850656390190125,1257.7059326171875,521.5072021484375,0.9813060760498047,1345.0423583984375,542.6203002929688,0.9237041473388672
685,1251.93408203125,280.2054443359375,0.9920071363449097,1221.813232421875,367.9526672363281,0.9777994751930237,1353.1539306640625,442.5371398925781,0.9770941138267517,1276.237548828125,526.8652954101562,0.9794450998306274,1364.268798828125,544.5150756835938,0.9450522661209106
686,1253.736572265625,281.0238037109375,0.987393856048584,1225.41943359375,369.1214904785156,0.9847272038459778,1360.8878173828125,441.436279296875,0.9788148403167725,1294.1614990234375,530.2285766601562,0.975287914276123,1382.0068359375,546.3324584960938,0.9386045336723328
687,1255.49072265625,281.4564208984375,0.9822902679443359,1228.844970703125,371.7308349609375,0.9836393594741821,1366.1649169921875,441.5634460449219,0.9849826097488403,1310.985107421875,533.3907470703125,0.973480224609375,1398.6168212890625,549.0165405273438,0.9188892841339111
688,1257.5372314453125,282.1653747558594,0.9901314973831177,1233.7744140625,375.1759033203125,0.9605199098587036,1370.8848876953125,441.8176574707031,0.97528076171875,1325.39404296875,536.8280639648438,0.9753948450088501,1413.7166748046875,549.6663208007812,0.9277419447898865
689,1258.80126953125,283.8641052246094,0.9893403053283691,1238.18359375,377.5658874511719,0.9741730690002441,1377.262451171875,441.81976318359375,0.977199137210846,1338.1197509765625,538.807861328125,0.9815994501113892,1426.822998046875,554.2542724609375,0.9125411510467529
690,1260.7696533203125,286.9324645996094,0.9832651615142822,1241.3922119140625,380.1192321777344,0.980591356754303,1380.9541015625,443.00518798828125,0.9817970395088196,1347.916748046875,540.1099853515625,0.9877654314041138,1435.718994140625,557.0896606445312,0.9138652086257935
691,1262.0625,288.8789978027344,0.985812783241272,1245.20556640625,382.59429931640625,0.98292076587677,1385.7769775390625,443.9892578125,0.9719246625900269,1353.81494140625,543.3466796875,0.9768232107162476,1442.7923583984375,560.3455810546875,0.9476920962333679
692,1264.493896484375,291.915283203125,0.99043208360672,1247.5115966796875,385.9629821777344,0.9785351753234863,1389.7803955078125,446.69287109375,0.962973952293396,1357.703125,545.3698120117188,0.9807637929916382,1445.335693359375,565.442138671875,0.9477782249450684
693,1265.821044921875,295.0879211425781,0.9913895130157471,1251.1036376953125,389.8384704589844,0.9784461259841919,1392.0211181640625,450.16607666015625,0.9681978225708008,1356.3453369140625,547.8966674804688,0.9830172061920166,1442.632568359375,569.446533203125,0.9380468130111694
694,1267.9736328125,297.6319580078125,0.9886311888694763,1252.5167236328125,392.99053955078125,0.9796633720397949,1392.137939453125,453.48583984375,0.9736442565917969,1352.0618896484375,548.4182739257812,0.9737927913665771,1435.3251953125,570.2522583007812,0.9398108720779419
695,1271.0537109375,300.3663330078125,0.9876288175582886,1254.0401611328125,395.94189453125,0.9867647886276245,1391.6851806640625,458.4875793457031,0.970923662185669,1344.3974609375,549.9927978515625,0.9736654162406921,1428.2120361328125,571.1806640625,0.9438436031341553
696,1271.8560791015625,302.7466125488281,0.9825482964515686,1253.889892578125,398.5121154785156,0.9831841588020325,1389.262451171875,460.2491455078125,0.9687443375587463,1338.49169921875,549.9114379882812,0.980427622795105,1422.17333984375,571.1323852539062,0.9320615530014038
697,1272.3890380859375,304.5058898925781,0.9871349334716797,1253.963134765625,399.5550842285156,0.9838861227035522,1389.6590576171875,462.8498229980469,0.9657504558563232,1335.5677490234375,548.513916015625,0.9709794521331787,1415.941162109375,571.7381591796875,0.9377200603485107
698,1272.5584716796875,305.50445556640625,0.9875043630599976,1253.4217529296875,400.9233093261719,0.9852432012557983,1388.1356201171875,463.3092956542969,0.9777281284332275,1330.9332275390625,548.7658081054688,0.9702697992324829,1412.3189697265625,571.632080078125,0.9444387555122375
699,1273.215087890625,306.0577087402344,0.9888737201690674,1253.0369873046875,401.47509765625,0.9848811626434326,1386.7784423828125,463.6770324707031,0.9752390384674072,1324.087646484375,548.6160278320312,0.9797899723052979,1405.879150390625,571.8093872070312,0.9432970285415649
700,1273.1685791015625,306.8629150390625,0.9917855858802795,1253.11376953125,401.422607421875,0.9856866598129272,1384.953125,465.2046813964844,0.9756883382797241,1320.558837890625,547.31005859375,0.9693739414215088,1399.4144287109375,571.9194946289062,0.9562064409255981
701,1274.181396484375,306.8713073730469,0.9920220375061035,1253.2801513671875,400.89959716796875,0.9876928329467773,1381.9061279296875,466.5235290527344,0.9757376313209534,1315.510986328125,546.8277587890625,0.972115695476532,1395.58154296875,571.8977661132812,0.9581813812255859
702,1275.0462646484375,306.8509216308594,0.9914103746414185,1253.4263916015625,400.6268615722656,0.9874873161315918,1379.364990234375,466.9952087402344,0.981024980545044,1307.5428466796875,546.7034912109375,0.978318989276886,1388.6544189453125,572.1489868164062,0.9567661285400391
703,1275.69287109375,306.9396667480469,0.9903729557991028,1253.4168701171875,400.3860168457031,0.9880774021148682,1378.145751953125,467.40338134765625,0.9794671535491943,1303.376708984375,545.6908569335938,0.9691123366355896,1382.5308837890625,572.0323486328125,0.962594747543335
704,1275.968994140625,307.36700439453125,0.9902661442756653,1253.050048828125,400.4275817871094,0.9881712794303894,1375.6578369140625,468.69146728515625,0.9779484868049622,1298.9361572265625,545.1296997070312,0.975757360458374,1377.546875,572.1661987304688,0.9590386152267456
705,1276.5582275390625,307.1170349121094,0.9894751906394958,1252.6744384765625,400.28656005859375,0.9886355400085449,1373.9471435546875,469.15380859375,0.9731236696243286,1290.3529052734375,545.2357788085938,0.9792137145996094,1370.7879638671875,572.1491088867188,0.9557620286941528
706,1276.6239013671875,307.0754699707031,0.9898191690444946,1251.57080078125,400.7486572265625,0.9868990182876587,1369.592529296875,471.63232421875,0.9730027914047241,1286.1884765625,543.3634643554688,0.973446249961853,1365.49365234375,571.7224731445312,0.966665506362915
707,1276.7117919921875,307.1200866699219,0.9896247386932373,1250.2685546875,400.5885314941406,0.9860749840736389,1367.0394287109375,472.2986755371094,0.9797366857528687,1281.88671875,542.4457397460938,0.976015567779541,1358.1427001953125,571.9471435546875,0.9521401524543762
708,1276.734130859375,307.133544921875,0.9900504946708679,1247.3450927734375,400.3509826660156,0.9880342483520508,1364.9334716796875,473.18798828125,0.9872776865959167,1274.2928466796875,543.0782470703125,0.9744679927825928,1355.16259765625,572.2078247070312,0.9595507383346558
709,1276.5152587890625,307.50433349609375,0.9899060726165771,1246.0343017578125,400.0645446777344,0.9891719222068787,1361.946533203125,473.6927185058594,0.9880131483078003,1269.8358154296875,541.3759155273438,0.9837000370025635,1348.85498046875,571.8728637695312,0.9665811061859131
710,1275.947509765625,307.3111877441406,0.990185022354126,1244.7205810546875,399.37799072265625,0.9896855354309082,1358.890380859375,474.4289245605469,0.9775614738464355,1264.835205078125,540.591796875,0.9820717573165894,1341.597412109375,571.5471801757812,0.958941638469696
711,1274.828125,307.81787109375,0.9906376600265503,1243.5028076171875,399.44927978515625,0.9887881875038147,1354.1248779296875,475.1087341308594,0.9804621934890747,1257.7955322265625,540.717529296875,0.9796411991119385,1337.7366943359375,572.0983276367188,0.9602569341659546
712,1273.96728515625,307.8623046875,0.9914025664329529,1242.23779296875,399.2911682128906,0.9865483641624451,1351.2247314453125,475.8880920410156,0.9795511960983276,1252.916259765625,539.1726684570312,0.9878982305526733,1331.29248046875,571.7156982421875,0.9719337224960327
713,1272.9091796875,307.7073974609375,0.9916906356811523,1240.62255859375,399.6850891113281,0.9824673533439636,1349.2591552734375,476.4950256347656,0.9850353002548218,1246.581298828125,539.754150390625,0.9801937341690063,1324.06396484375,571.6947021484375,0.9674034714698792
714,1271.2073974609375,308.2500305175781,0.9911586046218872,1239.221923828125,399.0869140625,0.9798272252082825,1346.2626953125,477.5768127441406,0.9822944402694702,1240.5582275390625,538.5940551757812,0.9771912097930908,1317.890380859375,571.1259155273438,0.972658634185791
715,1270.78564453125,308.9208984375,0.9895958304405212,1238.1243896484375,399.507080078125,0.9837250709533691,1344.0216064453125,480.6117248535156,0.975098192691803,1235.2816162109375,537.2337646484375,0.9851839542388916,1312.3065185546875,571.6483154296875,0.9569928646087646
716,1270.0595703125,309.3477478027344,0.9901434779167175,1236.56494140625,399.65283203125,0.9873237013816833,1340.19580078125,479.8795166015625,0.9841411113739014,1228.68408203125,537.9215087890625,0.9780110716819763,1303.99267578125,571.2647094726562,0.9671615362167358
717,1268.9368896484375,309.6572570800781,0.99242103099823,1233.9136962890625,399.59527587890625,0.9851508140563965,1337.0447998046875,480.24517822265625,0.9820099472999573,1222.6531982421875,535.383544921875,0.9718141555786133,1299.5736083984375,571.5494995117188,0.9720543622970581
718,1267.1759033203125,309.67376708984375,0.9937264919281006,1229.76904296875,399.4253234863281,0.9881764650344849,1333.0404052734375,482.71978759765625,0.9883184432983398,1217.775390625,535.0941162109375,0.9712318778038025,1291.9503173828125,571.579833984375,0.9710994958877563
719,1265.796630859375,310.2559509277344,0.9916085004806519,1227.885498046875,398.91314697265625,0.988732099533081,1330.4110107421875,483.76849365234375,0.9868223071098328,1211.20263671875,534.6212158203125,0.9788163900375366,1286.1414794921875,571.121826171875,0.9752519130706787
720,1264.113525390625,310.0264892578125,0.9875843524932861,1225.6363525390625,399.51458740234375,0.9861143827438354,1327.828369140625,483.0202331542969,0.9829314351081848,1206.9139404296875,532.886962890625,0.9770700931549072,1282.02099609375,571.47998046875,0.9686497449874878
721,1261.8917236328125,309.64483642578125,0.9898281097412109,1223.899658203125,399.7465515136719,0.9790011644363403,1324.2918701171875,483.51885986328125,0.9875186681747437,1202.6937255859375,532.2512817382812,0.9740965366363525,1274.917236328125,571.2975463867188,0.9665917158126831
722,1259.4390869140625,311.2178039550781,0.9911123514175415,1222.012939453125,399.7561340332031,0.9820737838745117,1321.627685546875,484.7334899902344,0.9834089875221252,1195.287353515625,531.8993530273438,0.9825463891029358,1269.8189697265625,571.1157836914062,0.9705570340156555
723,1257.54443359375,312.0861511230469,0.9908642172813416,1220.006591796875,400.1693420410156,0.9871392846107483,1317.7552490234375,486.9859924316406,0.9897125959396362,1190.5391845703125,530.3114013671875,0.978000283241272,1264.16943359375,571.2591552734375,0.9576186537742615
724,1255.832763671875,312.2467041015625,0.9867649078369141,1215.5299072265625,400.7908630371094,0.9856934547424316,1314.83056640625,487.1537780761719,0.9872438907623291,1186.125732421875,529.130615234375,0.9747060537338257,1257.598876953125,571.275146484375,0.9643250107765198
725,1254.3470458984375,312.5357666015625,0.9883647561073303,1213.1826171875,400.1513671875,0.9894701242446899,1312.5101318359375,487.70458984375,0.9809280037879944,1177.659912109375,529.069580078125,0.978318989276886,1250.78125,571.065673828125,0.9686793088912964
726,1252.683837890625,312.8283996582031,0.987689733505249,1210.99951171875,400.4007263183594,0.9877986907958984,1310.16015625,487.25921630859375,0.9791614413261414,1172.4390869140625,525.9781494140625,0.980072021484375,1244.0380859375,570.9902954101562,0.9644834995269775
727,1250.34130859375,313.2699890136719,0.985332190990448,1208.4991455078125,400.3925476074219,0.9842362403869629,1304.68310546875,488.9331359863281,0.9852514266967773,1168.79736328125,524.9022827148438,0.9745123982429504,1238.2655029296875,570.7012329101562,0.9702949523925781
728,1248.4722900390625,313.4183044433594,0.9799233675003052,1206.4268798828125,400.34918212890625,0.9816007614135742,1301.98779296875,489.68994140625,0.989693284034729,1161.7413330078125,525.3630981445312,0.9748719930648804,1232.836181640625,571.015625,0.9586650133132935
729,1244.8604736328125,313.9907531738281,0.9783302545547485,1203.881103515625,400.49627685546875,0.9864859580993652,1299.150390625,490.0704345703125,0.9878626465797424,1156.2679443359375,522.5402221679688,0.9843548536300659,1226.3599853515625,570.99462890625,0.9673877954483032
730,1241.924560546875,313.6969909667969,0.9849035739898682,1199.135986328125,400.9834899902344,0.9856284260749817,1295.693359375,490.9067687988281,0.9774093627929688,1152.79296875,521.7799682617188,0.9727236032485962,1220.066650390625,570.5419921875,0.972853422164917
731,1239.0498046875,313.54425048828125,0.9868283271789551,1196.59228515625,399.93499755859375,0.9894434213638306,1291.580810546875,491.5866394042969,0.9851471185684204,1146.1090087890625,521.8218383789062,0.9712703227996826,1214.1612548828125,570.2380981445312,0.9487673044204712
732,1237.3306884765625,313.2449035644531,0.9838178753852844,1194.11083984375,399.92333984375,0.9857081174850464,1289.142578125,491.31817626953125,0.9876490831375122,1140.5343017578125,518.853759765625,0.9708811044692993,1207.573974609375,570.0770874023438,0.9689396619796753
733,1234.7110595703125,313.8739318847656,0.9853582382202148,1191.9620361328125,400.6026916503906,0.9755475521087646,1285.6519775390625,491.68890380859375,0.988800048828125,1135.484619140625,518.4105834960938,0.9793887138366699,1202.3109130859375,570.232177734375,0.9636514782905579
734,1232.51904296875,314.3768310546875,0.9848771095275879,1189.331787109375,400.4669494628906,0.9834778308868408,1282.5880126953125,492.1767578125,0.9881507158279419,1130.175537109375,517.19921875,0.9817689657211304,1196.1732177734375,569.4859008789062,0.9573906064033508
735,1230.0391845703125,315.8321533203125,0.9803732633590698,1186.943359375,400.3199768066406,0.9858429431915283,1280.2989501953125,492.6252746582031,0.97840416431427,1125.0469970703125,514.4601440429688,0.9813598394393921,1189.952880859375,569.5553588867188,0.9738234281539917
736,1225.4766845703125,313.7882385253906,0.9837796688079834,1182.0430908203125,400.11712646484375,0.9891870021820068,1276.0859375,492.708251953125,0.9836094379425049,1119.2938232421875,512.44140625,0.9754738807678223,1182.114990234375,567.7693481445312,0.9599183201789856
737,1223.2718505859375,313.70660400390625,0.9819872379302979,1179.5518798828125,399.16845703125,0.9890817999839783,1271.72607421875,492.8164367675781,0.9829110503196716,1114.8603515625,510.4810791015625,0.97913658618927,1176.3973388671875,568.5127563476562,0.9586787223815918
738,1221.1488037109375,314.3782043457031,0.9841221570968628,1176.872314453125,398.692626953125,0.981290340423584,1269.1326904296875,492.9684753417969,0.9870766401290894,1109.1072998046875,507.0254211425781,0.9835151433944702,1170.599365234375,567.5178833007812,0.9618256092071533
739,1218.984375,314.21630859375,0.983250617980957,1174.58154296875,398.0458068847656,0.9845318794250488,1266.5494384765625,492.76947021484375,0.9815024137496948,1104.811279296875,505.13018798828125,0.9768502712249756,1164.3013916015625,567.451904296875,0.9646843671798706
740,1216.968994140625,314.7307434082031,0.9805108308792114,1170.9208984375,397.0578918457031,0.9912111759185791,1262.9991455078125,493.6099548339844,0.9670771360397339,1099.6669921875,504.8141784667969,0.9826987385749817,1157.9306640625,566.7914428710938,0.9663625955581665
741,1215.2716064453125,315.23248291015625,0.9698052406311035,1167.7412109375,396.05364990234375,0.985188364982605,1258.4652099609375,493.2873840332031,0.9775455594062805,1095.5654296875,501.02227783203125,0.9734928607940674,1152.3394775390625,566.4039916992188,0.9481023550033569
742,1211.9638671875,314.5635681152344,0.9799988269805908,1164.227294921875,394.9329528808594,0.985514760017395,1254.785888671875,493.4497985839844,0.9846657514572144,1091.04931640625,499.66107177734375,0.9774796962738037,1146.6944580078125,566.2459106445312,0.96817547082901
743,1208.967529296875,312.5497131347656,0.9785022139549255,1162.0126953125,393.825439453125,0.9826226234436035,1252.1700439453125,492.7188720703125,0.9872779846191406,1086.0938720703125,498.56268310546875,0.9799518585205078,1140.553466796875,565.7381591796875,0.9701311588287354
744,1207.1339111328125,312.3236083984375,0.9705300331115723,1159.58203125,391.5693664550781,0.9800512790679932,1250.282958984375,492.5639343261719,0.9799429774284363,1081.3380126953125,497.193115234375,0.9768064022064209,1133.916259765625,565.2290649414062,0.9588798880577087
745,1206.2255859375,312.7674255371094,0.9758413434028625,1157.509521484375,390.0042724609375,0.9865820407867432,1246.4697265625,492.5276794433594,0.9735435247421265,1076.50830078125,493.5267333984375,0.9760628938674927,1127.4197998046875,564.766845703125,0.9675286412239075
746,1204.28759765625,313.0657043457031,0.9793664216995239,1155.495361328125,389.01885986328125,0.9898741245269775,1242.347412109375,492.3893737792969,0.9810895919799805,1073.4600830078125,491.297607421875,0.9723634719848633,1121.958251953125,564.3480224609375,0.9665713906288147
747,1203.0687255859375,313.3780517578125,0.983920693397522,1152.5032958984375,388.1763000488281,0.9873542189598083,1239.7119140625,491.75213623046875,0.9858635663986206,1069.0478515625,490.8773498535156,0.981130838394165,1115.7811279296875,563.8626708984375,0.9589887261390686
748,1201.6187744140625,313.40203857421875,0.9811435341835022,1150.2508544921875,386.33087158203125,0.9920825362205505,1237.2010498046875,491.4267272949219,0.9884598255157471,1063.667724609375,488.0392761230469,0.9555519819259644,1108.7032470703125,563.3084106445312,0.9661105871200562
749,1198.8763427734375,311.98162841796875,0.9773914813995361,1148.44189453125,384.47564697265625,0.9924869537353516,1234.1209716796875,490.6909484863281,0.985912561416626,1060.2103271484375,485.7585754394531,0.9701029658317566,1102.3255615234375,562.9529418945312,0.9391722679138184
750,1197.9000244140625,312.2591857910156,0.9802098274230957,1146.090087890625,383.2752685546875,0.99074387550354,1231.850341796875,490.3039245605469,0.976093053817749,1055.8138427734375,484.3962707519531,0.9764643311500549,1096.0401611328125,562.1981811523438,0.9465306997299194
751,1195.48876953125,312.3182067871094,0.981899619102478,1144.5570068359375,382.5303039550781,0.9839986562728882,1228.294677734375,490.2453918457031,0.9739176630973816,1051.9169921875,483.4754943847656,0.9800105094909668,1091.4703369140625,561.78466796875,0.9612442255020142
752,1193.13623046875,311.9028625488281,0.9848398566246033,1142.9114990234375,382.3092041015625,0.9895575046539307,1225.915771484375,489.7048645019531,0.9820594787597656,1048.4520263671875,482.2019348144531,0.9544299244880676,1086.16455078125,561.854736328125,0.9455331563949585
753,1191.4019775390625,309.5596618652344,0.9833352565765381,1140.9613037109375,381.633056640625,0.9926261901855469,1224.0618896484375,488.8939514160156,0.9807280898094177,1044.2626953125,477.6273498535156,0.9647111892700195,1082.392822265625,561.5800170898438,0.9474546313285828
754,1190.049560546875,309.3174743652344,0.9833483695983887,1139.0340576171875,380.91424560546875,0.9936189651489258,1221.689697265625,487.93914794921875,0.9855109453201294,1041.20458984375,476.0478820800781,0.9677667617797852,1074.9588623046875,560.2261962890625,0.9492108821868896
755,1188.338623046875,307.6129150390625,0.9815423488616943,1136.769287109375,380.04083251953125,0.9915728569030762,1219.2593994140625,487.6564025878906,0.9865195751190186,1036.389404296875,475.1756286621094,0.9807581901550293,1069.209716796875,559.7462158203125,0.9442850947380066
756,1186.50439453125,306.7071228027344,0.9842326641082764,1133.7227783203125,378.89691162109375,0.9874298572540283,1216.5174560546875,486.4504699707031,0.9812989234924316,1032.9224853515625,473.8046875,0.9660869836807251,1061.06689453125,558.2196044921875,0.94525146484375
757,1184.62109375,305.1828918457031,0.981391191482544,1131.2850341796875,377.5242919921875,0.9866946935653687,1213.0234375,484.7945556640625,0.9790316820144653,1029.0692138671875,471.53411865234375,0.9613001942634583,1057.287109375,557.96923828125,0.9247034788131714
758,1182.1243896484375,303.3279724121094,0.9764984250068665,1129.4259033203125,375.92205810546875,0.9839017391204834,1209.666748046875,483.57958984375,0.9795951843261719,1026.1234130859375,471.0719909667969,0.9532086253166199,1050.8809814453125,557.268310546875,0.9318923950195312
759,1180.206298828125,300.55364990234375,0.9802616834640503,1127.9356689453125,374.572998046875,0.9852744340896606,1206.397705078125,483.1692810058594,0.9778040647506714,1021.716064453125,469.68157958984375,0.9726608991622925,1044.1807861328125,555.854248046875,0.9479057192802429
760,1176.9554443359375,298.7810974121094,0.9852647185325623,1125.9298095703125,372.8479919433594,0.9900802373886108,1203.7271728515625,482.323974609375,0.9738075137138367,1018.6270141601562,467.8079528808594,0.9716005325317383,1041.0107421875,556.080810546875,0.9302331209182739
761,1175.1458740234375,298.3763427734375,0.9826489686965942,1123.789794921875,371.8779296875,0.991809070110321,1201.608642578125,479.2012939453125,0.964241623878479,1016.1715087890625,466.4772033691406,0.9411203861236572,1034.8511962890625,555.70556640625,0.9467651844024658
762,1173.6163330078125,298.0140075683594,0.9853976964950562,1121.4234619140625,371.09259033203125,0.9866622090339661,1197.2384033203125,478.0035400390625,0.9583828449249268,1012.9522094726562,463.4222412109375,0.9530519247055054,1029.526123046875,554.8493041992188,0.9449285268783569
763,1171.2730712890625,297.6764221191406,0.9869334697723389,1118.2060546875,370.30908203125,0.9918314218521118,1194.5067138671875,477.1732482910156,0.9693843126296997,1007.3287353515625,462.2577209472656,0.9607006311416626,1025.1656494140625,554.5961303710938,0.9272397756576538
764,1168.9737548828125,297.2226867675781,0.9794723987579346,1115.540771484375,368.6679382324219,0.9923454523086548,1191.60595703125,476.8976745605469,0.9817237257957458,1004.7823486328125,460.4632873535156,0.9748306274414062,1019.1043090820312,554.0626220703125,0.9238015413284302
765,1165.454345703125,295.3879089355469,0.9780639410018921,1113.216796875,367.6186828613281,0.9891071319580078,1190.4779052734375,475.8218078613281,0.9849246740341187,1002.1658935546875,459.1829528808594,0.972756564617157,1014.1567993164062,554.3662719726562,0.9394011497497559
766,1162.8831787109375,295.0673828125,0.9831899404525757,1111.4588623046875,367.28271484375,0.9841408729553223,1188.837890625,475.230224609375,0.9872485399246216,1000.0674438476562,458.3406982421875,0.9635273218154907,1008.6656494140625,553.630126953125,0.926952600479126
767,1160.1490478515625,294.39044189453125,0.9845596551895142,1109.623779296875,366.46258544921875,0.9899628162384033,1187.5064697265625,474.4736633300781,0.9893709421157837,997.744873046875,456.4586181640625,0.9636489748954773,1002.3016967773438,552.385009765625,0.9002810120582581
768,1158.1805419921875,292.2783508300781,0.9830730557441711,1106.6199951171875,365.3583679199219,0.9928568601608276,1185.69873046875,473.4092712402344,0.9856370687484741,995.574462890625,455.6185607910156,0.9599103927612305,997.42333984375,550.0728149414062,0.9323496222496033
769,1156.081787109375,291.1957702636719,0.9844154119491577,1103.738037109375,364.1218566894531,0.98764967918396,1185.020263671875,472.4842224121094,0.9826595187187195,994.6110229492188,453.147216796875,0.9565815925598145,991.5055541992188,547.615478515625,0.9202041625976562
770,1153.3687744140625,290.1041564941406,0.9866608381271362,1100.10595703125,362.7777099609375,0.9880069494247437,1181.7562255859375,471.3029479980469,0.9726769924163818,990.9744262695312,449.7070007324219,0.9708783626556396,986.88427734375,548.232177734375,0.9250140190124512
771,1150.42529296875,288.0946960449219,0.9798781275749207,1098.358154296875,361.1702575683594,0.9859917163848877,1179.905517578125,469.6874084472656,0.9802329540252686,988.9314575195312,445.134521484375,0.9737949967384338,981.4127807617188,544.2911376953125,0.9502435326576233
772,1148.826416015625,287.02813720703125,0.9802645444869995,1096.4432373046875,357.55230712890625,0.9819660782814026,1177.7266845703125,467.4858093261719,0.9822957515716553,988.46240234375,442.1579284667969,0.9764524102210999,980.6407470703125,541.2504272460938,0.9501641392707825
773,1145.0755615234375,283.6799011230469,0.9831233024597168,1094.6109619140625,354.691162109375,0.9861970543861389,1175.4693603515625,463.4029541015625,0.9756671786308289,988.9654541015625,437.54150390625,0.9804950952529907,979.3065185546875,537.6900634765625,0.9281275272369385
774,1143.6424560546875,283.7693176269531,0.9835496544837952,1092.56005859375,351.4652099609375,0.9863832592964172,1175.2530517578125,461.491455078125,0.9861348867416382,989.1629028320312,429.8460998535156,0.9781829118728638,978.863525390625,528.95458984375,0.9384101629257202
775,1141.561767578125,282.6877136230469,0.9884488582611084,1088.25439453125,347.87420654296875,0.9865492582321167,1174.533447265625,460.07037353515625,0.9873474836349487,990.04638671875,424.8291931152344,0.9825805425643921,980.7852172851562,522.6792602539062,0.926102340221405
776,1139.899658203125,281.4595947265625,0.9853141903877258,1084.394775390625,345.4405212402344,0.9781917333602905,1174.1885986328125,458.1004638671875,0.9855226278305054,994.2930908203125,417.2574462890625,0.9741973876953125,985.4797973632812,515.7155151367188,0.9097223877906799
777,1137.896728515625,280.9576110839844,0.9824506044387817,1083.6058349609375,341.41363525390625,0.9875304698944092,1173.451171875,455.7541809082031,0.9819813966751099,995.80126953125,410.76556396484375,0.9840508699417114,995.8378295898438,509.2022399902344,0.9220068454742432
778,1134.6190185546875,279.6177673339844,0.9786547422409058,1082.1055908203125,337.122314453125,0.9879261255264282,1173.853515625,452.7926940917969,0.9773651361465454,998.9144897460938,408.6568908691406,0.9789548516273499,1006.2965698242188,502.76214599609375,0.8559112548828125
779,1133.13134765625,278.5810852050781,0.9802045822143555,1081.413818359375,334.78021240234375,0.9810526371002197,1174.26416015625,450.4482421875,0.9695063829421997,1003.69140625,409.38336181640625,0.9824975728988647,1020.6357421875,500.885498046875,0.8722609281539917
780,1130.295166015625,278.0730895996094,0.9845255017280579,1080.514404296875,333.8312072753906,0.9774118065834045,1175.13916015625,445.8921813964844,0.9750262498855591,1008.6821899414062,409.8663024902344,0.9825873374938965,1031.0279541015625,500.0071105957031,0.9113262891769409
781,1128.585205078125,275.889404296875,0.9853314757347107,1079.94140625,333.7142028808594,0.9783756732940674,1178.3541259765625,444.6217041015625,0.9728219509124756,1012.56591796875,412.0836486816406,0.9839900732040405,1045.6741943359375,500.0214538574219,0.948244571685791
782,1127.232177734375,275.0150451660156,0.9830886125564575,1079.8829345703125,335.1161193847656,0.9717109203338623,1184.29638671875,442.50469970703125,0.9647594690322876,1016.8831176757812,418.4924621582031,0.9756737947463989,1060.8270263671875,499.6510925292969,0.9517463445663452
783,1126.1959228515625,274.25274658203125,0.9817637205123901,1079.2745361328125,336.04400634765625,0.9782001376152039,1187.0203857421875,440.9651184082031,0.9860634803771973,1023.5092163085938,425.94268798828125,0.977389931678772,1075.5709228515625,500.77313232421875,0.9233866930007935
784,1124.50830078125,272.7615051269531,0.9839777946472168,1079.141357421875,338.6324768066406,0.9840084910392761,1190.174560546875,439.8695068359375,0.970319390296936,1029.79833984375,433.4577941894531,0.9792811870574951,1089.2384033203125,502.42547607421875,0.8942163586616516
785,1123.192138671875,272.38336181640625,0.9839556813240051,1079.2010498046875,341.90924072265625,0.9813753366470337,1195.9384765625,438.050048828125,0.9739294052124023,1036.8421630859375,443.7706298828125,0.9752765893936157,1104.84716796875,504.1584167480469,0.8868085145950317
786,1121.4639892578125,272.113525390625,0.9830954074859619,1079.706298828125,345.50836181640625,0.9780781269073486,1199.4725341796875,436.8600769042969,0.9680383205413818,1046.0037841796875,453.97802734375,0.9747142791748047,1120.6309814453125,508.4332275390625,0.9506792426109314
787,1118.8260498046875,271.6848449707031,0.9855896234512329,1080.34814453125,348.4254455566406,0.981620192527771,1202.8431396484375,437.2750244140625,0.9771715402603149,1058.52978515625,466.9656066894531,0.9737311601638794,1137.524169921875,513.1190185546875,0.9289265871047974
788,1117.521728515625,271.995361328125,0.9896564483642578,1081.319580078125,351.9347839355469,0.9770525693893433,1204.9617919921875,432.76824951171875,0.9688359498977661,1070.53125,479.5271301269531,0.9708750247955322,1152.544189453125,518.3008422851562,0.9195383191108704
789,1115.77099609375,272.1889953613281,0.9919576644897461,1081.9571533203125,354.7701110839844,0.9808282852172852,1210.6466064453125,431.6710510253906,0.9586350917816162,1083.7325439453125,491.42779541015625,0.9792906045913696,1169.556396484375,523.6950073242188,0.9460785388946533
790,1114.12060546875,272.39227294921875,0.9919872283935547,1082.34228515625,358.4593200683594,0.9800586700439453,1215.670166015625,432.5239562988281,0.9521508812904358,1099.009765625,500.6548156738281,0.9807643890380859,1187.772216796875,528.04833984375,0.9475493431091309
791,1112.5262451171875,272.5769348144531,0.991064727306366,1083.4561767578125,361.80255126953125,0.9816255569458008,1219.023681640625,432.291259765625,0.9677254557609558,1115.0572509765625,510.1684265136719,0.97688889503479,1205.252685546875,532.5803833007812,0.9381148815155029
792,1110.8857421875,272.4481201171875,0.9882485866546631,1083.9635009765625,363.4635009765625,0.9864926338195801,1220.6728515625,431.81787109375,0.9688864946365356,1130.9285888671875,517.9541625976562,0.9822037220001221,1221.5501708984375,537.7847900390625,0.912912130355835
793,1109.6153564453125,274.13153076171875,0.9869021773338318,1085.30126953125,365.4742736816406,0.9846330881118774,1222.5972900390625,430.951416015625,0.9600858092308044,1147.6558837890625,524.7716674804688,0.9835838079452515,1236.5286865234375,539.7398681640625,0.9245258569717407
794,1108.2359619140625,276.469970703125,0.9919194579124451,1085.6812744140625,366.4165344238281,0.982822597026825,1226.145751953125,432.7711486816406,0.9593942165374756,1161.2008056640625,529.2605590820312,0.9685781002044678,1251.1104736328125,541.946533203125,0.9297601580619812
795,1107.2398681640625,277.2192687988281,0.9932652711868286,1086.26953125,368.2532653808594,0.9827104806900024,1227.8173828125,433.55517578125,0.9679811000823975,1175.4027099609375,532.267822265625,0.9758867025375366,1263.6810302734375,543.9137573242188,0.9247596859931946
796,1105.421630859375,278.79510498046875,0.9922872185707092,1086.032958984375,370.23358154296875,0.9854212999343872,1229.0655517578125,434.7801818847656,0.9679308533668518,1185.4561767578125,535.3477172851562,0.9674111604690552,1274.0281982421875,547.3959350585938,0.934616208076477
797,1103.3189697265625,279.42071533203125,0.9839780330657959,1086.0274658203125,372.9438781738281,0.9847762584686279,1230.1810302734375,436.4013977050781,0.9696084260940552,1192.1866455078125,537.159912109375,0.9788979291915894,1281.181884765625,553.3560180664062,0.9146392345428467
798,1103.5771484375,282.56048583984375,0.9885838031768799,1085.8609619140625,375.64764404296875,0.9687026739120483,1230.6627197265625,439.08941650390625,0.9594247341156006,1195.7740478515625,540.6870727539062,0.9803942441940308,1283.376953125,558.1677856445312,0.9469684958457947
799,1103.177490234375,284.2450256347656,0.9868755340576172,1085.181884765625,378.6943359375,0.981351375579834,1228.299072265625,441.9577941894531,0.9670125246047974,1195.48486328125,542.3081665039062,0.974961519241333,1283.8038330078125,562.5438232421875,0.9627978801727295
800,1100.985595703125,287.6634826660156,0.9886598587036133,1084.0389404296875,380.8551330566406,0.977686882019043,1228.064697265625,444.2269592285156,0.9765310287475586,1191.2099609375,543.2818603515625,0.975239098072052,1276.8492431640625,564.1670532226562,0.957133412361145
801,1100.87451171875,290.2732849121094,0.9920037984848022,1084.13134765625,383.1277770996094,0.9844424724578857,1227.9876708984375,447.568603515625,0.9671380519866943,1183.792236328125,545.007080078125,0.9708926677703857,1269.316650390625,566.093505859375,0.9428791403770447
802,1099.1514892578125,292.7670593261719,0.9919768571853638,1082.689453125,385.41729736328125,0.9857490062713623,1223.861572265625,450.968017578125,0.9683356285095215,1177.1834716796875,546.4109497070312,0.9757853150367737,1264.473388671875,569.144287109375,0.9150540828704834
803,1097.4757080078125,294.4212951660156,0.9926090836524963,1080.6473388671875,388.2783203125,0.9786748886108398,1220.3460693359375,455.26495361328125,0.9795248508453369,1173.128662109375,546.0796508789062,0.9788261651992798,1257.9498291015625,568.7034912109375,0.9291560649871826
804,1096.6224365234375,296.42144775390625,0.9901357889175415,1079.1815185546875,390.715576171875,0.9746553301811218,1217.4896240234375,456.29168701171875,0.9815728664398193,1166.51513671875,545.6656494140625,0.9806962609291077,1252.4473876953125,569.59912109375,0.9373223185539246
805,1096.437255859375,296.53546142578125,0.9858003854751587,1078.1243896484375,392.0028381347656,0.9734442234039307,1214.943359375,456.8162536621094,0.9726250171661377,1160.9403076171875,544.722900390625,0.9713401198387146,1244.9659423828125,568.5802001953125,0.9202315807342529
806,1094.863037109375,298.81024169921875,0.9901264905929565,1076.23046875,392.77056884765625,0.9808633327484131,1210.967529296875,457.5909118652344,0.9760944247245789,1156.0745849609375,544.1353149414062,0.9762811660766602,1238.748046875,569.2118530273438,0.9286612272262573
807,1094.006591796875,299.9102478027344,0.991935133934021,1075.0382080078125,392.89178466796875,0.9776079058647156,1208.0704345703125,457.1357421875,0.9716696739196777,1148.7626953125,544.2172241210938,0.9811835289001465,1234.319580078125,569.9318237304688,0.9339371919631958
808,1092.8470458984375,300.36181640625,0.9917535781860352,1073.849853515625,393.0325622558594,0.9743958115577698,1205.97314453125,457.4717712402344,0.9831132292747498,1143.3734130859375,543.1058959960938,0.9732810258865356,1227.603515625,569.0719604492188,0.9360581040382385
809,1092.04833984375,300.64068603515625,0.9909509420394897,1072.3321533203125,393.295166015625,0.9706781506538391,1204.47021484375,457.9508361816406,0.9855848550796509,1139.12353515625,542.3688354492188,0.9807853698730469,1221.8468017578125,569.2647705078125,0.9365208148956299
810,1091.14697265625,301.6717834472656,0.9906206130981445,1069.6790771484375,393.29205322265625,0.9718930125236511,1202.688720703125,458.7803039550781,0.9859967231750488,1131.3218994140625,543.2109985351562,0.9785537123680115,1216.5103759765625,569.8858032226562,0.9196189641952515
811,1090.04638671875,302.0884094238281,0.9867956638336182,1068.2591552734375,393.6512145996094,0.9797611236572266,1200.2911376953125,460.2295837402344,0.9773651361465454,1126.2890625,541.7540283203125,0.9835107326507568,1208.2576904296875,569.1260986328125,0.926482617855072
812,1089.1607666015625,301.826416015625,0.9853953123092651,1066.7125244140625,394.1861572265625,0.9809427261352539,1196.5704345703125,461.287841796875,0.9763094186782837,1120.3858642578125,541.0150146484375,0.9798327684402466,1203.82568359375,569.7951049804688,0.9452563524246216
813,1087.8663330078125,302.119873046875,0.9797312021255493,1065.5335693359375,393.7755432128906,0.9810774326324463,1194.443115234375,462.72064208984375,0.9742629528045654,1112.44140625,541.035888671875,0.9796274900436401,1196.651611328125,568.9140625,0.9345964193344116
814,1086.2454833984375,301.3044738769531,0.9765115976333618,1064.3250732421875,392.8631896972656,0.9738813638687134,1191.785400390625,464.1351013183594,0.9754453301429749,1108.169921875,540.0137939453125,0.9900163412094116,1190.0322265625,569.13818359375,0.9413389563560486
815,1084.939208984375,301.76910400390625,0.9831238389015198,1062.430419921875,392.6334533691406,0.9803160429000854,1188.164306640625,466.82781982421875,0.9838614463806152,1099.79541015625,540.692626953125,0.9832756519317627,1184.792724609375,569.434326171875,0.9202888607978821
816,1082.2603759765625,301.0058288574219,0.9872912764549255,1059.63232421875,392.57110595703125,0.9789470434188843,1184.737548828125,468.0345153808594,0.9791436195373535,1095.67578125,539.1359252929688,0.9834462404251099,1178.6551513671875,569.1803588867188,0.9266457557678223
817,1080.910400390625,300.5674743652344,0.9869323372840881,1057.1064453125,392.7152099609375,0.9714850187301636,1181.63916015625,467.8119201660156,0.9816367626190186,1090.552734375,538.6777954101562,0.9894353747367859,1172.686279296875,569.49951171875,0.942760705947876
818,1079.2337646484375,301.68463134765625,0.9874472618103027,1053.4986572265625,391.63616943359375,0.9758076071739197,1178.401611328125,470.0836486816406,0.9822136163711548,1082.8956298828125,539.4522705078125,0.9829318523406982,1165.4630126953125,568.5150146484375,0.9271153211593628
819,1078.271728515625,301.6380615234375,0.9877539277076721,1050.60693359375,392.6711120605469,0.9778081178665161,1173.6773681640625,472.17425537109375,0.987140953540802,1078.1690673828125,537.8330688476562,0.9846115112304688,1159.508056640625,568.6419067382812,0.9329426288604736
820,1077.2137451171875,301.35626220703125,0.9907253980636597,1048.6717529296875,391.0980529785156,0.9692412614822388,1170.431396484375,472.24224853515625,0.9879646301269531,1073.053466796875,537.3681030273438,0.9844121932983398,1153.978515625,569.2073974609375,0.9357354640960693
821,1075.5452880859375,300.9356994628906,0.9913187623023987,1046.5826416015625,390.4184265136719,0.9747045040130615,1166.6624755859375,473.0747375488281,0.979412317276001,1065.07568359375,537.1249389648438,0.9820761680603027,1147.2049560546875,568.3414306640625,0.9366874694824219
822,1073.8043212890625,299.7624206542969,0.9903043508529663,1044.53466796875,389.8224792480469,0.9817236065864563,1161.070556640625,474.1138000488281,0.9821500778198242,1059.2364501953125,535.9898681640625,0.9802566766738892,1141.458984375,568.368408203125,0.9412792921066284
823,1072.2657470703125,299.16717529296875,0.9870795607566833,1041.9996337890625,389.28314208984375,0.9730052351951599,1157.8521728515625,474.3997802734375,0.984654426574707,1051.9554443359375,535.1700439453125,0.9809596538543701,1132.6800537109375,567.08935546875,0.9408365488052368
824,1070.1903076171875,298.25567626953125,0.9818410873413086,1037.443359375,387.20831298828125,0.9825630187988281,1154.4664306640625,474.2729187011719,0.986931562423706,1047.1728515625,533.515869140625,0.9747443199157715,1126.7802734375,566.9068603515625,0.9442631006240845
825,1067.0816650390625,297.4072570800781,0.9880331158638,1035.1724853515625,386.4434814453125,0.9779759645462036,1149.6839599609375,475.427490234375,0.9793919324874878,1042.2747802734375,533.12060546875,0.9754928350448608,1121.3094482421875,567.1668090820312,0.9396162629127502
826,1065.9156494140625,296.9979553222656,0.986296534538269,1032.3853759765625,385.6807556152344,0.973435640335083,1146.0133056640625,475.4305419921875,0.9795733094215393,1034.093994140625,532.5712890625,0.9799376726150513,1115.1024169921875,567.08544921875,0.9489632844924927
827,1064.7900390625,297.38275146484375,0.9866542816162109,1030.8514404296875,384.18475341796875,0.9668086767196655,1142.5379638671875,475.4955749511719,0.9849891662597656,1029.6239013671875,531.2817993164062,0.9814600944519043,1109.0797119140625,567.0302124023438,0.9481974840164185
828,1063.5496826171875,296.20233154296875,0.9875931739807129,1028.885498046875,383.7577209472656,0.9730576276779175,1139.7325439453125,476.0664367675781,0.9837650060653687,1022.1497802734375,530.7384643554688,0.9780735373497009,1101.525390625,566.5492553710938,0.9402005672454834
829,1062.7191162109375,295.72808837890625,0.9902423620223999,1025.7806396484375,381.85687255859375,0.9754115343093872,1136.76025390625,476.6794738769531,0.9821586012840271,1016.4974975585938,530.2633666992188,0.973119854927063,1095.3228759765625,566.4594116210938,0.9461581110954285
830,1061.5516357421875,295.045654296875,0.9904213547706604,1022.2701416015625,381.6607360839844,0.9676707983016968,1132.40771484375,476.8397216796875,0.9848649501800537,1012.7237548828125,528.4959716796875,0.9795464277267456,1090.697265625,566.6390991210938,0.9580554962158203
831,1060.516845703125,295.2682800292969,0.9916066527366638,1019.7650756835938,380.01971435546875,0.97682124376297,1129.3841552734375,476.71002197265625,0.9816572666168213,1005.975830078125,528.078125,0.9753031730651855,1083.4259033203125,565.9448852539062,0.9523367881774902
832,1059.6680908203125,295.65606689453125,0.9896961450576782,1018.2173461914062,379.451171875,0.9721565842628479,1125.64208984375,476.4649963378906,0.9861974716186523,1000.3163452148438,526.210205078125,0.9787937998771667,1077.1785888671875,565.8992919921875,0.9582791328430176
833,1058.869873046875,295.44879150390625,0.991874098777771,1016.353759765625,378.76708984375,0.9670970439910889,1123.19677734375,477.11199951171875,0.9833781123161316,995.7949829101562,523.6153564453125,0.9842476844787598,1070.10400390625,565.2823486328125,0.9469619989395142
834,1058.3101806640625,295.658447265625,0.9915058016777039,1014.6678466796875,378.2209777832031,0.9771316647529602,1120.8609619140625,477.7740478515625,0.9723321795463562,988.7254638671875,523.7136840820312,0.9766658544540405,1063.3892822265625,565.2159423828125,0.9566701054573059
835,1057.98681640625,295.7864685058594,0.9892710447311401,1013.2393188476562,377.7942199707031,0.9809138774871826,1117.2025146484375,477.90704345703125,0.9775015115737915,982.1704711914062,520.2659912109375,0.9755842685699463,1057.5889892578125,565.417236328125,0.9548834562301636
836,1056.909912109375,296.0242919921875,0.9850531220436096,1011.1074829101562,377.4638671875,0.9776667356491089,1114.8583984375,479.01409912109375,0.9786242842674255,977.8238525390625,519.3681030273438,0.9753239154815674,1050.53955078125,564.5872192382812,0.9571117162704468
837,1056.2518310546875,295.538818359375,0.9814498424530029,1008.8958740234375,377.52740478515625,0.972702145576477,1110.733154296875,477.4898376464844,0.9812546968460083,971.5900268554688,518.3285522460938,0.981974720954895,1044.933349609375,564.6129150390625,0.962472140789032
838,1053.9776611328125,294.9814758300781,0.9845278859138489,1006.28955078125,377.37811279296875,0.9620465040206909,1107.971435546875,481.1161804199219,0.9810714721679688,966.749755859375,516.4274291992188,0.9785285592079163,1037.932373046875,563.9505004882812,0.9510895013809204
839,1052.8536376953125,295.39111328125,0.9857813119888306,1004.4793090820312,376.3470764160156,0.9703226685523987,1105.787109375,481.3196716308594,0.9747052192687988,962.9446411132812,515.63818359375,0.9818800687789917,1033.5450439453125,564.4352416992188,0.9552799463272095
840,1050.4517822265625,295.4277038574219,0.9884718656539917,1002.02880859375,375.4465026855469,0.9719316959381104,1103.4241943359375,479.921142578125,0.9688684940338135,955.8385620117188,514.6051025390625,0.9847450256347656,1026.93017578125,564.4304809570312,0.9634571075439453
841,1049.3162841796875,295.916015625,0.9866920709609985,1000.57763671875,374.6976623535156,0.968597948551178,1099.271240234375,480.7037353515625,0.9787039160728455,950.5614013671875,510.7264404296875,0.978611946105957,1020.690185546875,563.2195434570312,0.9514948725700378
842,1048.09423828125,295.71990966796875,0.9869117736816406,998.6715087890625,372.9063720703125,0.9735187292098999,1095.0946044921875,482.2864074707031,0.9812663793563843,946.396240234375,508.52947998046875,0.9824447631835938,1014.6168212890625,563.1290893554688,0.96142578125
843,1046.75830078125,295.6165466308594,0.9854557514190674,996.86572265625,372.41326904296875,0.9812066555023193,1091.3052978515625,482.6690368652344,0.9859926104545593,940.3236083984375,508.84442138671875,0.9787617921829224,1006.7301025390625,562.8594360351562,0.9413744211196899
844,1045.067138671875,295.5633239746094,0.9889877438545227,994.599609375,372.3596496582031,0.9751085042953491,1088.9581298828125,482.99493408203125,0.9757477045059204,934.6962280273438,506.538818359375,0.9765962362289429,1002.2295532226562,562.9651489257812,0.950893759727478
845,1043.686279296875,295.64923095703125,0.9865208864212036,990.528564453125,372.1619567871094,0.9741247892379761,1084.5458984375,482.17236328125,0.9792091846466064,929.9569091796875,505.0254211425781,0.9787741899490356,995.2940673828125,563.3046264648438,0.962041974067688
846,1041.791259765625,296.0735168457031,0.9845185279846191,987.2964477539062,370.7765197753906,0.9805499315261841,1079.9610595703125,484.02081298828125,0.9831100702285767,923.607666015625,505.17218017578125,0.9778677225112915,988.6276245117188,562.4993286132812,0.9566867351531982
847,1038.674560546875,294.64654541015625,0.9785662889480591,985.0338134765625,370.1256408691406,0.975326657295227,1076.7315673828125,484.2032775878906,0.9890754222869873,919.0962524414062,501.7181396484375,0.9662991762161255,981.8010864257812,562.3878173828125,0.965003490447998
848,1033.9462890625,295.5495910644531,0.9882463216781616,982.3031005859375,370.0364685058594,0.9783279895782471,1074.350341796875,484.1562805175781,0.9870849847793579,914.7421875,500.7117004394531,0.9764279127120972,976.3514404296875,562.468505859375,0.9442665576934814
849,1031.0802001953125,295.3571472167969,0.9843052625656128,980.004150390625,370.138427734375,0.9807547330856323,1070.9090576171875,483.8189392089844,0.9746321439743042,908.4867553710938,500.0549011230469,0.9864319562911987,971.3216552734375,561.8312377929688,0.9511035680770874
850,1029.8487548828125,295.63177490234375,0.9840966463088989,975.1450805664062,371.0284729003906,0.9792019128799438,1067.700927734375,484.4381408691406,0.984363317489624,903.3276977539062,498.4384765625,0.9648281335830688,964.5869750976562,561.8877563476562,0.9620265960693359
851,1027.62548828125,296.0946044921875,0.9861479997634888,972.4041137695312,370.9508056640625,0.984839141368866,1062.9520263671875,486.6106872558594,0.9894717931747437,899.10400390625,496.0876159667969,0.970157265663147,957.3552856445312,561.1424560546875,0.9511003494262695
852,1026.7159423828125,297.732421875,0.981465220451355,969.7835693359375,370.9905090332031,0.9863719940185547,1059.6904296875,486.32391357421875,0.9898823499679565,891.8720703125,494.37347412109375,0.9804483652114868,950.5260009765625,560.6082153320312,0.9570921659469604
853,1024.788818359375,299.0989074707031,0.9747328162193298,968.2706909179688,371.4953918457031,0.9805797934532166,1057.012939453125,486.73052978515625,0.9822474718093872,886.145263671875,491.5848693847656,0.9774177074432373,944.8656616210938,561.0422973632812,0.9363263845443726
854,1023.5968627929688,301.491455078125,0.9534655809402466,966.012939453125,371.5250244140625,0.9855415225028992,1053.9327392578125,487.1191101074219,0.9798368215560913,882.2364501953125,489.9654846191406,0.9762102365493774,938.4146728515625,560.2929077148438,0.934731662273407
855,1021.0908203125,303.4724426269531,0.968315601348877,963.9159545898438,371.72528076171875,0.9870837926864624,1048.21484375,487.9804992675781,0.9865751266479492,877.1823120117188,489.7087707519531,0.980583667755127,931.6251220703125,560.2080688476562,0.9516168832778931
856,1019.0983276367188,305.0958557128906,0.97281813621521,961.4361572265625,372.58367919921875,0.9797978401184082,1046.1441650390625,488.53515625,0.9904606342315674,872.0245361328125,487.03448486328125,0.959362268447876,924.7383422851562,559.33447265625,0.9405945539474487
857,1016.9920043945312,305.1119079589844,0.9677921533584595,958.6700439453125,372.4686584472656,0.9835107922554016,1043.1016845703125,488.54974365234375,0.9886901378631592,867.72216796875,486.09991455078125,0.9711556434631348,917.5018920898438,558.9057006835938,0.9459191560745239
858,1015.2201538085938,303.2844543457031,0.9661513566970825,956.9181518554688,372.56451416015625,0.9867404103279114,1040.1890869140625,488.8919982910156,0.9824609756469727,862.664306640625,485.01226806640625,0.984018862247467,912.8652954101562,559.0234375,0.931503176689148
859,1014.123046875,304.5183410644531,0.9650511741638184,955.5299682617188,371.9028015136719,0.9873650074005127,1035.444580078125,488.5515441894531,0.980704665184021,857.9345092773438,484.1411437988281,0.9764288663864136,906.7002563476562,557.7791137695312,0.9287885427474976
860,1013.62255859375,307.527099609375,0.9548624157905579,953.8582153320312,371.40484619140625,0.9885461330413818,1032.6087646484375,489.8202209472656,0.9838800430297852,854.2042236328125,481.36004638671875,0.9711697697639465,898.75927734375,558.1092529296875,0.940320611000061
861,1012.7484130859375,309.3152160644531,0.9366878867149353,953.0177612304688,371.81195068359375,0.9852869510650635,1029.8836669921875,489.1473693847656,0.9884380102157593,848.1216430664062,479.4059143066406,0.9686005115509033,892.203125,556.50048828125,0.9309300780296326
862,1012.0570068359375,309.62921142578125,0.9481207132339478,951.8922119140625,371.5340270996094,0.9805422425270081,1027.942138671875,489.2376708984375,0.9902177453041077,843.9755249023438,476.7607727050781,0.9800392389297485,885.7510375976562,556.0321655273438,0.9357154965400696
863,1011.2818603515625,309.719482421875,0.9450376033782959,950.81787109375,371.87347412109375,0.9825973510742188,1025.4521484375,489.76141357421875,0.9861481785774231,840.077880859375,475.58612060546875,0.967631459236145,880.3687744140625,556.2440795898438,0.9060615301132202
864,1010.869873046875,310.1415710449219,0.9449824094772339,949.8360595703125,371.9657897949219,0.9851769208908081,1021.2013549804688,489.1213684082031,0.9770613312721252,835.7879028320312,472.8023986816406,0.9774051904678345,874.9683227539062,556.2656860351562,0.9423735737800598
865,1010.5142822265625,310.6290588378906,0.9347053170204163,949.456787109375,372.248779296875,0.9859959483146667,1018.634765625,489.5554504394531,0.980636715888977,831.7962036132812,472.531982421875,0.973259687423706,867.7404174804688,554.931396484375,0.9393396973609924
866,1010.7481079101562,310.3035583496094,0.9446483850479126,948.9957275390625,371.6546630859375,0.9881104230880737,1016.1392822265625,489.0354919433594,0.9883427619934082,827.8834838867188,470.86163330078125,0.9803372621536255,862.2904052734375,554.4594116210938,0.8887505531311035
867,1010.728271484375,309.61395263671875,0.9565185308456421,948.740478515625,371.1717224121094,0.9867150783538818,1014.7844848632812,487.6785888671875,0.987393856048584,824.3023681640625,468.54119873046875,0.9614071846008301,855.1636352539062,553.620849609375,0.9458638429641724
868,1011.003173828125,308.05206298828125,0.9495581388473511,948.4498291015625,370.0970764160156,0.9865052103996277,1011.7680053710938,487.9405212402344,0.988247275352478,821.4207153320312,466.6539611816406,0.9740934371948242,850.59912109375,553.8067626953125,0.9384691119194031
869,1011.2615966796875,306.7192687988281,0.9533922076225281,948.375244140625,369.4184875488281,0.9843727946281433,1010.38134765625,485.8440246582031,0.984173059463501,815.6204833984375,464.7391662597656,0.9804470539093018,845.085693359375,552.7493286132812,0.9060242176055908
870,1012.0220336914062,306.0316162109375,0.9230444431304932,947.6459350585938,367.1239929199219,0.9835926294326782,1008.9690551757812,484.4756164550781,0.9810351729393005,813.322998046875,463.37408447265625,0.9790586233139038,838.4812622070312,552.6351928710938,0.9488152861595154
871,1012.7533569335938,302.37579345703125,0.9298918843269348,946.9058837890625,364.865478515625,0.9883407354354858,1007.65625,481.1483459472656,0.9634096026420593,810.04443359375,460.4977722167969,0.975251317024231,833.48388671875,552.4716186523438,0.9193942546844482
872,1013.3790893554688,301.3758850097656,0.9704545140266418,946.0127563476562,362.7046203613281,0.9876295328140259,1004.1494750976562,478.4325256347656,0.9681668877601624,807.7635498046875,459.16107177734375,0.9679014682769775,827.9800415039062,550.4270629882812,0.8714191913604736
873,1014.2579956054688,299.9646911621094,0.9670929312705994,946.910888671875,361.0166320800781,0.9860760569572449,1004.8991088867188,477.6627502441406,0.9720189571380615,805.51123046875,457.2520446777344,0.9759156107902527,821.266845703125,550.0322265625,0.9435572624206543
874,1015.1311645507812,297.8331604003906,0.9622156620025635,947.674560546875,359.1510314941406,0.9846113920211792,1005.043701171875,476.86895751953125,0.9698971509933472,804.1708984375,455.83184814453125,0.9700433015823364,816.4064331054688,548.5257568359375,0.9242302179336548
875,1014.51171875,294.7656555175781,0.9568659067153931,948.488037109375,356.8662109375,0.9891891479492188,1003.9481201171875,476.3724365234375,0.9752760529518127,804.318603515625,454.9383850097656,0.9590396881103516,812.2825317382812,547.5044555664062,0.9120514392852783
876,1015.3342895507812,295.2582092285156,0.9726257920265198,949.5211181640625,355.5102233886719,0.9869694709777832,1005.3009643554688,475.79815673828125,0.9721957445144653,805.6277465820312,451.82464599609375,0.9596540927886963,808.2937622070312,546.19970703125,0.8895536661148071
877,1016.8046264648438,294.3653564453125,0.9808584451675415,950.8659057617188,354.54632568359375,0.9841935634613037,1008.6137084960938,475.1466369628906,0.9742588400840759,807.2457885742188,448.8160400390625,0.9508749842643738,804.8449096679688,543.4007568359375,0.9363399744033813
878,1019.09375,294.719970703125,0.9744120836257935,952.5498657226562,353.8690490722656,0.9869379997253418,1011.2457885742188,474.84014892578125,0.9859517812728882,808.786376953125,443.2281494140625,0.9802881479263306,803.0501708984375,539.7545776367188,0.9417112469673157
879,1020.8961791992188,293.9955139160156,0.9762267470359802,954.0550537109375,352.78204345703125,0.9911531209945679,1013.984375,474.1211242675781,0.9913172721862793,813.5420532226562,437.484375,0.9764481782913208,802.2833862304688,532.0737915039062,0.9201775789260864
880,1022.5020751953125,293.4192810058594,0.968268096446991,956.0736083984375,351.56658935546875,0.9913413524627686,1016.5404052734375,473.6606140136719,0.9846134185791016,821.4439086914062,428.320556640625,0.9658914804458618,802.5885620117188,525.554931640625,0.9203495979309082
881,1024.60693359375,292.3898620605469,0.9636192321777344,958.8280639648438,350.7666931152344,0.9878091812133789,1021.1278686523438,472.46044921875,0.9708284139633179,828.321533203125,421.5355529785156,0.9802947044372559,806.677001953125,516.5584106445312,0.8926410675048828
882,1026.1292724609375,291.47515869140625,0.9713636040687561,962.8240966796875,349.2893371582031,0.9911791682243347,1026.7568359375,471.8450927734375,0.9809898138046265,836.3245239257812,414.1982727050781,0.9687694311141968,814.1398315429688,513.095947265625,0.8739022016525269
883,1027.2359619140625,290.2588195800781,0.9692466259002686,965.2146606445312,346.8503723144531,0.985580325126648,1029.43798828125,471.776123046875,0.9883046746253967,847.1962280273438,408.7715148925781,0.9770333766937256,823.1534423828125,499.7093505859375,0.8791387677192688
884,1027.7677001953125,287.4459228515625,0.9785974025726318,967.6211547851562,343.3187255859375,0.9674186110496521,1035.253173828125,470.4928283691406,0.9864288568496704,857.4303588867188,403.1009521484375,0.9802599549293518,839.236328125,500.4539489746094,0.8863428235054016
885,1028.5213623046875,285.43798828125,0.9827042818069458,970.5175170898438,339.62567138671875,0.9895270466804504,1040.34765625,468.1790466308594,0.9771137237548828,868.172119140625,400.28143310546875,0.9797613620758057,860.9993286132812,495.48565673828125,0.9115169048309326
886,1030.47119140625,285.5572204589844,0.9777771234512329,973.6436767578125,338.2695007324219,0.9908822774887085,1049.09033203125,466.5811767578125,0.9803139567375183,878.8909912109375,402.02044677734375,0.9849123954772949,883.6515502929688,491.89306640625,0.9486234188079834
887,1031.5482177734375,284.0728454589844,0.9765088558197021,978.8201293945312,337.69073486328125,0.9875764846801758,1054.395751953125,464.2602844238281,0.96197110414505,888.2019653320312,404.28778076171875,0.9678229093551636,904.9769897460938,489.34130859375,0.9338551759719849
888,1035.389892578125,284.34637451171875,0.9736524820327759,981.6922607421875,337.17767333984375,0.9853092432022095,1063.2025146484375,462.58251953125,0.9821170568466187,899.0262451171875,408.39013671875,0.9794794321060181,926.5067138671875,498.4626770019531,0.8902053236961365
889,1038.8277587890625,283.5799560546875,0.9639493227005005,984.3165893554688,338.1875,0.9798802137374878,1072.4952392578125,462.2405090332031,0.9666393995285034,909.8403930664062,415.7401428222656,0.9870646595954895,946.1505126953125,498.81134033203125,0.9028000235557556
890,1042.653076171875,282.99755859375,0.9788421392440796,987.3917236328125,340.1905822753906,0.9856703281402588,1080.18359375,459.0329895019531,0.9746060967445374,920.493896484375,425.0711975097656,0.9777717590332031,963.973876953125,501.5226745605469,0.9269566535949707
891,1043.88134765625,281.5603332519531,0.9789006114006042,991.1057739257812,342.8023376464844,0.9751261472702026,1090.4364013671875,457.89556884765625,0.9796501398086548,932.1676025390625,431.75048828125,0.9844859838485718,980.8222045898438,505.6149597167969,0.9276201725006104
892,1046.1812744140625,281.671875,0.9787362813949585,994.8399658203125,345.3493347167969,0.9870170950889587,1096.6669921875,456.1305236816406,0.9772553443908691,940.8345947265625,441.3990783691406,0.9823856353759766,999.0770874023438,506.55596923828125,0.9331967830657959
893,1048.307373046875,281.0396728515625,0.978684663772583,998.883544921875,347.6439514160156,0.9865955114364624,1105.576171875,454.97186279296875,0.980192244052887,951.7227783203125,448.87164306640625,0.9789389371871948,1016.4061889648438,507.6448974609375,0.9244872331619263
894,1051.6453857421875,281.7865905761719,0.9842596054077148,1002.1991577148438,350.20794677734375,0.9811024069786072,1114.015380859375,453.34979248046875,0.9844287633895874,963.9349365234375,457.87921142578125,0.9774885773658752,1036.9515380859375,512.8777465820312,0.9355646371841431
895,1054.263427734375,280.6432800292969,0.98126220703125,1005.5787963867188,352.45562744140625,0.9872414469718933,1119.8863525390625,451.7616882324219,0.9629400968551636,975.130126953125,467.79632568359375,0.9743982553482056,1051.00732421875,516.2137451171875,0.9225294589996338
896,1057.3817138671875,280.2163391113281,0.9883931279182434,1010.8805541992188,355.41790771484375,0.9849686622619629,1127.1104736328125,450.0288391113281,0.9651448726654053,989.2872924804688,477.4630432128906,0.9692174196243286,1067.552001953125,519.7625732421875,0.9225659370422363
897,1058.988037109375,278.59466552734375,0.9899507761001587,1014.437255859375,355.9919128417969,0.9763584136962891,1134.416015625,447.38067626953125,0.9604088068008423,1002.956298828125,485.5789489746094,0.9826600551605225,1084.8253173828125,523.7313232421875,0.9535280466079712
898,1062.0008544921875,277.1838073730469,0.9878532886505127,1018.0856323242188,357.0694580078125,0.9794281721115112,1140.567626953125,445.623779296875,0.9756375551223755,1020.433837890625,494.61749267578125,0.9719173908233643,1102.6693115234375,527.0894775390625,0.9362373352050781
899,1065.487060546875,275.9326171875,0.9927486181259155,1023.8677978515625,357.9481506347656,0.9652637243270874,1148.2784423828125,445.5658264160156,0.9598346948623657,1037.8204345703125,502.1234130859375,0.9797210693359375,1123.3836669921875,531.031005859375,0.9460921883583069
900,1069.870361328125,274.64288330078125,0.9921293258666992,1029.6036376953125,357.5758972167969,0.9817700386047363,1156.2100830078125,445.3935852050781,0.9797893166542053,1057.9256591796875,509.1475524902344,0.9812089204788208,1143.3929443359375,533.866455078125,0.92078697681427
901,1073.567138671875,273.8486022949219,0.9934896230697632,1033.8455810546875,358.30816650390625,0.9773030877113342,1162.7095947265625,443.8516540527344,0.9729118943214417,1077.324951171875,515.0438232421875,0.9750756621360779,1165.28759765625,538.2185668945312,0.9329413771629333
902,1077.4012451171875,271.75079345703125,0.9903546571731567,1041.174072265625,358.6123962402344,0.9602203369140625,1170.9676513671875,442.3603820800781,0.9863975644111633,1095.8602294921875,519.6106567382812,0.9733583927154541,1183.382568359375,540.7452392578125,0.9260385036468506
903,1080.3875732421875,270.7926330566406,0.9870628118515015,1046.619384765625,357.56219482421875,0.9756864309310913,1176.392333984375,441.59637451171875,0.9775264263153076,1112.7452392578125,523.7002563476562,0.9832490682601929,1201.48095703125,542.8038940429688,0.9236844778060913
904,1084.285888671875,269.2047424316406,0.9886600375175476,1051.6610107421875,358.153564453125,0.9750545620918274,1185.4090576171875,441.1406555175781,0.9835965633392334,1128.781005859375,526.1864624023438,0.9778676629066467,1217.7081298828125,543.8798217773438,0.9277267456054688
905,1088.9993896484375,269.5782165527344,0.9907423257827759,1058.5897216796875,358.6125183105469,0.9701710343360901,1193.3365478515625,439.4478454589844,0.9728233814239502,1142.4136962890625,527.068603515625,0.9761140942573547,1230.2095947265625,544.2216186523438,0.949662446975708
906,1092.449951171875,268.52899169921875,0.9940236806869507,1063.2110595703125,358.226318359375,0.9636858105659485,1200.131103515625,440.0625915527344,0.9802261590957642,1152.2525634765625,529.0283813476562,0.9641551971435547,1238.98486328125,547.2737426757812,0.9454547166824341
907,1095.8895263671875,268.16033935546875,0.9908450841903687,1068.9105224609375,359.367431640625,0.9714940786361694,1205.7786865234375,439.9577331542969,0.978905439376831,1160.422607421875,529.7320556640625,0.9642925262451172,1246.9622802734375,552.1964721679688,0.9129713773727417
908,1100.951416015625,268.4844055175781,0.9883503317832947,1074.79833984375,360.3641052246094,0.9689561128616333,1209.985595703125,438.570068359375,0.9740498065948486,1163.3726806640625,531.3155517578125,0.9834333658218384,1249.69580078125,558.4501953125,0.9451377391815186
909,1106.2432861328125,270.1220397949219,0.9917556047439575,1079.611083984375,361.1977233886719,0.960428774356842,1211.52099609375,441.1900634765625,0.9718358516693115,1163.471435546875,532.7753295898438,0.9840725660324097,1246.9447021484375,562.3792724609375,0.9478596448898315
910,1110.5689697265625,270.8786315917969,0.9924838542938232,1082.8311767578125,362.597412109375,0.9785454869270325,1215.5726318359375,441.2366638183594,0.9784663915634155,1160.4857177734375,533.6395263671875,0.9772403836250305,1242.4471435546875,564.6983642578125,0.944313645362854
911,1114.063720703125,272.4974670410156,0.9936692714691162,1086.5994873046875,363.53204345703125,0.973199725151062,1217.0521240234375,442.19818115234375,0.9820945858955383,1154.6199951171875,534.2250366210938,0.9738508462905884,1234.6033935546875,565.774658203125,0.9433623552322388
912,1118.3323974609375,273.7810363769531,0.9913183450698853,1091.32763671875,364.7740783691406,0.9854453802108765,1217.9696044921875,445.3298034667969,0.9832523465156555,1146.6177978515625,534.7486572265625,0.981383204460144,1228.0057373046875,566.9381103515625,0.9378213882446289
913,1122.601318359375,275.26641845703125,0.99455726146698,1093.5748291015625,366.0555114746094,0.9803167581558228,1217.8734130859375,448.86407470703125,0.9731135368347168,1142.8348388671875,533.6893310546875,0.9760968685150146,1221.3741455078125,566.355712890625,0.9468135833740234
914,1125.2806396484375,276.78338623046875,0.9912350177764893,1094.5745849609375,366.8490295410156,0.9755340814590454,1217.235107421875,451.51043701171875,0.9815150499343872,1138.4306640625,533.0399169921875,0.9726604223251343,1217.1593017578125,566.437744140625,0.9320451021194458
915,1127.13818359375,277.5035095214844,0.9879436492919922,1095.34326171875,368.34515380859375,0.975594162940979,1216.3427734375,454.8683776855469,0.977165162563324,1131.2769775390625,532.4227905273438,0.9812731742858887,1211.3292236328125,566.5662231445312,0.9374279975891113
916,1130.107177734375,278.49896240234375,0.9912199974060059,1096.2261962890625,368.5851135253906,0.9830825328826904,1215.6094970703125,456.3680114746094,0.9816129207611084,1127.4468994140625,530.3396606445312,0.9751743674278259,1205.3079833984375,566.324951171875,0.947593092918396
917,1133.42822265625,278.99444580078125,0.9897298812866211,1096.9510498046875,368.26812744140625,0.9851683378219604,1214.464111328125,457.51153564453125,0.9806171655654907,1123.240966796875,529.327392578125,0.9805303812026978,1198.2508544921875,566.1646118164062,0.9280625581741333
918,1136.416748046875,279.3004150390625,0.98887699842453,1098.1881103515625,367.7291564941406,0.9879162311553955,1211.96044921875,459.0299377441406,0.9826878309249878,1115.80078125,528.4698486328125,0.9810435175895691,1191.776123046875,565.8325805664062,0.9485450983047485
919,1138.34521484375,279.8660888671875,0.9930460453033447,1099.241455078125,367.19488525390625,0.9900760650634766,1209.496826171875,458.815185546875,0.9800244569778442,1110.228759765625,525.5204467773438,0.9841246604919434,1187.0684814453125,566.0628662109375,0.952725350856781
920,1140.1334228515625,280.1001281738281,0.992416262626648,1099.8372802734375,366.6957702636719,0.9900093078613281,1207.5216064453125,459.51519775390625,0.9791018962860107,1105.5706787109375,524.0037841796875,0.9852896928787231,1178.6859130859375,566.0137329101562,0.953829824924469
921,1141.2933349609375,280.78912353515625,0.9902052879333496,1100.229248046875,366.22772216796875,0.9893558025360107,1206.013671875,460.9432373046875,0.9840680360794067,1097.3704833984375,524.21728515625,0.9823075532913208,1172.616943359375,565.3834838867188,0.9606612920761108
922,1142.103271484375,280.93048095703125,0.9894741773605347,1100.2760009765625,365.701904296875,0.9888710975646973,1204.1602783203125,462.4124450683594,0.9818937182426453,1091.799560546875,521.9873046875,0.985942006111145,1164.520751953125,564.79638671875,0.9532762765884399
923,1142.8607177734375,281.1566467285156,0.9869237542152405,1100.0521240234375,365.5614929199219,0.9877864122390747,1201.8692626953125,466.2252502441406,0.9842596054077148,1087.4168701171875,521.9083862304688,0.9782627820968628,1158.9351806640625,565.4581298828125,0.9607702493667603
924,1143.88330078125,281.8786926269531,0.9841928482055664,1099.2613525390625,365.30792236328125,0.9867902398109436,1199.4443359375,466.6698913574219,0.9820829629898071,1081.3687744140625,520.7645874023438,0.9756190776824951,1154.86083984375,565.3895263671875,0.9613465070724487
925,1144.2288818359375,281.67266845703125,0.9866434335708618,1098.81591796875,365.1482849121094,0.9868203401565552,1196.1920166015625,468.3588562011719,0.9903736114501953,1077.296142578125,518.1064453125,0.9788167476654053,1147.984619140625,564.4630737304688,0.9601687788963318
926,1144.802001953125,281.8404235839844,0.987727165222168,1098.43310546875,364.9814758300781,0.9854516983032227,1194.130615234375,469.4745788574219,0.9886465072631836,1071.425537109375,517.3043212890625,0.9820411801338196,1142.4422607421875,564.5638427734375,0.9675337076187134
927,1145.922607421875,282.6520080566406,0.98763108253479,1098.5528564453125,365.26947021484375,0.9856458306312561,1191.494384765625,471.4162292480469,0.984722375869751,1066.6405029296875,515.8821411132812,0.9848357439041138,1137.213134765625,564.6122436523438,0.9574681520462036
928,1146.4384765625,283.22979736328125,0.9864384531974792,1098.1749267578125,365.2796630859375,0.9835980534553528,1190.1689453125,472.4286193847656,0.988012433052063,1062.8089599609375,513.3490600585938,0.9800558090209961,1130.066650390625,564.5707397460938,0.9607436656951904
929,1147.3358154296875,283.5943603515625,0.9853017926216125,1097.703857421875,364.8828125,0.982861340045929,1188.2772216796875,472.8457946777344,0.9902371168136597,1057.866943359375,509.98028564453125,0.981278657913208,1124.479248046875,564.2244873046875,0.9673950672149658
930,1147.9140625,283.8883972167969,0.9852088689804077,1097.536865234375,365.3526916503906,0.9818810820579529,1186.8011474609375,473.0709533691406,0.989395022392273,1052.0445556640625,510.5291748046875,0.9775766134262085,1116.69775390625,563.2706298828125,0.9584646224975586
931,1148.586181640625,283.9927978515625,0.9840115308761597,1096.952392578125,364.7103271484375,0.9797770380973816,1185.3365478515625,473.6341552734375,0.9827266931533813,1046.937255859375,507.1693115234375,0.978756308555603,1110.667724609375,563.3372192382812,0.962510347366333
932,1149.15869140625,283.44354248046875,0.9843465089797974,1096.503662109375,364.51409912109375,0.9824844598770142,1181.98388671875,474.5689392089844,0.9742612838745117,1042.6497802734375,504.9615783691406,0.9830402135848999,1104.9718017578125,563.4746704101562,0.9532179832458496
933,1149.7501220703125,283.92877197265625,0.9821503758430481,1095.923095703125,364.44195556640625,0.9852677583694458,1180.4906005859375,475.3526306152344,0.9797134399414062,1037.908935546875,505.4454040527344,0.9778668880462646,1096.083740234375,562.5311279296875,0.9500950574874878
934,1150.820556640625,283.3963928222656,0.984880268573761,1095.4010009765625,363.9648742675781,0.9886496663093567,1178.02734375,475.3383483886719,0.9860717058181763,1033.254638671875,503.1731872558594,0.9679598808288574,1092.6795654296875,562.9017944335938,0.9672795534133911
935,1151.2021484375,283.6716613769531,0.9866602420806885,1094.8558349609375,363.4853210449219,0.9895048141479492,1177.12158203125,475.46136474609375,0.9844256639480591,1029.197509765625,501.32171630859375,0.9786684513092041,1085.529052734375,562.4928588867188,0.9453749060630798
936,1151.4342041015625,282.5933837890625,0.9857722520828247,1094.375732421875,362.68731689453125,0.9903494715690613,1175.6666259765625,475.14227294921875,0.9850747585296631,1023.97802734375,498.7316589355469,0.9815070033073425,1079.481201171875,562.686279296875,0.9553394913673401
937,1151.8896484375,282.4174499511719,0.9864566326141357,1093.9549560546875,362.2103271484375,0.9902678728103638,1174.4874267578125,475.22900390625,0.9888317584991455,1020.3880004882812,498.14208984375,0.9852656126022339,1074.982421875,562.9276733398438,0.958440899848938
938,1152.2286376953125,281.7929382324219,0.9862891435623169,1093.5770263671875,361.54742431640625,0.989000678062439,1173.6285400390625,474.8150634765625,0.9918791651725769,1015.90966796875,496.32110595703125,0.9664586782455444,1068.68017578125,561.712158203125,0.9512050151824951
939,1153.242431640625,281.81170654296875,0.9870667457580566,1093.5926513671875,361.087646484375,0.9880833625793457,1172.6224365234375,474.577392578125,0.991647481918335,1012.0133666992188,492.68585205078125,0.9833788871765137,1062.3118896484375,561.526611328125,0.9647160768508911
940,1154.27880859375,281.63720703125,0.9883418083190918,1093.3851318359375,360.4625549316406,0.9841885566711426,1171.6072998046875,474.2473449707031,0.990898847579956,1008.945556640625,490.309326171875,0.9774349927902222,1056.5904541015625,561.9223022460938,0.9369342923164368
941,1154.8414306640625,281.655029296875,0.9886089563369751,1093.6981201171875,359.0079345703125,0.9852695465087891,1171.2322998046875,473.6963806152344,0.9911171197891235,1004.3488159179688,490.1706848144531,0.9832632541656494,1050.6033935546875,561.0430297851562,0.9437443017959595
942,1155.876220703125,281.8946228027344,0.9890341758728027,1093.829345703125,358.48663330078125,0.984055757522583,1170.5313720703125,473.81878662109375,0.9885306358337402,998.1963500976562,487.6368408203125,0.9675624370574951,1043.1282958984375,560.8021240234375,0.9587209820747375
943,1157.062744140625,282.3848571777344,0.9874145984649658,1094.2972412109375,358.2284851074219,0.9837691783905029,1169.836669921875,473.9013671875,0.9874561429023743,995.1820678710938,486.0663146972656,0.967708170413971,1036.6280517578125,559.8511962890625,0.934232771396637
944,1158.1004638671875,282.6537170410156,0.9859329462051392,1094.5543212890625,357.950927734375,0.984298825263977,1168.5615234375,473.9569396972656,0.9820414781570435,990.1703491210938,484.7757263183594,0.9823673963546753,1028.8458251953125,559.5565795898438,0.9424810409545898
945,1158.6275634765625,283.2012634277344,0.9835852384567261,1095.0186767578125,357.4786071777344,0.981087327003479,1167.1273193359375,474.14654541015625,0.9776431322097778,985.9343872070312,483.5162658691406,0.9739333391189575,1025.2081298828125,559.32861328125,0.9232796430587769
946,1159.3992919921875,283.0154724121094,0.9799443483352661,1095.35400390625,357.2241516113281,0.9797120094299316,1164.100830078125,474.1980895996094,0.9829009771347046,983.1392822265625,480.61004638671875,0.965254008769989,1019.163330078125,557.497802734375,0.9357783794403076
947,1160.6666259765625,284.5597839355469,0.9819707870483398,1095.6405029296875,356.9520263671875,0.9777350425720215,1161.6961669921875,474.1988525390625,0.9845964312553406,978.8489990234375,477.4442138671875,0.969878077507019,1011.7684936523438,557.3604736328125,0.9483883380889893
948,1161.9266357421875,286.701171875,0.9841211438179016,1095.9971923828125,357.1928405761719,0.9768022894859314,1160.831787109375,474.2540283203125,0.982694149017334,974.4454345703125,476.3855285644531,0.9749318361282349,1008.2093505859375,557.6090087890625,0.8976340293884277
949,1163.0386962890625,286.870849609375,0.9851279258728027,1096.2265625,357.50469970703125,0.9768674373626709,1160.2386474609375,474.20892333984375,0.9870070219039917,970.2313232421875,475.06585693359375,0.9784834384918213,999.7041625976562,556.044921875,0.9279726147651672
950,1164.0806884765625,287.5625305175781,0.9845970869064331,1096.5535888671875,357.6413879394531,0.9805070161819458,1159.0081787109375,474.0194396972656,0.9910637140274048,965.9703979492188,472.78900146484375,0.9721894264221191,994.0269165039062,556.2974853515625,0.9354403018951416
951,1165.637451171875,288.2447509765625,0.9844820499420166,1096.6729736328125,357.3763732910156,0.9827463626861572,1157.402099609375,474.08685302734375,0.9917812943458557,962.0877075195312,471.9794921875,0.9685496091842651,988.3983764648438,556.3162231445312,0.9078704118728638
952,1166.86328125,289.69769287109375,0.9810347557067871,1096.80029296875,357.06732177734375,0.9846103191375732,1154.95361328125,473.15679931640625,0.9899970293045044,957.2696533203125,470.78973388671875,0.9718093872070312,980.0238647460938,555.0997314453125,0.950782060623169
953,1167.7547607421875,290.77001953125,0.9737282991409302,1096.979248046875,356.60650634765625,0.986204981803894,1152.75634765625,472.55743408203125,0.9852958917617798,953.2802124023438,469.0322265625,0.9632257223129272,976.2135620117188,555.6328735351562,0.9114871621131897
954,1169.534423828125,292.8443908691406,0.980494499206543,1097.1322021484375,356.6802673339844,0.9870316982269287,1151.5443115234375,471.79339599609375,0.9828842282295227,950.262939453125,467.7502136230469,0.9561201333999634,969.9801025390625,554.96435546875,0.9044560194015503
955,1169.8602294921875,293.3315734863281,0.9797828197479248,1097.3408203125,356.5166931152344,0.9874303936958313,1150.415283203125,471.79736328125,0.9753788709640503,943.7633666992188,466.0646667480469,0.9622591733932495,962.6338500976562,554.0297241210938,0.9421178698539734
956,1171.212158203125,294.6780700683594,0.9743998646736145,1097.4676513671875,356.5972900390625,0.9872893691062927,1148.0484619140625,471.4003601074219,0.9830637574195862,940.4000244140625,463.7212219238281,0.9714385271072388,957.8892822265625,553.4210205078125,0.8991860151290894
957,1171.1217041015625,294.7912902832031,0.9756052494049072,1097.5001220703125,356.2926330566406,0.9881784319877625,1146.1485595703125,471.10650634765625,0.9839090704917908,936.9390869140625,461.64093017578125,0.9618195295333862,953.0648803710938,553.7828979492188,0.9097692966461182
958,1171.8785400390625,295.16009521484375,0.973994791507721,1097.352783203125,356.1613464355469,0.9876842498779297,1144.0623779296875,471.53277587890625,0.9873700141906738,933.3659057617188,459.6383972167969,0.9641651511192322,946.404296875,553.5167236328125,0.9178832173347473
959,1171.7852783203125,295.8191223144531,0.973678469657898,1097.28564453125,356.0726013183594,0.9883592128753662,1142.221923828125,471.32342529296875,0.9893745183944702,929.7599487304688,457.747802734375,0.9657216668128967,940.3931884765625,552.8208618164062,0.8862249851226807
960,1171.8846435546875,296.2584533691406,0.9599528312683105,1097.0093994140625,356.2210998535156,0.9866971969604492,1140.7529296875,470.7466125488281,0.9862847328186035,925.8284301757812,458.02301025390625,0.9789751768112183,934.322998046875,550.7817993164062,0.9164257049560547
961,1171.549560546875,296.7135925292969,0.9568029642105103,1096.716552734375,356.1681213378906,0.9852620959281921,1139.2850341796875,469.4887390136719,0.9819446802139282,922.5980224609375,457.1151123046875,0.9743417501449585,929.3566284179688,549.9671630859375,0.9204189777374268
962,1171.3609619140625,296.6620788574219,0.9635769128799438,1096.298095703125,356.15093994140625,0.98265540599823,1137.300537109375,469.057373046875,0.9782626032829285,920.3837890625,456.754150390625,0.9577199220657349,923.4422607421875,549.72900390625,0.8987588882446289
963,1171.447265625,296.8258972167969,0.9689384698867798,1095.680908203125,356.0392150878906,0.9817017316818237,1136.2333984375,468.8934631347656,0.9751787185668945,917.943603515625,455.4554748535156,0.9568980932235718,918.4917602539062,548.9669189453125,0.9310485124588013
964,1171.58154296875,296.6387634277344,0.9716267585754395,1095.29150390625,356.0013732910156,0.9839444160461426,1134.571044921875,468.1387023925781,0.977691650390625,915.6615600585938,454.8029479980469,0.9609459638595581,913.2466430664062,547.9822387695312,0.9360736608505249
965,1170.9876708984375,296.1252746582031,0.9746997356414795,1094.6966552734375,355.93817138671875,0.984740138053894,1133.0908203125,467.4806823730469,0.9809993505477905,912.5652465820312,453.7425537109375,0.9550706744194031,907.0130004882812,548.5546264648438,0.9037623405456543
966,1171.3857421875,296.8028259277344,0.9799840450286865,1094.2095947265625,355.7721862792969,0.9855462312698364,1131.3846435546875,466.7862548828125,0.982038676738739,910.4758911132812,453.4367980957031,0.9715033769607544,902.2950439453125,547.9923706054688,0.9367257356643677
967,1170.3583984375,296.4195556640625,0.9849728345870972,1093.86328125,355.3879699707031,0.9863319396972656,1130.1541748046875,465.9020080566406,0.9779838919639587,908.8447875976562,452.33349609375,0.9776697158813477,897.3197631835938,546.35302734375,0.9279502630233765
968,1170.4306640625,295.891845703125,0.9883105158805847,1093.548095703125,354.6680908203125,0.9868026971817017,1128.5377197265625,466.2556457519531,0.9761866331100464,908.3396606445312,450.5984191894531,0.9749103784561157,892.8469848632812,547.3069458007812,0.9212726950645447
969,1170.0257568359375,293.9205017089844,0.9831499457359314,1093.729736328125,354.03662109375,0.9850443005561829,1127.759033203125,465.7886657714844,0.9783705472946167,908.52685546875,447.9039001464844,0.9705976247787476,887.25390625,544.3836059570312,0.9255800247192383
970,1169.927978515625,293.9231872558594,0.9832761883735657,1093.6319580078125,353.4562683105469,0.9833359122276306,1129.5997314453125,465.0486755371094,0.9780243635177612,909.4060668945312,444.6775817871094,0.9772390127182007,884.0000610351562,540.7835693359375,0.9321983456611633
971,1169.980712890625,292.5018005371094,0.9764807224273682,1094.047119140625,352.64373779296875,0.9839215278625488,1129.9998779296875,465.29937744140625,0.9802989959716797,911.6717529296875,441.9436950683594,0.9803634285926819,882.2423095703125,534.3362426757812,0.9204480648040771
972,1169.9818115234375,291.8728332519531,0.9803966283798218,1094.4931640625,352.4158630371094,0.9805273413658142,1132.287109375,466.2908630371094,0.9841932058334351,916.2086181640625,439.01947021484375,0.9680944681167603,880.1563720703125,529.6922607421875,0.9058146476745605
973,1169.3702392578125,291.8049621582031,0.983558177947998,1094.4569091796875,351.40606689453125,0.9813948273658752,1135.5255126953125,467.83489990234375,0.9773765802383423,921.7973022460938,434.1744689941406,0.9730468988418579,879.4168090820312,525.0634155273438,0.9238462448120117
974,1169.166259765625,292.5288391113281,0.9798779487609863,1095.169921875,350.8407897949219,0.9798406362533569,1139.0975341796875,469.6011657714844,0.9849100112915039,930.1493530273438,429.0749816894531,0.9721850156784058,883.2223510742188,517.6534423828125,0.9056057929992676
975,1167.706787109375,291.512939453125,0.9777082204818726,1096.5599365234375,349.93682861328125,0.9780499935150146,1143.6563720703125,471.6937255859375,0.982879638671875,936.9987182617188,425.1443786621094,0.9760227203369141,885.8661499023438,513.3558349609375,0.9071773886680603
976,1167.3638916015625,291.15576171875,0.973921537399292,1097.5628662109375,348.7120361328125,0.9841033220291138,1148.100341796875,471.2513427734375,0.9856321811676025,947.1614990234375,416.6375427246094,0.9572198390960693,894.0960083007812,508.7071533203125,0.8340814709663391
977,1166.9171142578125,290.6162414550781,0.9798626899719238,1098.7730712890625,347.3973083496094,0.9888134002685547,1151.78662109375,471.0279846191406,0.9711899757385254,957.2733764648438,412.6584777832031,0.9764019250869751,905.1696166992188,501.1952819824219,0.889686107635498
978,1166.1663818359375,290.018310546875,0.9846982359886169,1099.6741943359375,346.5328063964844,0.9877917766571045,1156.884033203125,472.0806579589844,0.9900820255279541,968.0468139648438,407.4676208496094,0.9760867953300476,922.30419921875,497.240234375,0.9160873889923096
979,1165.560546875,289.4359436035156,0.9852328300476074,1101.8126220703125,345.256103515625,0.9746600389480591,1162.6627197265625,470.1771240234375,0.9871126413345337,978.9783325195312,403.39453125,0.9666595458984375,942.8200073242188,492.3482360839844,0.9245938062667847
980,1165.00830078125,287.8205871582031,0.9787642955780029,1103.9268798828125,343.19805908203125,0.9710782170295715,1167.99853515625,467.8891906738281,0.9849380254745483,987.85205078125,402.38262939453125,0.9884622693061829,963.4949340820312,492.1531677246094,0.9492186307907104
981,1164.8875732421875,285.675048828125,0.9764138460159302,1106.597900390625,341.7765197753906,0.9863677024841309,1172.784912109375,468.2790832519531,0.9892013072967529,997.259521484375,402.0153503417969,0.9723489284515381,982.1124877929688,494.4770202636719,0.9345721006393433
982,1164.764892578125,285.2718200683594,0.9788025617599487,1107.5938720703125,340.69854736328125,0.9897655844688416,1179.0775146484375,465.9596862792969,0.9842838048934937,1005.1862182617188,405.91937255859375,0.9897069334983826,1006.2778930664062,498.3105773925781,0.9278963804244995
983,1164.730224609375,285.1797180175781,0.97894686460495,1108.8680419921875,340.2597351074219,0.9897127151489258,1185.179931640625,466.10504150390625,0.9797611236572266,1013.3014526367188,408.5380554199219,0.9890221357345581,1025.796630859375,498.78125,0.9416165351867676
984,1165.2008056640625,284.08740234375,0.9768019914627075,1109.9337158203125,340.66876220703125,0.985095739364624,1190.973876953125,463.1609802246094,0.9819459319114685,1021.817138671875,414.845947265625,0.9876503944396973,1044.6260986328125,501.03448486328125,0.9489722847938538
985,1166.55615234375,283.737548828125,0.9738631248474121,1110.836181640625,341.9327697753906,0.9796607494354248,1197.380126953125,462.25567626953125,0.971354603767395,1030.3011474609375,420.7322692871094,0.9830764532089233,1062.82958984375,506.8367004394531,0.9207502603530884
986,1167.5948486328125,283.0867004394531,0.979828953742981,1112.6072998046875,345.23504638671875,0.971691370010376,1204.4813232421875,460.9117736816406,0.9828104376792908,1037.87451171875,428.33380126953125,0.9852060079574585,1080.8760986328125,509.94158935546875,0.893712043762207
987,1167.6497802734375,282.5763854980469,0.9813965559005737,1114.5863037109375,347.0826721191406,0.988586962223053,1209.340087890625,460.11041259765625,0.9790908098220825,1045.880859375,436.83966064453125,0.9825477600097656,1098.8348388671875,513.9718017578125,0.9127568006515503
988,1168.374267578125,283.07916259765625,0.9868264198303223,1116.0767822265625,349.02264404296875,0.9873145222663879,1218.003173828125,459.0813903808594,0.9755100607872009,1054.00732421875,445.5205993652344,0.9791901111602783,1110.9114990234375,516.5462646484375,0.9266847372055054
989,1169.1109619140625,283.04107666015625,0.9892172813415527,1118.61279296875,351.11474609375,0.9878378510475159,1222.627197265625,458.390869140625,0.979715883731842,1063.671142578125,454.67041015625,0.9752585887908936,1126.19970703125,518.8092041015625,0.9426668882369995
990,1170.0111083984375,282.4349365234375,0.9897730350494385,1121.841796875,353.27984619140625,0.9841749668121338,1226.7791748046875,457.54168701171875,0.9703689813613892,1074.9742431640625,463.71051025390625,0.979256272315979,1141.6102294921875,521.112548828125,0.9559199213981628
991,1170.5208740234375,282.5993347167969,0.9900216460227966,1124.740478515625,355.0889587402344,0.9902825355529785,1234.5599365234375,456.2682800292969,0.9800289869308472,1084.8194580078125,473.00958251953125,0.9773985743522644,1156.524169921875,522.9033203125,0.9541388750076294
992,1171.757568359375,281.7181701660156,0.9895005226135254,1126.6241455078125,356.5350646972656,0.9839826226234436,1239.3203125,456.064697265625,0.9732681512832642,1096.385986328125,480.2459716796875,0.9717952013015747,1171.8853759765625,528.217529296875,0.9393784999847412
993,1172.9100341796875,281.61328125,0.9881476759910583,1129.033935546875,359.2759704589844,0.974159836769104,1246.2108154296875,453.876220703125,0.975341796875,1108.7850341796875,489.1719665527344,0.9816619157791138,1187.121826171875,531.4071044921875,0.950796365737915
994,1174.1807861328125,281.066162109375,0.9884777665138245,1131.785888671875,361.517333984375,0.9780606031417847,1251.0960693359375,454.3724670410156,0.9850196838378906,1123.519287109375,497.56378173828125,0.9800050258636475,1202.8360595703125,535.1060791015625,0.9426604509353638
995,1175.5361328125,280.3329772949219,0.9866693615913391,1136.9302978515625,362.3382873535156,0.9813189506530762,1258.3431396484375,452.1474304199219,0.9777241945266724,1138.74169921875,504.9476623535156,0.9808428287506104,1219.16015625,538.201904296875,0.9319857954978943
996,1176.4561767578125,279.946044921875,0.9900375604629517,1140.7884521484375,362.8909606933594,0.9885188341140747,1263.69189453125,451.49285888671875,0.9723520278930664,1155.2669677734375,511.947998046875,0.9795575737953186,1238.170654296875,540.6836547851562,0.9422638416290283
997,1178.0755615234375,278.98291015625,0.9923337697982788,1144.9581298828125,363.40570068359375,0.9799119234085083,1269.094482421875,450.4522705078125,0.9757056832313538,1171.60205078125,517.6196899414062,0.9735063910484314,1255.409912109375,541.9531860351562,0.9228494763374329
998,1180.3907470703125,278.330810546875,0.9924325942993164,1147.76318359375,364.76458740234375,0.986014723777771,1276.2386474609375,447.4109802246094,0.9719507694244385,1187.3056640625,522.1734619140625,0.9899988174438477,1274.52734375,542.2550659179688,0.9354404211044312
999,1182.2921142578125,277.38671875,0.9905341267585754,1152.7667236328125,365.8026123046875,0.9781773090362549,1281.548583984375,445.8934020996094,0.973680853843689,1203.7989501953125,526.36865234375,0.9821773767471313,1291.5703125,544.2185668945312,0.9245622158050537
